                [38;2;0;0;0m██[38;2;0;0;0m██                          
              [38;2;0;0;0m██[38;2;65;65;65m██[38;2;197;173;49m██[38;2;0;0;0m██[38;2;0;0;0m██[38;2;0;0;0m██                    
              [38;2;0;0;0m██[38;2;197;173;49m██[38;2;156;132;58m██[38;2;156;132;58m██[38;2;247;222;66m██[38;2;247;222;66m██[38;2;0;0;0m██[38;2;0;0;0m██[38;2;0;0;0m██[38;2;0;0;0m██[38;2;0;0;0m██          
              [38;2;0;0;0m██[38;2;156;132;58m██[38;2;247;222;66m██[38;2;247;222;66m██[38;2;247;222;66m██[38;2;247;222;66m██[38;2;247;222;66m██[38;2;65;65;65m██[38;2;197;173;49m██[38;2;247;222;66m██[38;2;0;0;0m██          
              [38;2;0;0;0m██[38;2;247;222;66m██[38;2;247;222;66m██[38;2;247;222;66m██[38;2;247;222;66m██[38;2;247;222;66m██[38;2;247;222;66m██[38;2;247;222;66m██[38;2;247;222;66m██[38;2;197;165;115m██[38;2;0;0;0m██      [38;2;0;0;0m██  
            [38;2;0;0;0m██[38;2;247;222;66m██[38;2;247;222;66m██[38;2;247;222;66m██[38;2;247;222;66m██[38;2;247;222;66m██[38;2;247;222;66m██[38;2;247;222;66m██[38;2;247;222;66m██[38;2;197;165;115m██[38;2;0;0;0m██      [38;2;0;0;0m██[38;2;247;222;66m██[38;2;0;0;0m██
            [38;2;0;0;0m██[38;2;0;0;0m██[38;2;247;222;66m██[38;2;247;222;66m██[38;2;247;222;66m██[38;2;247;222;66m██[38;2;247;222;66m██[38;2;247;222;66m██[38;2;247;222;66m██[38;2;197;173;49m██[38;2;197;173;49m██[38;2;0;0;0m██    [38;2;0;0;0m██[38;2;247;222;66m██[38;2;0;0;0m██
            [38;2;0;0;0m██[38;2;197;173;49m██[38;2;156;132;58m██[38;2;247;222;66m██[38;2;247;222;66m██[38;2;247;222;66m██[38;2;0;0;0m██[38;2;0;0;0m██[38;2;197;173;49m██[38;2;197;173;49m██[38;2;197;173;49m██[38;2;0;0;0m██    [38;2;0;0;0m██[38;2;247;222;66m██[38;2;0;0;0m██
          [38;2;0;0;0m██[38;2;123;82;58m██[38;2;65;65;65m██[38;2;197;173;49m██[38;2;247;222;66m██[38;2;247;222;66m██[38;2;156;132;58m██[38;2;197;173;49m██[38;2;197;173;49m██[38;2;197;173;49m██[38;2;0;0;0m██[38;2;0;0;0m██    [38;2;0;0;0m██[38;2;156;115;58m██[38;2;156;115;58m██[38;2;0;0;0m██
            [38;2;0;0;0m██[38;2;123;82;58m██[38;2;65;65;65m██[38;2;255;255;255m██[38;2;255;255;255m██[38;2;197;173;49m██[38;2;197;173;49m██[38;2;65;65;65m██[38;2;65;65;65m██[38;2;0;0;0m██      [38;2;0;0;0m██[38;2;247;222;66m██[38;2;156;115;58m██[38;2;0;0;0m██
          [38;2;0;0;0m██[38;2;156;132;58m██[38;2;197;173;49m██[38;2;65;65;65m██[38;2;65;65;65m██[38;2;65;65;65m██[38;2;65;65;65m██[38;2;65;65;65m██[38;2;65;65;65m██[38;2;156;115;58m██[38;2;156;115;58m██[38;2;0;0;0m██  [38;2;0;0;0m██[38;2;247;222;66m██[38;2;247;222;66m██[38;2;0;0;0m██  
  [38;2;0;0;0m██[38;2;0;0;0m██[38;2;0;0;0m██[38;2;0;0;0m██[38;2;65;65;65m██[38;2;197;173;49m██[38;2;65;65;65m██[38;2;65;65;65m██[38;2;156;115;58m██[38;2;156;115;58m██[38;2;65;65;65m██[38;2;65;65;65m██[38;2;156;115;58m██[38;2;156;115;58m██[38;2;156;115;58m██[38;2;156;115;58m██[38;2;0;0;0m██[38;2;197;173;49m██[38;2;247;222;66m██[38;2;197;173;49m██[38;2;0;0;0m██  
[38;2;0;0;0m██[38;2;197;173;49m██[38;2;197;173;49m██[38;2;65;65;65m██[38;2;247;222;66m██[38;2;247;222;66m██[38;2;65;65;65m██[38;2;65;65;65m██[38;2;197;173;49m██[38;2;197;173;49m██[38;2;156;115;58m██[38;2;156;115;58m██[38;2;65;65;65m██[38;2;65;65;65m██[38;2;156;115;58m██[38;2;247;222;66m██[38;2;65;65;65m██[38;2;197;173;49m██[38;2;197;173;49m██[38;2;197;173;49m██[38;2;0;0;0m██    
[38;2;0;0;0m██[38;2;65;65;65m██[38;2;197;173;49m██[38;2;197;173;49m██[38;2;65;65;65m██[38;2;247;222;66m██[38;2;197;173;49m██[38;2;247;222;66m██[38;2;65;65;65m██[38;2;247;222;66m██[38;2;197;173;49m██[38;2;65;65;65m██[38;2;197;173;49m██[38;2;156;132;58m██[38;2;65;65;65m██[38;2;197;173;49m██[38;2;197;173;49m██[38;2;65;65;65m██[38;2;65;65;65m██[38;2;0;0;0m██      
  [38;2;0;0;0m██[38;2;0;0;0m██[38;2;0;0;0m██[38;2;0;0;0m██[38;2;247;222;66m██[38;2;247;222;66m██[38;2;247;222;66m██[38;2;197;173;49m██[38;2;65;65;65m██[38;2;197;173;49m██[38;2;65;65;65m██[38;2;65;65;65m██[38;2;197;173;49m██[38;2;65;65;65m██[38;2;65;65;65m██[38;2;247;222;66m██[38;2;247;222;66m██[38;2;247;222;66m██[38;2;65;65;65m██[38;2;0;0;0m██    
          [38;2;0;0;0m██[38;2;247;222;66m██[38;2;247;222;66m██[38;2;65;65;65m██[38;2;0;0;0m██[38;2;0;0;0m██[38;2;65;65;65m██[38;2;247;222;66m██[38;2;65;65;65m██[38;2;247;222;66m██[38;2;65;65;65m██[38;2;197;173;49m██[38;2;247;222;66m██[38;2;197;173;49m██[38;2;247;222;66m██[38;2;0;0;0m██    
        [38;2;0;0;0m██[38;2;247;222;66m██[38;2;247;222;66m██[38;2;65;65;65m██[38;2;0;0;0m██    [38;2;0;0;0m██[38;2;247;222;66m██[38;2;247;222;66m██[38;2;247;222;66m██[38;2;0;0;0m██[38;2;0;0;0m██[38;2;0;0;0m██[38;2;0;0;0m██[38;2;0;0;0m██      
          [38;2;0;0;0m██[38;2;0;0;0m██[38;2;0;0;0m██      [38;2;0;0;0m██[38;2;197;173;49m██[38;2;247;222;66m██[38;2;197;173;49m██[38;2;0;0;0m██              
                        [38;2;0;0;0m██[38;2;197;173;49m██[38;2;0;0;0m██                
                        [38;2;0;0;0m██[38;2;247;222;66m██[38;2;0;0;0m██                
                          [38;2;0;0;0m██                  
