        [38;2;0;0;0m██                                                    
      [38;2;0;0;0m██[38;2;123;123;123m██[38;2;0;0;0m██                [38;2;0;0;0m██[38;2;0;0;0m██[38;2;0;0;0m██[38;2;0;0;0m██                          
      [38;2;0;0;0m██[38;2;123;123;123m██[38;2;123;123;123m██[38;2;0;0;0m██          [38;2;0;0;0m██[38;2;0;0;0m██[38;2;255;255;255m██[38;2;255;255;255m██[38;2;255;255;255m██[38;2;189;189;181m██[38;2;0;0;0m██                        
      [38;2;0;0;0m██[38;2;123;123;123m██[38;2;123;123;123m██[38;2;0;0;0m██      [38;2;0;0;0m██[38;2;0;0;0m██[38;2;255;255;255m██[38;2;255;255;255m██[38;2;255;255;255m██[38;2;189;189;181m██[38;2;65;65;65m██[38;2;255;255;255m██[38;2;0;0;0m██                        
      [38;2;0;0;0m██[38;2;65;65;65m██[38;2;65;65;65m██[38;2;0;0;0m██[38;2;0;0;0m██  [38;2;0;0;0m██[38;2;255;255;255m██[38;2;255;255;255m██[38;2;255;255;255m██[38;2;255;255;255m██[38;2;255;255;255m██[38;2;255;255;255m██[38;2;255;255;255m██[38;2;255;255;255m██[38;2;0;0;0m██    [38;2;0;0;0m██                  
    [38;2;0;0;0m██[38;2;189;189;181m██[38;2;189;189;181m██[38;2;189;189;181m██[38;2;189;189;181m██[38;2;189;189;181m██[38;2;65;65;65m██[38;2;255;255;255m██[38;2;255;255;255m██[38;2;255;255;255m██[38;2;189;189;181m██[38;2;65;65;65m██[38;2;65;65;65m██[38;2;255;255;255m██[38;2;255;255;255m██[38;2;0;0;0m██    [38;2;0;0;0m██[38;2;123;123;123m██[38;2;0;0;0m██                
      [38;2;0;0;0m██[38;2;65;65;65m██[38;2;189;189;181m██[38;2;189;189;181m██[38;2;65;65;65m██[38;2;255;255;255m██[38;2;255;255;255m██[38;2;65;65;65m██[38;2;65;65;65m██[38;2;65;65;65m██[38;2;255;255;255m██[38;2;156;156;156m██[38;2;65;65;65m██[38;2;255;255;255m██[38;2;65;65;65m██[38;2;0;0;0m██[38;2;0;0;0m██[38;2;123;123;123m██[38;2;123;123;123m██[38;2;0;0;0m██                
      [38;2;0;0;0m██[38;2;255;255;255m██[38;2;65;65;65m██[38;2;123;123;123m██[38;2;65;65;65m██[38;2;255;255;255m██[38;2;65;65;65m██[38;2;255;255;255m██[38;2;255;255;255m██[38;2;255;255;255m██[38;2;255;255;255m██[38;2;255;255;255m██[38;2;65;65;65m██[38;2;255;255;255m██[38;2;65;65;65m██[38;2;189;189;181m██[38;2;65;65;65m██[38;2;123;123;123m██[38;2;123;123;123m██[38;2;123;123;123m██[38;2;0;0;0m██              
      [38;2;0;0;0m██[38;2;255;255;255m██[38;2;255;255;255m██[38;2;65;65;65m██[38;2;255;255;255m██[38;2;255;255;255m██[38;2;255;255;255m██[38;2;65;65;65m██[38;2;65;65;65m██[38;2;65;65;65m██[38;2;255;255;255m██[38;2;156;156;156m██[38;2;65;65;65m██[38;2;65;65;65m██[38;2;189;189;181m██[38;2;189;189;181m██[38;2;189;189;181m██[38;2;65;65;65m██[38;2;123;123;123m██[38;2;123;123;123m██[38;2;65;65;65m██[38;2;0;0;0m██            
      [38;2;0;0;0m██[38;2;255;255;255m██[38;2;255;255;255m██[38;2;255;255;255m██[38;2;189;189;181m██[38;2;255;255;255m██[38;2;255;255;255m██[38;2;255;255;255m██[38;2;255;255;255m██[38;2;189;189;181m██[38;2;65;65;65m██[38;2;65;65;65m██[38;2;255;255;255m██[38;2;65;65;65m██[38;2;65;65;65m██[38;2;189;189;181m██[38;2;65;65;65m██[38;2;65;65;65m██[38;2;123;123;123m██[38;2;65;65;65m██[38;2;189;189;181m██[38;2;189;189;181m██[38;2;0;0;0m██          
[38;2;0;0;0m██[38;2;0;0;0m██  [38;2;0;0;0m██[38;2;255;255;255m██[38;2;65;65;65m██[38;2;65;65;65m██[38;2;255;255;255m██[38;2;255;255;255m██[38;2;255;255;255m██[38;2;65;65;65m██[38;2;65;65;65m██[38;2;255;255;255m██[38;2;255;255;255m██[38;2;255;255;255m██[38;2;65;65;65m██[38;2;65;65;65m██[38;2;65;65;65m██[38;2;65;65;65m██[38;2;123;123;123m██[38;2;123;123;123m██[38;2;123;123;123m██[38;2;65;65;65m██[38;2;123;123;123m██[38;2;189;189;181m██[38;2;189;189;181m██[38;2;0;0;0m██        
[38;2;0;0;0m██[38;2;189;189;181m██[38;2;0;0;0m██[38;2;0;0;0m██[38;2;255;255;255m██[38;2;65;65;65m██[38;2;65;65;65m██[38;2;255;255;255m██[38;2;65;65;65m██[38;2;0;0;0m██[38;2;74;173;247m██[38;2;65;65;65m██[38;2;65;65;65m██[38;2;189;189;181m██[38;2;255;255;255m██[38;2;65;65;65m██[38;2;65;65;65m██[38;2;65;65;65m██[38;2;123;123;123m██[38;2;123;123;123m██[38;2;123;123;123m██[38;2;65;65;65m██[38;2;189;189;181m██[38;2;65;65;65m██[38;2;65;65;65m██[38;2;0;0;0m██          
  [38;2;0;0;0m██[38;2;123;123;123m██[38;2;0;0;0m██[38;2;65;65;65m██[38;2;255;255;255m██[38;2;255;255;255m██[38;2;65;65;65m██[38;2;189;189;181m██[38;2;74;173;247m██[38;2;74;173;247m██[38;2;65;65;65m██[38;2;189;189;181m██[38;2;65;65;65m██[38;2;65;65;65m██[38;2;123;123;123m██[38;2;65;65;65m██[38;2;123;123;123m██[38;2;123;123;123m██[38;2;123;123;123m██[38;2;65;65;65m██[38;2;65;65;65m██[38;2;189;189;181m██[38;2;189;189;181m██[38;2;0;0;0m██            
    [38;2;0;0;0m██[38;2;189;189;181m██[38;2;65;65;65m██[38;2;255;255;255m██[38;2;255;255;255m██[38;2;65;65;65m██[38;2;189;189;181m██[38;2;189;189;181m██[38;2;65;65;65m██[38;2;189;189;181m██[38;2;189;189;181m██[38;2;65;65;65m██[38;2;255;255;255m██[38;2;255;255;255m██[38;2;65;65;65m██[38;2;123;123;123m██[38;2;123;123;123m██[38;2;65;65;65m██[38;2;123;123;123m██[38;2;123;123;123m██[38;2;65;65;65m██[38;2;189;189;181m██[38;2;189;189;181m██[38;2;0;0;0m██  [38;2;0;0;0m██[38;2;0;0;0m██    
  [38;2;0;0;0m██[38;2;123;123;123m██[38;2;189;189;181m██[38;2;189;189;181m██[38;2;65;65;65m██[38;2;255;255;255m██[38;2;65;65;65m██[38;2;255;255;255m██[38;2;65;65;65m██[38;2;65;65;65m██[38;2;255;255;255m██[38;2;65;65;65m██[38;2;255;255;255m██[38;2;255;255;255m██[38;2;189;189;181m██[38;2;189;189;181m██[38;2;65;65;65m██[38;2;123;123;123m██[38;2;65;65;65m██[38;2;123;123;123m██[38;2;65;65;65m██[38;2;65;65;65m██[38;2;65;65;65m██[38;2;189;189;181m██[38;2;0;0;0m██[38;2;0;0;0m██[38;2;255;255;255m██[38;2;0;0;0m██    
  [38;2;0;0;0m██[38;2;189;189;181m██[38;2;189;189;181m██[38;2;189;189;181m██[38;2;0;0;0m██[38;2;0;0;0m██[38;2;65;65;65m██[38;2;65;65;65m██[38;2;255;255;255m██[38;2;255;255;255m██[38;2;255;255;255m██[38;2;65;65;65m██[38;2;189;189;181m██[38;2;189;189;181m██[38;2;189;189;181m██[38;2;65;65;65m██[38;2;65;65;65m██[38;2;65;65;65m██[38;2;189;189;181m██[38;2;65;65;65m██[38;2;65;65;65m██[38;2;255;255;255m██[38;2;255;255;255m██[38;2;65;65;65m██[38;2;65;65;65m██[38;2;255;255;255m██[38;2;0;0;0m██      
[38;2;0;0;0m██[38;2;123;123;123m██[38;2;65;65;65m██[38;2;189;189;181m██[38;2;0;0;0m██  [38;2;0;0;0m██[38;2;65;65;65m██[38;2;255;255;255m██[38;2;255;255;255m██[38;2;65;65;65m██[38;2;65;65;65m██[38;2;189;189;181m██[38;2;189;189;181m██[38;2;189;189;181m██[38;2;65;65;65m██[38;2;123;123;123m██[38;2;65;65;65m██[38;2;189;189;181m██[38;2;189;189;181m██[38;2;65;65;65m██[38;2;255;255;255m██[38;2;255;255;255m██[38;2;65;65;65m██[38;2;65;65;65m██[38;2;189;189;181m██[38;2;65;65;65m██[38;2;0;0;0m██      
[38;2;0;0;0m██[38;2;189;189;181m██[38;2;123;123;123m██[38;2;0;0;0m██    [38;2;0;0;0m██[38;2;156;156;156m██[38;2;65;65;65m██[38;2;255;255;255m██[38;2;65;65;65m██[38;2;189;189;181m██[38;2;189;189;181m██[38;2;65;65;65m██[38;2;65;65;65m██[38;2;123;123;123m██[38;2;65;65;65m██[38;2;65;65;65m██[38;2;189;189;181m██[38;2;189;189;181m██[38;2;65;65;65m██[38;2;255;255;255m██[38;2;255;255;255m██[38;2;123;123;123m██[38;2;65;65;65m██[38;2;65;65;65m██[38;2;123;123;123m██[38;2;189;189;181m██[38;2;0;0;0m██[38;2;0;0;0m██  
  [38;2;0;0;0m██[38;2;0;0;0m██    [38;2;0;0;0m██[38;2;156;156;156m██[38;2;156;156;156m██[38;2;156;156;156m██[38;2;65;65;65m██[38;2;189;189;181m██[38;2;65;65;65m██[38;2;65;65;65m██[38;2;189;189;181m██[38;2;189;189;181m██[38;2;65;65;65m██[38;2;65;65;65m██[38;2;189;189;181m██[38;2;65;65;65m██[38;2;65;65;65m██[38;2;65;65;65m██[38;2;255;255;255m██[38;2;255;255;255m██[38;2;255;255;255m██[38;2;255;255;255m██[38;2;65;65;65m██[38;2;189;189;181m██[38;2;123;123;123m██[38;2;189;189;181m██[38;2;123;123;123m██[38;2;0;0;0m██
          [38;2;0;0;0m██[38;2;156;156;156m██[38;2;156;156;156m██[38;2;156;156;156m██[38;2;65;65;65m██[38;2;65;65;65m██[38;2;189;189;181m██[38;2;189;189;181m██[38;2;189;189;181m██[38;2;189;189;181m██[38;2;189;189;181m██[38;2;189;189;181m██[38;2;65;65;65m██[38;2;255;255;255m██[38;2;255;255;255m██[38;2;255;255;255m██[38;2;65;65;65m██[38;2;255;255;255m██[38;2;255;255;255m██[38;2;123;123;123m██[38;2;65;65;65m██[38;2;189;189;181m██[38;2;123;123;123m██[38;2;189;189;181m██[38;2;0;0;0m██  
          [38;2;0;0;0m██[38;2;65;65;65m██[38;2;156;156;156m██[38;2;65;65;65m██[38;2;156;156;156m██[38;2;65;65;65m██[38;2;123;123;123m██[38;2;189;189;181m██[38;2;189;189;181m██[38;2;123;123;123m██[38;2;123;123;123m██[38;2;65;65;65m██[38;2;255;255;255m██[38;2;255;255;255m██[38;2;255;255;255m██[38;2;255;255;255m██[38;2;255;255;255m██[38;2;65;65;65m██[38;2;123;123;123m██[38;2;255;255;255m██[38;2;65;65;65m██[38;2;123;123;123m██[38;2;0;0;0m██[38;2;0;0;0m██    
            [38;2;0;0;0m██[38;2;65;65;65m██[38;2;156;156;156m██[38;2;156;156;156m██[38;2;156;156;156m██[38;2;0;0;0m██[38;2;0;0;0m██[38;2;123;123;123m██[38;2;189;189;181m██[38;2;189;189;181m██[38;2;65;65;65m██[38;2;255;255;255m██[38;2;255;255;255m██[38;2;255;255;255m██[38;2;255;255;255m██[38;2;255;255;255m██[38;2;65;65;65m██[38;2;255;255;255m██[38;2;0;0;0m██[38;2;0;0;0m██[38;2;0;0;0m██        
          [38;2;0;0;0m██[38;2;189;189;181m██[38;2;65;65;65m██[38;2;156;156;156m██[38;2;0;0;0m██[38;2;0;0;0m██    [38;2;0;0;0m██[38;2;0;0;0m██[38;2;0;0;0m██[38;2;0;0;0m██[38;2;123;123;123m██[38;2;123;123;123m██[38;2;255;255;255m██[38;2;255;255;255m██[38;2;123;123;123m██[38;2;123;123;123m██[38;2;0;0;0m██              
            [38;2;0;0;0m██[38;2;0;0;0m██[38;2;0;0;0m██                [38;2;0;0;0m██[38;2;189;189;181m██[38;2;123;123;123m██[38;2;123;123;123m██[38;2;189;189;181m██[38;2;123;123;123m██[38;2;0;0;0m██              
                                  [38;2;0;0;0m██[38;2;65;65;65m██[38;2;255;255;255m██[38;2;0;0;0m██[38;2;255;255;255m██[38;2;0;0;0m██                
                                    [38;2;0;0;0m██[38;2;0;0;0m██  [38;2;0;0;0m██[38;2;0;0;0m██                
