              [38;2;0;0;0m██[38;2;0;0;0m██        
            [38;2;0;0;0m██[38;2;255;181;214m██[38;2;255;181;214m██[38;2;0;0;0m██      
          [38;2;0;0;0m██[38;2;255;181;214m██[38;2;255;181;214m██[38;2;255;181;214m██[38;2;0;0;0m██      
      [38;2;0;0;0m██[38;2;0;0;0m██[38;2;255;181;214m██[38;2;255;181;214m██[38;2;247;148;189m██[38;2;239;115;156m██[38;2;0;0;0m██      
    [38;2;0;0;0m██[38;2;255;181;214m██[38;2;65;65;65m██[38;2;255;181;214m██[38;2;239;115;156m██[38;2;239;115;156m██[38;2;239;115;156m██[38;2;0;0;0m██      
    [38;2;65;65;65m██[38;2;255;181;214m██[38;2;132;107;132m██[38;2;239;115;156m██[38;2;239;115;156m██[38;2;239;115;156m██[38;2;0;0;0m██        
  [38;2;0;0;0m██[38;2;255;181;214m██[38;2;239;115;156m██[38;2;239;115;156m██[38;2;239;115;156m██[38;2;239;115;156m██[38;2;65;65;65m██[38;2;65;65;65m██[38;2;0;0;0m██      
  [38;2;0;0;0m██[38;2;247;148;189m██[38;2;239;115;156m██[38;2;239;115;156m██[38;2;132;107;132m██[38;2;132;107;132m██[38;2;255;181;214m██[38;2;239;115;156m██[38;2;239;115;156m██[38;2;0;0;0m██    
  [38;2;0;0;0m██[38;2;239;115;156m██[38;2;239;115;156m██[38;2;132;107;132m██[38;2;255;181;214m██[38;2;255;181;214m██[38;2;255;181;214m██[38;2;255;181;214m██[38;2;239;115;156m██[38;2;239;115;156m██[38;2;0;0;0m██  
  [38;2;0;0;0m██[38;2;239;115;156m██[38;2;132;107;132m██[38;2;247;206;230m██[38;2;255;181;214m██[38;2;255;181;214m██[38;2;255;181;214m██[38;2;255;181;214m██[38;2;247;148;189m██[38;2;239;115;156m██[38;2;0;0;0m██  
  [38;2;65;65;65m██[38;2;0;0;0m██[38;2;247;206;230m██[38;2;255;181;214m██[38;2;255;181;214m██[38;2;255;181;214m██[38;2;239;115;156m██[38;2;247;148;189m██[38;2;255;181;214m██[38;2;239;115;156m██[38;2;0;0;0m██  
  [38;2;0;0;0m██[38;2;247;206;230m██[38;2;247;206;230m██[38;2;255;181;214m██[38;2;255;181;214m██[38;2;255;181;214m██[38;2;239;115;156m██[38;2;239;115;156m██[38;2;255;181;214m██[38;2;0;0;0m██    
  [38;2;0;0;0m██[38;2;247;206;230m██[38;2;255;181;214m██[38;2;255;181;214m██[38;2;255;181;214m██[38;2;41;123;156m██[38;2;255;181;214m██[38;2;239;115;156m██[38;2;255;181;214m██[38;2;239;115;156m██[38;2;0;0;0m██  
[38;2;0;0;0m██[38;2;247;206;230m██[38;2;255;181;214m██[38;2;255;181;214m██[38;2;255;181;214m██[38;2;41;123;156m██[38;2;41;123;156m██[38;2;255;181;214m██[38;2;247;148;189m██[38;2;255;181;214m██[38;2;239;115;156m██[38;2;0;0;0m██  
[38;2;0;0;0m██[38;2;247;206;230m██[38;2;255;181;214m██[38;2;255;181;214m██[38;2;41;123;156m██[38;2;0;0;0m██[38;2;255;255;255m██[38;2;255;181;214m██[38;2;255;181;214m██[38;2;247;148;189m██[38;2;239;115;156m██[38;2;0;0;0m██  
[38;2;0;0;0m██[38;2;255;181;214m██[38;2;255;181;214m██[38;2;255;181;214m██[38;2;41;123;156m██[38;2;247;140;41m██[38;2;255;255;255m██[38;2;255;181;214m██[38;2;255;181;214m██[38;2;239;115;156m██[38;2;0;0;0m██    
  [38;2;0;0;0m██[38;2;255;181;214m██[38;2;255;181;214m██[38;2;255;181;214m██[38;2;255;255;255m██[38;2;255;181;214m██[38;2;255;181;214m██[38;2;247;148;189m██[38;2;65;65;65m██[38;2;239;115;156m██[38;2;0;0;0m██  
    [38;2;0;0;0m██[38;2;0;0;0m██[38;2;255;181;214m██[38;2;255;181;214m██[38;2;255;181;214m██[38;2;132;107;132m██[38;2;132;107;132m██[38;2;239;115;156m██[38;2;239;115;156m██[38;2;0;0;0m██  
        [38;2;0;0;0m██[38;2;132;107;132m██[38;2;132;107;132m██[38;2;239;115;156m██[38;2;239;115;156m██[38;2;239;115;156m██[38;2;239;115;156m██[38;2;247;148;189m██[38;2;0;0;0m██
        [38;2;0;0;0m██[38;2;239;115;156m██[38;2;239;115;156m██[38;2;132;107;132m██[38;2;239;115;156m██[38;2;239;115;156m██[38;2;247;148;189m██[38;2;255;181;214m██[38;2;0;0;0m██
          [38;2;0;0;0m██[38;2;247;148;189m██[38;2;255;181;214m██[38;2;0;0;0m██[38;2;255;181;214m██[38;2;255;181;214m██[38;2;255;181;214m██[38;2;0;0;0m██
            [38;2;0;0;0m██[38;2;0;0;0m██  [38;2;0;0;0m██[38;2;0;0;0m██[38;2;0;0;0m██  
