                  [38;2;0;0;0m██[38;2;0;0;0m██[38;2;0;0;0m██                              
              [38;2;0;0;0m██[38;2;0;0;0m██[38;2;255;255;255m██[38;2;255;255;255m██[38;2;139;148;156m██[38;2;0;0;0m██[38;2;0;0;0m██                          
            [38;2;0;0;0m██[38;2;255;255;255m██[38;2;255;255;255m██[38;2;255;255;255m██[38;2;255;255;255m██[38;2;189;205;230m██[38;2;255;255;255m██[38;2;189;205;230m██[38;2;0;0;0m██  [38;2;0;0;0m██[38;2;0;0;0m██[38;2;0;0;0m██[38;2;0;0;0m██              
        [38;2;0;0;0m██[38;2;0;0;0m██[38;2;255;255;255m██[38;2;255;255;255m██[38;2;90;139;189m██[38;2;90;139;189m██[38;2;255;255;255m██[38;2;189;205;230m██[38;2;255;255;255m██[38;2;255;255;255m██[38;2;255;255;255m██[38;2;0;0;0m██[38;2;255;255;255m██[38;2;255;255;255m██[38;2;255;255;255m██[38;2;189;205;230m██[38;2;0;0;0m██            
      [38;2;0;0;0m██[38;2;189;205;230m██[38;2;139;148;156m██[38;2;255;255;255m██[38;2;90;139;189m██[38;2;164;205;255m██[38;2;65;65;65m██[38;2;255;255;255m██[38;2;255;255;255m██[38;2;189;205;230m██[38;2;255;255;255m██[38;2;255;255;255m██[38;2;255;255;255m██[38;2;65;65;65m██[38;2;255;255;255m██[38;2;255;255;255m██[38;2;255;255;255m██[38;2;255;255;255m██[38;2;0;0;0m██          
      [38;2;0;0;0m██[38;2;189;205;230m██[38;2;189;205;230m██[38;2;90;139;189m██[38;2;164;205;255m██[38;2;65;65;65m██[38;2;189;205;230m██[38;2;255;255;255m██[38;2;255;255;255m██[38;2;189;205;230m██[38;2;255;255;255m██[38;2;255;255;255m██[38;2;189;205;230m██[38;2;65;65;65m██[38;2;255;255;255m██[38;2;255;255;255m██[38;2;255;255;255m██[38;2;255;255;255m██[38;2;139;148;156m██[38;2;0;0;0m██[38;2;0;0;0m██      
      [38;2;0;0;0m██[38;2;189;205;230m██[38;2;189;205;230m██[38;2;90;139;189m██[38;2;123;172;230m██[38;2;65;65;65m██[38;2;189;205;230m██[38;2;189;205;230m██[38;2;255;255;255m██[38;2;255;255;255m██[38;2;139;148;156m██[38;2;189;205;230m██[38;2;189;205;230m██[38;2;189;205;230m██[38;2;65;65;65m██[38;2;65;65;65m██[38;2;255;255;255m██[38;2;189;205;230m██[38;2;255;255;255m██[38;2;255;255;255m██[38;2;189;205;230m██[38;2;0;0;0m██    
    [38;2;0;0;0m██[38;2;65;65;65m██[38;2;65;65;65m██[38;2;189;205;230m██[38;2;189;205;230m██[38;2;90;139;189m██[38;2;123;172;230m██[38;2;65;65;65m██[38;2;139;148;156m██[38;2;255;255;255m██[38;2;255;255;255m██[38;2;255;255;255m██[38;2;139;148;156m██[38;2;139;148;156m██[38;2;139;148;156m██[38;2;189;205;230m██[38;2;189;205;230m██[38;2;65;65;65m██[38;2;255;255;255m██[38;2;255;255;255m██[38;2;255;255;255m██[38;2;255;255;255m██[38;2;255;255;255m██[38;2;0;0;0m██  
  [38;2;0;0;0m██[38;2;189;205;230m██[38;2;255;255;255m██[38;2;255;255;255m██[38;2;65;65;65m██[38;2;65;65;65m██[38;2;164;205;255m██[38;2;164;205;255m██[38;2;164;205;255m██[38;2;164;205;255m██[38;2;139;148;156m██[38;2;255;255;255m██[38;2;255;255;255m██[38;2;255;255;255m██[38;2;189;205;230m██[38;2;189;205;230m██[38;2;189;205;230m██[38;2;189;205;230m██[38;2;65;65;65m██[38;2;255;255;255m██[38;2;255;255;255m██[38;2;255;255;255m██[38;2;255;255;255m██[38;2;255;255;255m██[38;2;148;172;213m██[38;2;0;0;0m██
[38;2;0;0;0m██[38;2;189;205;230m██[38;2;255;255;255m██[38;2;255;255;255m██[38;2;255;255;255m██[38;2;255;255;255m██[38;2;65;65;65m██[38;2;123;172;230m██[38;2;164;205;255m██[38;2;164;205;255m██[38;2;255;255;255m██[38;2;164;205;255m██[38;2;139;148;156m██[38;2;139;148;156m██[38;2;189;205;230m██[38;2;189;205;230m██[38;2;189;205;230m██[38;2;189;205;230m██[38;2;65;65;65m██[38;2;65;65;65m██[38;2;65;65;65m██[38;2;255;255;255m██[38;2;255;255;255m██[38;2;255;255;255m██[38;2;255;255;255m██[38;2;189;205;230m██[38;2;0;0;0m██
[38;2;0;0;0m██[38;2;189;205;230m██[38;2;255;255;255m██[38;2;255;255;255m██[38;2;255;255;255m██[38;2;65;65;65m██[38;2;222;238;255m██[38;2;222;238;255m██[38;2;123;172;230m██[38;2;123;172;230m██[38;2;0;0;0m██[38;2;164;205;255m██[38;2;164;205;255m██[38;2;123;172;230m██[38;2;139;148;156m██[38;2;189;205;230m██[38;2;65;65;65m██[38;2;65;65;65m██[38;2;255;255;255m██[38;2;255;255;255m██[38;2;189;205;230m██[38;2;65;65;65m██[38;2;255;255;255m██[38;2;255;255;255m██[38;2;189;205;230m██[38;2;189;205;230m██[38;2;0;0;0m██
[38;2;0;0;0m██[38;2;230;205;238m██[38;2;189;205;230m██[38;2;255;255;255m██[38;2;255;255;255m██[38;2;255;255;255m██[38;2;65;65;65m██[38;2;222;238;255m██[38;2;222;238;255m██[38;2;222;238;255m██[38;2;123;172;230m██[38;2;255;255;255m██[38;2;255;255;255m██[38;2;90;139;189m██[38;2;65;65;65m██[38;2;65;65;65m██[38;2;65;65;65m██[38;2;255;255;255m██[38;2;255;255;255m██[38;2;255;255;255m██[38;2;255;255;255m██[38;2;189;205;230m██[38;2;65;65;65m██[38;2;189;205;230m██[38;2;189;205;230m██[38;2;148;172;213m██[38;2;0;0;0m██
  [38;2;0;0;0m██[38;2;230;205;238m██[38;2;230;205;238m██[38;2;139;148;156m██[38;2;189;205;230m██[38;2;189;205;230m██[38;2;65;65;65m██[38;2;65;65;65m██[38;2;65;65;65m██[38;2;90;139;189m██[38;2;90;139;189m██[38;2;65;65;65m██[38;2;139;148;156m██[38;2;65;65;65m██[38;2;189;205;230m██[38;2;189;205;230m██[38;2;189;205;230m██[38;2;255;255;255m██[38;2;255;255;255m██[38;2;189;205;230m██[38;2;189;205;230m██[38;2;65;65;65m██[38;2;230;205;238m██[38;2;230;205;238m██[38;2;0;0;0m██  
    [38;2;0;0;0m██[38;2;0;0;0m██[38;2;0;0;0m██[38;2;230;205;238m██[38;2;189;205;230m██[38;2;189;205;230m██[38;2;189;205;230m██[38;2;65;65;65m██[38;2;255;255;255m██[38;2;255;255;255m██[38;2;189;205;230m██[38;2;65;65;65m██[38;2;189;205;230m██[38;2;255;255;255m██[38;2;255;255;255m██[38;2;189;205;230m██[38;2;189;205;230m██[38;2;189;205;230m██[38;2;189;205;230m██[38;2;230;205;238m██[38;2;65;65;65m██[38;2;65;65;65m██[38;2;0;0;0m██    
          [38;2;0;0;0m██[38;2;189;205;230m██[38;2;189;205;230m██[38;2;189;205;230m██[38;2;189;205;230m██[38;2;90;139;189m██[38;2;189;205;230m██[38;2;65;65;65m██[38;2;189;205;230m██[38;2;189;205;230m██[38;2;189;205;230m██[38;2;255;255;255m██[38;2;255;255;255m██[38;2;189;205;230m██[38;2;189;205;230m██[38;2;230;205;238m██[38;2;65;65;65m██[38;2;189;205;230m██[38;2;0;0;0m██      
      [38;2;0;0;0m██[38;2;0;0;0m██[38;2;65;65;65m██[38;2;65;65;65m██[38;2;189;205;230m██[38;2;189;205;230m██[38;2;65;65;65m██[38;2;164;205;255m██[38;2;65;65;65m██[38;2;65;65;65m██[38;2;189;205;230m██[38;2;189;205;230m██[38;2;139;148;156m██[38;2;189;205;230m██[38;2;230;205;238m██[38;2;230;205;238m██[38;2;65;65;65m██[38;2;65;65;65m██[38;2;189;205;230m██[38;2;230;205;238m██[38;2;0;0;0m██      
    [38;2;0;0;0m██[38;2;123;172;230m██[38;2;90;139;189m██[38;2;123;172;230m██[38;2;65;65;65m██[38;2;65;65;65m██[38;2;65;65;65m██[38;2;164;205;255m██[38;2;164;205;255m██[38;2;164;205;255m██[38;2;123;172;230m██[38;2;65;65;65m██[38;2;230;205;238m██[38;2;230;205;238m██[38;2;65;65;65m██[38;2;65;65;65m██[38;2;65;65;65m██[38;2;189;205;230m██[38;2;189;205;230m██[38;2;230;205;238m██[38;2;0;0;0m██        
      [38;2;0;0;0m██[38;2;0;0;0m██[38;2;90;139;189m██[38;2;90;139;189m██[38;2;65;65;65m██[38;2;164;205;255m██[38;2;164;205;255m██[38;2;164;205;255m██[38;2;164;205;255m██[38;2;123;172;230m██[38;2;123;172;230m██[38;2;65;65;65m██[38;2;65;65;65m██[38;2;189;205;230m██[38;2;189;205;230m██[38;2;189;205;230m██[38;2;189;205;230m██[38;2;189;205;230m██[38;2;0;0;0m██          
          [38;2;0;0;0m██[38;2;90;139;189m██[38;2;65;65;65m██[38;2;123;172;230m██[38;2;164;205;255m██[38;2;164;205;255m██[38;2;65;65;65m██[38;2;65;65;65m██[38;2;65;65;65m██[38;2;189;205;230m██[38;2;189;205;230m██[38;2;189;205;230m██[38;2;189;205;230m██[38;2;189;205;230m██[38;2;189;205;230m██[38;2;189;205;230m██[38;2;230;205;238m██[38;2;0;0;0m██        
            [38;2;0;0;0m██[38;2;0;0;0m██[38;2;0;0;0m██[38;2;123;172;230m██[38;2;65;65;65m██[38;2;164;205;255m██[38;2;90;139;189m██[38;2;164;205;255m██[38;2;65;65;65m██[38;2;189;205;230m██[38;2;189;205;230m██[38;2;230;205;238m██[38;2;189;205;230m██[38;2;189;205;230m██[38;2;230;205;238m██[38;2;230;205;238m██[38;2;0;0;0m██        
                  [38;2;0;0;0m██[38;2;0;0;0m██[38;2;65;65;65m██[38;2;123;172;230m██[38;2;123;172;230m██[38;2;65;65;65m██[38;2;230;205;238m██[38;2;230;205;238m██[38;2;0;0;0m██[38;2;230;205;238m██[38;2;230;205;238m██[38;2;230;205;238m██[38;2;0;0;0m██          
                      [38;2;0;0;0m██[38;2;0;0;0m██[38;2;123;172;230m██[38;2;0;0;0m██[38;2;0;0;0m██[38;2;0;0;0m██  [38;2;0;0;0m██[38;2;0;0;0m██[38;2;0;0;0m██            
                          [38;2;0;0;0m██                          
