    [38;2;0;0;0m██[38;2;0;0;0m██                          
  [38;2;0;0;0m██[38;2;181;115;107m██[38;2;222;148;132m██[38;2;0;0;0m██      [38;2;0;0;0m██[38;2;0;0;0m██              
  [38;2;0;0;0m██[38;2;222;148;132m██[38;2;222;148;132m██[38;2;65;65;65m██[38;2;0;0;0m██  [38;2;0;0;0m██[38;2;255;173;148m██[38;2;181;115;107m██[38;2;0;0;0m██            
  [38;2;0;0;0m██[38;2;222;148;132m██[38;2;222;148;132m██[38;2;181;115;107m██[38;2;222;148;132m██[38;2;0;0;0m██[38;2;0;0;0m██[38;2;255;173;148m██[38;2;255;173;148m██[38;2;0;0;0m██            
  [38;2;0;0;0m██[38;2;214;197;123m██[38;2;181;115;107m██[38;2;222;148;132m██[38;2;181;115;107m██[38;2;181;115;107m██[38;2;65;65;65m██[38;2;255;173;148m██[38;2;255;173;148m██[38;2;0;0;0m██[38;2;0;0;0m██          
  [38;2;0;0;0m██[38;2;214;197;123m██[38;2;214;197;123m██[38;2;214;197;123m██[38;2;222;148;132m██[38;2;65;65;65m██[38;2;255;230;115m██[38;2;255;173;148m██[38;2;181;115;107m██[38;2;255;173;148m██[38;2;255;173;148m██[38;2;0;0;0m██        
[38;2;0;0;0m██[38;2;214;197;123m██[38;2;214;197;123m██[38;2;214;197;123m██[38;2;90;123;165m██[38;2;90;123;165m██[38;2;65;65;65m██[38;2;255;230;115m██[38;2;255;230;115m██[38;2;255;230;115m██[38;2;255;173;148m██[38;2;181;115;107m██[38;2;0;0;0m██        
[38;2;0;0;0m██[38;2;214;197;123m██[38;2;214;197;123m██[38;2;90;123;165m██[38;2;148;214;255m██[38;2;65;65;65m██[38;2;255;230;115m██[38;2;255;230;115m██[38;2;255;230;115m██[38;2;255;230;115m██[38;2;181;115;107m██[38;2;0;0;0m██          
[38;2;0;0;0m██[38;2;214;197;123m██[38;2;90;123;165m██[38;2;148;214;255m██[38;2;148;214;255m██[38;2;65;65;65m██[38;2;255;230;115m██[38;2;255;230;115m██[38;2;255;230;115m██[38;2;255;230;115m██[38;2;255;230;115m██[38;2;222;148;132m██[38;2;0;0;0m██        
[38;2;0;0;0m██[38;2;214;197;123m██[38;2;90;123;165m██[38;2;148;214;255m██[38;2;90;123;165m██[38;2;255;230;115m██[38;2;255;230;115m██[38;2;214;181;25m██[38;2;214;181;25m██[38;2;214;181;25m██[38;2;255;230;115m██[38;2;255;230;115m██[38;2;0;0;0m██        
  [38;2;0;0;0m██[38;2;148;214;255m██[38;2;148;214;255m██[38;2;90;123;165m██[38;2;255;255;255m██[38;2;0;0;0m██[38;2;255;255;255m██[38;2;65;65;65m██[38;2;115;173;247m██[38;2;0;0;0m██[38;2;0;0;0m██          
  [38;2;0;0;0m██[38;2;148;214;255m██[38;2;148;214;255m██[38;2;90;123;165m██[38;2;66;99;189m██[38;2;66;99;189m██[38;2;255;255;255m██[38;2;65;65;65m██[38;2;115;173;247m██[38;2;0;0;0m██            
  [38;2;0;0;0m██[38;2;90;123;165m██[38;2;148;214;255m██[38;2;148;214;255m██[38;2;65;65;65m██[38;2;66;99;189m██[38;2;65;65;65m██[38;2;115;173;247m██[38;2;115;173;247m██[38;2;0;0;0m██            
    [38;2;0;0;0m██[38;2;0;0;0m██[38;2;115;173;247m██[38;2;115;173;247m██[38;2;115;173;247m██[38;2;90;123;165m██[38;2;90;123;165m██[38;2;115;173;247m██[38;2;0;0;0m██            
        [38;2;0;0;0m██[38;2;0;0;0m██[38;2;0;0;0m██[38;2;0;0;0m██[38;2;115;173;247m██[38;2;148;214;255m██[38;2;65;65;65m██[38;2;0;0;0m██[38;2;0;0;0m██    [38;2;0;0;0m██  
              [38;2;0;0;0m██[38;2;148;214;255m██[38;2;148;214;255m██[38;2;90;123;165m██[38;2;148;214;255m██[38;2;90;123;165m██[38;2;0;0;0m██[38;2;0;0;0m██[38;2;115;173;247m██[38;2;0;0;0m██
            [38;2;0;0;0m██[38;2;148;214;255m██[38;2;148;214;255m██[38;2;115;173;247m██[38;2;90;123;165m██[38;2;148;214;255m██[38;2;148;214;255m██[38;2;90;123;165m██[38;2;115;173;247m██[38;2;115;173;247m██[38;2;0;0;0m██
          [38;2;0;0;0m██[38;2;90;123;165m██[38;2;148;214;255m██[38;2;148;214;255m██[38;2;90;123;165m██[38;2;148;214;255m██[38;2;255;255;255m██[38;2;66;99;189m██[38;2;148;214;255m██[38;2;90;123;165m██[38;2;0;0;0m██  
          [38;2;0;0;0m██[38;2;148;214;255m██[38;2;148;214;255m██[38;2;148;214;255m██[38;2;148;214;255m██[38;2;148;214;255m██[38;2;90;123;165m██[38;2;66;99;189m██[38;2;148;214;255m██[38;2;90;123;165m██[38;2;0;0;0m██  
          [38;2;0;0;0m██[38;2;90;123;165m██[38;2;148;214;255m██[38;2;148;214;255m██[38;2;148;214;255m██[38;2;148;214;255m██[38;2;148;214;255m██[38;2;148;214;255m██[38;2;90;123;165m██[38;2;0;0;0m██    
            [38;2;0;0;0m██[38;2;90;123;165m██[38;2;222;222;222m██[38;2;148;214;255m██[38;2;148;214;255m██[38;2;90;123;165m██[38;2;90;123;165m██[38;2;115;173;247m██[38;2;0;0;0m██    
            [38;2;0;0;0m██[38;2;115;173;247m██[38;2;65;65;65m██[38;2;148;214;255m██[38;2;148;214;255m██[38;2;65;65;65m██[38;2;115;173;247m██[38;2;65;65;65m██[38;2;0;0;0m██    
              [38;2;0;0;0m██[38;2;0;0;0m██[38;2;148;214;255m██[38;2;148;214;255m██[38;2;0;0;0m██[38;2;0;0;0m██[38;2;0;0;0m██      
                  [38;2;0;0;0m██[38;2;0;0;0m██            
