    [38;2;0;0;0m██[38;2;0;0;0m██                                
  [38;2;0;0;0m██[38;2;65;65;65m██[38;2;123;123;123m██[38;2;0;0;0m██                              
  [38;2;0;0;0m██[38;2;230;189;66m██[38;2;230;189;66m██[38;2;65;65;65m██[38;2;0;0;0m██[38;2;0;0;0m██[38;2;0;0;0m██                        
  [38;2;0;0;0m██[38;2;65;65;65m██[38;2;255;255;255m██[38;2;247;148;41m██[38;2;214;99;66m██[38;2;255;239;58m██[38;2;230;189;66m██[38;2;0;0;0m██                      
  [38;2;0;0;0m██[38;2;214;99;66m██[38;2;247;148;41m██[38;2;247;148;41m██[38;2;214;99;66m██[38;2;255;239;58m██[38;2;255;239;58m██[38;2;230;189;66m██[38;2;0;0;0m██[38;2;0;0;0m██[38;2;0;0;0m██                
  [38;2;0;0;0m██[38;2;255;239;58m██[38;2;214;99;66m██[38;2;214;99;66m██[38;2;255;239;58m██[38;2;255;239;58m██[38;2;255;239;58m██[38;2;65;65;65m██[38;2;123;123;123m██[38;2;255;239;58m██[38;2;123;123;123m██[38;2;0;0;0m██              
[38;2;0;0;0m██[38;2;255;255;255m██[38;2;255;239;58m██[38;2;255;239;58m██[38;2;255;239;58m██[38;2;255;239;58m██[38;2;255;239;58m██[38;2;255;239;58m██[38;2;65;65;65m██[38;2;123;123;123m██[38;2;255;239;58m██[38;2;65;65;65m██[38;2;0;0;0m██              
[38;2;0;0;0m██[38;2;0;0;0m██[38;2;255;239;58m██[38;2;255;239;58m██[38;2;255;239;58m██[38;2;255;239;58m██[38;2;255;239;58m██[38;2;230;189;66m██[38;2;156;123;66m██[38;2;65;65;65m██[38;2;230;189;66m██[38;2;0;0;0m██                
[38;2;0;0;0m██[38;2;255;239;58m██[38;2;255;239;58m██[38;2;255;239;58m██[38;2;255;255;255m██[38;2;0;0;0m██[38;2;255;239;58m██[38;2;230;189;66m██[38;2;230;189;66m██[38;2;0;0;0m██[38;2;0;0;0m██                  
[38;2;0;0;0m██[38;2;255;239;58m██[38;2;255;239;58m██[38;2;255;239;58m██[38;2;0;0;0m██[38;2;0;0;0m██[38;2;230;189;66m██[38;2;230;189;66m██[38;2;65;65;65m██[38;2;0;0;0m██                    
[38;2;0;0;0m██[38;2;230;189;66m██[38;2;255;239;58m██[38;2;255;239;58m██[38;2;255;239;58m██[38;2;255;239;58m██[38;2;156;123;66m██[38;2;65;65;65m██[38;2;230;189;66m██[38;2;0;0;0m██            [38;2;0;0;0m██[38;2;0;0;0m██    
  [38;2;0;0;0m██[38;2;65;65;65m██[38;2;65;65;65m██[38;2;65;65;65m██[38;2;65;65;65m██[38;2;65;65;65m██[38;2;230;189;66m██[38;2;65;65;65m██[38;2;65;65;65m██[38;2;0;0;0m██        [38;2;0;0;0m██[38;2;255;255;255m██[38;2;247;148;41m██[38;2;0;0;0m██  
  [38;2;0;0;0m██[38;2;230;189;66m██[38;2;230;189;66m██[38;2;230;189;66m██[38;2;65;65;65m██[38;2;65;65;65m██[38;2;65;65;65m██[38;2;65;65;65m██[38;2;230;189;66m██[38;2;0;0;0m██        [38;2;0;0;0m██[38;2;247;148;41m██[38;2;214;99;66m██[38;2;0;0;0m██  
[38;2;0;0;0m██[38;2;230;189;66m██[38;2;230;189;66m██[38;2;230;189;66m██[38;2;65;65;65m██[38;2;255;255;255m██[38;2;255;255;255m██[38;2;230;189;66m██[38;2;230;189;66m██[38;2;230;189;66m██[38;2;230;189;66m██[38;2;0;0;0m██[38;2;0;0;0m██      [38;2;0;0;0m██[38;2;65;65;65m██[38;2;0;0;0m██  
  [38;2;0;0;0m██[38;2;0;0;0m██[38;2;0;0;0m██[38;2;156;123;66m██[38;2;255;255;255m██[38;2;255;255;255m██[38;2;255;255;255m██[38;2;230;189;66m██[38;2;156;123;66m██[38;2;255;239;58m██[38;2;255;239;58m██[38;2;230;189;66m██[38;2;0;0;0m██      [38;2;0;0;0m██[38;2;230;189;66m██[38;2;0;0;0m██
      [38;2;0;0;0m██[38;2;255;255;255m██[38;2;255;255;255m██[38;2;255;255;255m██[38;2;255;255;255m██[38;2;230;189;66m██[38;2;230;189;66m██[38;2;65;65;65m██[38;2;255;239;58m██[38;2;255;239;58m██[38;2;255;239;58m██[38;2;0;0;0m██    [38;2;0;0;0m██[38;2;65;65;65m██[38;2;0;0;0m██
    [38;2;0;0;0m██[38;2;230;189;66m██[38;2;255;255;255m██[38;2;255;255;255m██[38;2;255;255;255m██[38;2;255;255;255m██[38;2;255;255;255m██[38;2;230;189;66m██[38;2;230;189;66m██[38;2;65;65;65m██[38;2;65;65;65m██[38;2;0;0;0m██    [38;2;0;0;0m██[38;2;230;189;66m██[38;2;230;189;66m██[38;2;0;0;0m██
    [38;2;0;0;0m██[38;2;230;189;66m██[38;2;189;189;189m██[38;2;255;255;255m██[38;2;255;255;255m██[38;2;255;255;255m██[38;2;255;255;255m██[38;2;230;189;66m██[38;2;230;189;66m██[38;2;255;239;58m██[38;2;156;123;66m██[38;2;230;189;66m██[38;2;0;0;0m██[38;2;0;0;0m██[38;2;65;65;65m██[38;2;65;65;65m██[38;2;230;189;66m██[38;2;0;0;0m██
      [38;2;0;0;0m██[38;2;156;123;66m██[38;2;255;255;255m██[38;2;255;255;255m██[38;2;255;255;255m██[38;2;255;255;255m██[38;2;156;123;66m██[38;2;255;239;58m██[38;2;255;239;58m██[38;2;255;239;58m██[38;2;156;123;66m██[38;2;230;189;66m██[38;2;230;189;66m██[38;2;230;189;66m██[38;2;65;65;65m██[38;2;0;0;0m██  
      [38;2;0;0;0m██[38;2;230;189;66m██[38;2;156;123;66m██[38;2;255;255;255m██[38;2;255;255;255m██[38;2;255;255;255m██[38;2;156;123;66m██[38;2;255;239;58m██[38;2;255;239;58m██[38;2;255;239;58m██[38;2;156;123;66m██[38;2;230;189;66m██[38;2;230;189;66m██[38;2;230;189;66m██[38;2;230;189;66m██[38;2;0;0;0m██  
    [38;2;0;0;0m██[38;2;255;255;255m██[38;2;255;239;58m██[38;2;230;189;66m██[38;2;0;0;0m██[38;2;0;0;0m██[38;2;189;189;189m██[38;2;189;189;189m██[38;2;156;123;66m██[38;2;255;239;58m██[38;2;230;189;66m██[38;2;156;123;66m██[38;2;230;189;66m██[38;2;230;189;66m██[38;2;0;0;0m██[38;2;0;0;0m██    
      [38;2;0;0;0m██[38;2;0;0;0m██[38;2;0;0;0m██    [38;2;0;0;0m██[38;2;0;0;0m██[38;2;65;65;65m██[38;2;230;189;66m██[38;2;156;123;66m██[38;2;230;189;66m██[38;2;0;0;0m██[38;2;0;0;0m██        
                    [38;2;0;0;0m██[38;2;255;239;58m██[38;2;255;239;58m██[38;2;0;0;0m██            
                    [38;2;0;0;0m██[38;2;255;255;255m██[38;2;230;189;66m██[38;2;0;0;0m██            
                      [38;2;0;0;0m██[38;2;0;0;0m██              
