                [38;2;0;0;0m██[38;2;0;0;0m██[38;2;0;0;0m██[38;2;0;0;0m██[38;2;0;0;0m██                              
            [38;2;0;0;0m██[38;2;0;0;0m██[38;2;180;148;205m██[38;2;180;148;205m██[38;2;180;148;205m██[38;2;180;148;205m██[38;2;180;148;205m██[38;2;0;0;0m██[38;2;0;0;0m██                          
          [38;2;0;0;0m██[38;2;180;148;205m██[38;2;180;148;205m██[38;2;180;148;205m██[38;2;180;148;205m██[38;2;180;148;205m██[38;2;180;148;205m██[38;2;180;148;205m██[38;2;180;148;205m██[38;2;180;148;205m██[38;2;0;0;0m██[38;2;0;0;0m██                      
          [38;2;0;0;0m██[38;2;180;148;205m██[38;2;180;148;205m██[38;2;180;148;205m██[38;2;180;148;205m██[38;2;180;148;205m██[38;2;180;148;205m██[38;2;180;148;205m██[38;2;180;148;205m██[38;2;180;148;205m██[38;2;180;148;205m██[38;2;180;148;205m██[38;2;0;0;0m██[38;2;0;0;0m██                  
        [38;2;0;0;0m██[38;2;180;148;205m██[38;2;180;148;205m██[38;2;180;148;205m██[38;2;180;148;205m██[38;2;180;148;205m██[38;2;180;148;205m██[38;2;180;148;205m██[38;2;180;148;205m██[38;2;180;148;205m██[38;2;180;148;205m██[38;2;180;148;205m██[38;2;180;148;205m██[38;2;180;148;205m██[38;2;180;148;205m██[38;2;0;0;0m██[38;2;0;0;0m██              
      [38;2;0;0;0m██[38;2;180;148;205m██[38;2;180;148;205m██[38;2;180;148;205m██[38;2;180;148;205m██[38;2;180;148;205m██[38;2;180;148;205m██[38;2;180;148;205m██[38;2;180;148;205m██[38;2;180;148;205m██[38;2;180;148;205m██[38;2;180;148;205m██[38;2;180;148;205m██[38;2;180;148;205m██[38;2;180;148;205m██[38;2;180;148;205m██[38;2;180;148;205m██[38;2;180;148;205m██[38;2;0;0;0m██            
      [38;2;0;0;0m██[38;2;180;148;205m██[38;2;180;148;205m██[38;2;180;148;205m██[38;2;180;148;205m██[38;2;180;148;205m██[38;2;180;148;205m██[38;2;106;74;115m██[38;2;106;74;115m██[38;2;180;148;205m██[38;2;180;148;205m██[38;2;65;65;65m██[38;2;131;98;131m██[38;2;131;98;131m██[38;2;131;98;131m██[38;2;131;98;131m██[38;2;180;148;205m██[38;2;180;148;205m██[38;2;180;148;205m██[38;2;0;0;0m██          
    [38;2;0;0;0m██[38;2;180;148;205m██[38;2;180;148;205m██[38;2;180;148;205m██[38;2;180;148;205m██[38;2;180;148;205m██[38;2;131;98;131m██[38;2;0;0;0m██[38;2;255;255;255m██[38;2;197;197;197m██[38;2;180;148;205m██[38;2;131;98;131m██[38;2;65;65;65m██[38;2;131;98;131m██[38;2;131;98;131m██[38;2;131;98;131m██[38;2;131;98;131m██[38;2;131;98;131m██[38;2;131;98;131m██[38;2;180;148;205m██[38;2;180;148;205m██[38;2;0;0;0m██        
    [38;2;0;0;0m██[38;2;180;148;205m██[38;2;180;148;205m██[38;2;180;148;205m██[38;2;180;148;205m██[38;2;65;65;65m██[38;2;197;197;197m██[38;2;65;65;65m██[38;2;255;255;255m██[38;2;131;98;131m██[38;2;131;98;131m██[38;2;65;65;65m██[38;2;131;98;131m██[38;2;131;98;131m██[38;2;131;98;131m██[38;2;106;74;115m██[38;2;65;65;65m██[38;2;65;65;65m██[38;2;131;98;131m██[38;2;131;98;131m██[38;2;180;148;205m██[38;2;0;0;0m██        
    [38;2;0;0;0m██[38;2;180;148;205m██[38;2;180;148;205m██[38;2;180;148;205m██[38;2;180;148;205m██[38;2;131;98;131m██[38;2;131;98;131m██[38;2;131;98;131m██[38;2;131;98;131m██[38;2;131;98;131m██[38;2;65;65;65m██[38;2;65;65;65m██[38;2;131;98;131m██[38;2;65;65;65m██[38;2;65;65;65m██[38;2;65;65;65m██[38;2;156;65;65m██[38;2;65;65;65m██[38;2;131;98;131m██[38;2;131;98;131m██[38;2;180;148;205m██[38;2;180;148;205m██[38;2;0;0;0m██      
      [38;2;0;0;0m██[38;2;180;148;205m██[38;2;106;74;115m██[38;2;131;98;131m██[38;2;131;98;131m██[38;2;131;98;131m██[38;2;65;65;65m██[38;2;65;65;65m██[38;2;65;65;65m██[38;2;65;65;65m██[38;2;65;65;65m██[38;2;65;65;65m██[38;2;65;65;65m██[38;2;156;65;65m██[38;2;156;65;65m██[38;2;156;65;65m██[38;2;65;65;65m██[38;2;131;98;131m██[38;2;131;98;131m██[38;2;131;98;131m██[38;2;180;148;205m██[38;2;0;0;0m██      
        [38;2;0;0;0m██[38;2;0;0;0m██[38;2;131;98;131m██[38;2;131;98;131m██[38;2;65;65;65m██[38;2;148;148;90m██[38;2;156;65;65m██[38;2;65;65;65m██[38;2;65;65;65m██[38;2;65;65;65m██[38;2;65;65;65m██[38;2;156;65;65m██[38;2;148;148;90m██[38;2;148;148;90m██[38;2;156;65;65m██[38;2;65;65;65m██[38;2;131;98;131m██[38;2;131;98;131m██[38;2;131;98;131m██[38;2;180;148;205m██[38;2;0;0;0m██      
            [38;2;0;0;0m██[38;2;0;0;0m██[38;2;65;65;65m██[38;2;65;65;65m██[38;2;238;82;82m██[38;2;238;82;82m██[38;2;65;65;65m██[38;2;180;148;205m██[38;2;65;65;65m██[38;2;238;82;82m██[38;2;255;255;0m██[38;2;148;148;90m██[38;2;156;65;65m██[38;2;65;65;65m██[38;2;131;98;131m██[38;2;131;98;131m██[38;2;180;148;205m██[38;2;180;148;205m██[38;2;0;0;0m██      
                [38;2;0;0;0m██[38;2;180;148;205m██[38;2;65;65;65m██[38;2;65;65;65m██[38;2;131;98;131m██[38;2;180;148;205m██[38;2;106;74;115m██[38;2;65;65;65m██[38;2;238;82;82m██[38;2;238;82;82m██[38;2;65;65;65m██[38;2;106;74;115m██[38;2;180;148;205m██[38;2;131;98;131m██[38;2;180;148;205m██[38;2;0;0;0m██        
                  [38;2;0;0;0m██[38;2;180;148;205m██[38;2;180;148;205m██[38;2;180;148;205m██[38;2;65;65;65m██[38;2;180;148;205m██[38;2;106;74;115m██[38;2;65;65;65m██[38;2;65;65;65m██[38;2;106;74;115m██[38;2;180;148;205m██[38;2;180;148;205m██[38;2;180;148;205m██[38;2;180;148;205m██[38;2;0;0;0m██        
                    [38;2;0;0;0m██[38;2;180;148;205m██[38;2;106;74;115m██[38;2;65;65;65m██[38;2;106;74;115m██[38;2;180;148;205m██[38;2;180;148;205m██[38;2;131;98;131m██[38;2;65;65;65m██[38;2;65;65;65m██[38;2;180;148;205m██[38;2;180;148;205m██[38;2;0;0;0m██          
                      [38;2;0;0;0m██[38;2;65;65;65m██[38;2;65;65;65m██[38;2;65;65;65m██[38;2;65;65;65m██[38;2;65;65;65m██[38;2;65;65;65m██[38;2;106;74;115m██[38;2;180;148;205m██[38;2;180;148;205m██[38;2;0;0;0m██            
      [38;2;0;0;0m██[38;2;0;0;0m██[38;2;0;0;0m██          [38;2;0;0;0m██[38;2;65;65;65m██[38;2;65;65;65m██[38;2;65;65;65m██[38;2;106;74;115m██[38;2;180;148;205m██[38;2;180;148;205m██[38;2;180;148;205m██[38;2;65;65;65m██[38;2;0;0;0m██              
  [38;2;0;0;0m██[38;2;0;0;0m██[38;2;131;98;131m██[38;2;131;98;131m██[38;2;131;98;131m██[38;2;0;0;0m██      [38;2;0;0;0m██[38;2;180;148;205m██[38;2;65;65;65m██[38;2;106;74;115m██[38;2;180;148;205m██[38;2;180;148;205m██[38;2;180;148;205m██[38;2;180;148;205m██[38;2;65;65;65m██[38;2;131;98;131m██[38;2;131;98;131m██[38;2;0;0;0m██[38;2;0;0;0m██[38;2;0;0;0m██        
[38;2;0;0;0m██[38;2;65;65;65m██[38;2;131;98;131m██[38;2;106;74;115m██[38;2;65;65;65m██[38;2;0;0;0m██      [38;2;0;0;0m██[38;2;180;148;205m██[38;2;180;148;205m██[38;2;180;148;205m██[38;2;180;148;205m██[38;2;180;148;205m██[38;2;180;148;205m██[38;2;180;148;205m██[38;2;65;65;65m██[38;2;131;98;131m██[38;2;131;98;131m██[38;2;131;98;131m██[38;2;180;148;205m██[38;2;180;148;205m██[38;2;180;148;205m██[38;2;0;0;0m██[38;2;0;0;0m██    
[38;2;0;0;0m██[38;2;131;98;131m██[38;2;106;74;115m██[38;2;131;98;131m██[38;2;131;98;131m██[38;2;131;98;131m██[38;2;0;0;0m██[38;2;0;0;0m██[38;2;0;0;0m██[38;2;65;65;65m██[38;2;131;98;131m██[38;2;180;148;205m██[38;2;180;148;205m██[38;2;180;148;205m██[38;2;180;148;205m██[38;2;180;148;205m██[38;2;131;98;131m██[38;2;65;65;65m██[38;2;131;98;131m██[38;2;131;98;131m██[38;2;180;148;205m██[38;2;180;148;205m██[38;2;180;148;205m██[38;2;180;148;205m██[38;2;180;148;205m██[38;2;65;65;65m██[38;2;0;0;0m██  
[38;2;0;0;0m██[38;2;106;74;115m██[38;2;131;98;131m██[38;2;131;98;131m██[38;2;131;98;131m██[38;2;106;74;115m██[38;2;131;98;131m██[38;2;131;98;131m██[38;2;131;98;131m██[38;2;65;65;65m██[38;2;180;148;205m██[38;2;131;98;131m██[38;2;131;98;131m██[38;2;131;98;131m██[38;2;131;98;131m██[38;2;131;98;131m██[38;2;65;65;65m██[38;2;131;98;131m██[38;2;131;98;131m██[38;2;131;98;131m██[38;2;180;148;205m██[38;2;180;148;205m██[38;2;180;148;205m██[38;2;180;148;205m██[38;2;131;98;131m██[38;2;131;98;131m██[38;2;65;65;65m██[38;2;0;0;0m██
  [38;2;0;0;0m██[38;2;131;98;131m██[38;2;131;98;131m██[38;2;106;74;115m██[38;2;131;98;131m██[38;2;131;98;131m██[38;2;131;98;131m██[38;2;65;65;65m██[38;2;180;148;205m██[38;2;180;148;205m██[38;2;180;148;205m██[38;2;180;148;205m██[38;2;180;148;205m██[38;2;180;148;205m██[38;2;180;148;205m██[38;2;65;65;65m██[38;2;131;98;131m██[38;2;131;98;131m██[38;2;131;98;131m██[38;2;106;74;115m██[38;2;180;148;205m██[38;2;131;98;131m██[38;2;131;98;131m██[38;2;131;98;131m██[38;2;131;98;131m██[38;2;131;98;131m██[38;2;0;0;0m██
    [38;2;0;0;0m██[38;2;131;98;131m██[38;2;106;74;115m██[38;2;131;98;131m██[38;2;131;98;131m██[38;2;131;98;131m██[38;2;65;65;65m██[38;2;180;148;205m██[38;2;180;148;205m██[38;2;180;148;205m██[38;2;180;148;205m██[38;2;180;148;205m██[38;2;180;148;205m██[38;2;180;148;205m██[38;2;180;148;205m██[38;2;65;65;65m██[38;2;106;74;115m██[38;2;106;74;115m██[38;2;180;148;205m██[38;2;106;74;115m██[38;2;131;98;131m██[38;2;131;98;131m██[38;2;131;98;131m██[38;2;131;98;131m██[38;2;131;98;131m██[38;2;0;0;0m██
      [38;2;0;0;0m██[38;2;0;0;0m██[38;2;0;0;0m██[38;2;131;98;131m██[38;2;131;98;131m██[38;2;65;65;65m██[38;2;131;98;131m██[38;2;180;148;205m██[38;2;180;148;205m██[38;2;180;148;205m██[38;2;180;148;205m██[38;2;180;148;205m██[38;2;131;98;131m██[38;2;131;98;131m██[38;2;180;148;205m██[38;2;106;74;115m██[38;2;180;148;205m██[38;2;131;98;131m██[38;2;180;148;205m██[38;2;106;74;115m██[38;2;131;98;131m██[38;2;131;98;131m██[38;2;131;98;131m██[38;2;131;98;131m██[38;2;0;0;0m██
            [38;2;0;0;0m██[38;2;0;0;0m██[38;2;0;0;0m██[38;2;180;148;205m██[38;2;131;98;131m██[38;2;131;98;131m██[38;2;131;98;131m██[38;2;131;98;131m██[38;2;131;98;131m██[38;2;180;148;205m██[38;2;180;148;205m██[38;2;180;148;205m██[38;2;180;148;205m██[38;2;106;74;115m██[38;2;180;148;205m██[38;2;131;98;131m██[38;2;180;148;205m██[38;2;106;74;115m██[38;2;131;98;131m██[38;2;131;98;131m██[38;2;0;0;0m██  
                  [38;2;0;0;0m██[38;2;180;148;205m██[38;2;180;148;205m██[38;2;180;148;205m██[38;2;180;148;205m██[38;2;180;148;205m██[38;2;180;148;205m██[38;2;180;148;205m██[38;2;180;148;205m██[38;2;180;148;205m██[38;2;106;74;115m██[38;2;131;98;131m██[38;2;180;148;205m██[38;2;131;98;131m██[38;2;106;74;115m██[38;2;131;98;131m██[38;2;0;0;0m██    
                    [38;2;0;0;0m██[38;2;180;148;205m██[38;2;180;148;205m██[38;2;180;148;205m██[38;2;180;148;205m██[38;2;180;148;205m██[38;2;180;148;205m██[38;2;180;148;205m██[38;2;106;74;115m██[38;2;131;98;131m██[38;2;180;148;205m██[38;2;131;98;131m██[38;2;180;148;205m██[38;2;0;0;0m██[38;2;0;0;0m██      
                      [38;2;0;0;0m██[38;2;0;0;0m██[38;2;180;148;205m██[38;2;180;148;205m██[38;2;180;148;205m██[38;2;106;74;115m██[38;2;106;74;115m██[38;2;131;98;131m██[38;2;180;148;205m██[38;2;131;98;131m██[38;2;0;0;0m██[38;2;0;0;0m██          
                          [38;2;0;0;0m██[38;2;0;0;0m██[38;2;0;0;0m██[38;2;0;0;0m██[38;2;0;0;0m██[38;2;0;0;0m██[38;2;0;0;0m██[38;2;0;0;0m██              
