                          [38;2;0;0;0m██[38;2;0;0;0m██[38;2;0;0;0m██                        
                      [38;2;0;0;0m██[38;2;0;0;0m██[38;2;255;255;255m██[38;2;255;255;255m██[38;2;0;0;0m██                        
                    [38;2;0;0;0m██[38;2;255;255;255m██[38;2;255;255;255m██[38;2;255;255;255m██[38;2;0;0;0m██                          
    [38;2;0;0;0m██            [38;2;0;0;0m██[38;2;255;255;255m██[38;2;255;255;255m██[38;2;255;255;255m██[38;2;115;115;99m██[38;2;0;0;0m██                          
  [38;2;0;0;0m██[38;2;189;189;189m██[38;2;0;0;0m██      [38;2;0;0;0m██[38;2;0;0;0m██[38;2;255;255;255m██[38;2;65;65;65m██[38;2;255;255;255m██[38;2;255;255;255m██[38;2;65;65;65m██[38;2;0;0;0m██                          
  [38;2;0;0;0m██[38;2;189;189;189m██[38;2;189;189;189m██[38;2;0;0;0m██[38;2;0;0;0m██[38;2;0;0;0m██[38;2;255;255;255m██[38;2;255;255;255m██[38;2;65;65;65m██[38;2;255;255;255m██[38;2;0;0;0m██[38;2;189;189;189m██[38;2;65;65;65m██[38;2;0;0;0m██                          
  [38;2;0;0;0m██[38;2;189;189;189m██[38;2;115;115;99m██[38;2;255;255;255m██[38;2;255;255;255m██[38;2;255;255;255m██[38;2;255;255;255m██[38;2;65;65;65m██[38;2;255;255;255m██[38;2;255;255;255m██[38;2;0;0;0m██[38;2;65;65;65m██[38;2;0;0;0m██                      [38;2;0;0;0m██[38;2;0;0;0m██  
    [38;2;65;65;65m██[38;2;255;255;255m██[38;2;255;255;255m██[38;2;255;255;255m██[38;2;255;255;255m██[38;2;255;255;255m██[38;2;65;65;65m██[38;2;255;255;255m██[38;2;255;255;255m██[38;2;0;0;0m██[38;2;65;65;65m██[38;2;0;0;0m██                  [38;2;0;0;0m██[38;2;0;0;0m██[38;2;255;255;255m██[38;2;255;255;255m██[38;2;0;0;0m██
  [38;2;0;0;0m██[38;2;0;0;0m██[38;2;255;255;255m██[38;2;255;255;255m██[38;2;255;255;255m██[38;2;255;255;255m██[38;2;65;65;65m██[38;2;255;255;255m██[38;2;255;255;255m██[38;2;255;255;255m██[38;2;0;0;0m██[38;2;0;0;0m██    [38;2;0;0;0m██[38;2;0;0;0m██    [38;2;0;0;0m██[38;2;0;0;0m██  [38;2;0;0;0m██[38;2;255;255;255m██[38;2;255;255;255m██[38;2;255;255;255m██[38;2;0;0;0m██  
  [38;2;0;0;0m██[38;2;255;255;255m██[38;2;255;255;255m██[38;2;255;255;255m██[38;2;255;255;255m██[38;2;255;255;255m██[38;2;255;255;255m██[38;2;255;255;255m██[38;2;255;255;255m██[38;2;255;255;255m██[38;2;0;0;0m██    [38;2;0;0;0m██[38;2;148;169;217m██[38;2;255;255;255m██[38;2;0;0;0m██[38;2;0;0;0m██[38;2;255;255;255m██[38;2;0;0;0m██[38;2;65;65;65m██[38;2;255;255;255m██[38;2;255;255;255m██[38;2;189;189;189m██[38;2;0;0;0m██    
[38;2;0;0;0m██[38;2;114;135;183m██[38;2;255;255;255m██[38;2;255;255;255m██[38;2;255;255;255m██[38;2;255;255;255m██[38;2;255;255;255m██[38;2;255;255;255m██[38;2;255;255;255m██[38;2;255;255;255m██[38;2;255;255;255m██[38;2;0;0;0m██      [38;2;0;0;0m██[38;2;114;135;183m██[38;2;255;255;255m██[38;2;148;169;217m██[38;2;114;135;183m██[38;2;65;65;65m██[38;2;255;255;255m██[38;2;255;255;255m██[38;2;189;189;189m██[38;2;65;65;65m██[38;2;0;0;0m██    
[38;2;0;0;0m██[38;2;148;169;217m██[38;2;114;135;183m██[38;2;255;255;255m██[38;2;255;255;255m██[38;2;255;255;255m██[38;2;255;255;255m██[38;2;171;171;171m██[38;2;65;65;65m██[38;2;255;255;255m██[38;2;255;255;255m██[38;2;65;65;65m██[38;2;0;0;0m██[38;2;0;0;0m██    [38;2;0;0;0m██[38;2;171;171;171m██[38;2;148;169;217m██[38;2;65;65;65m██[38;2;189;189;189m██[38;2;189;189;189m██[38;2;189;189;189m██[38;2;65;65;65m██[38;2;0;0;0m██      
[38;2;0;0;0m██[38;2;148;169;217m██[38;2;114;135;183m██[38;2;255;255;255m██[38;2;255;255;255m██[38;2;189;189;189m██[38;2;214;99;66m██[38;2;171;171;171m██[38;2;65;65;65m██[38;2;255;255;255m██[38;2;65;65;65m██[38;2;65;65;65m██[38;2;95;116;164m██[38;2;114;135;183m██[38;2;0;0;0m██[38;2;0;0;0m██[38;2;148;169;217m██[38;2;148;169;217m██[38;2;148;169;217m██[38;2;65;65;65m██[38;2;189;189;189m██[38;2;189;189;189m██[38;2;65;65;65m██[38;2;65;65;65m██[38;2;0;0;0m██      
[38;2;0;0;0m██[38;2;148;169;217m██[38;2;114;135;183m██[38;2;255;255;255m██[38;2;115;115;99m██[38;2;65;65;65m██[38;2;0;0;0m██[38;2;0;0;0m██[38;2;171;171;171m██[38;2;189;189;189m██[38;2;65;65;65m██[38;2;189;189;189m██[38;2;65;65;65m██[38;2;65;65;65m██[38;2;148;169;217m██[38;2;148;169;217m██[38;2;114;135;183m██[38;2;65;65;65m██[38;2;148;169;217m██[38;2;114;135;183m██[38;2;65;65;65m██[38;2;65;65;65m██[38;2;65;65;65m██[38;2;0;0;0m██        
  [38;2;0;0;0m██[38;2;0;0;0m██[38;2;0;0;0m██[38;2;65;65;65m██[38;2;0;0;0m██[38;2;0;0;0m██[38;2;65;65;65m██[38;2;189;189;189m██[38;2;189;189;189m██[38;2;65;65;65m██[38;2;255;255;255m██[38;2;255;255;255m██[38;2;95;116;164m██[38;2;65;65;65m██[38;2;114;135;183m██[38;2;65;65;65m██[38;2;189;189;189m██[38;2;65;65;65m██[38;2;148;169;217m██[38;2;65;65;65m██[38;2;189;189;189m██[38;2;0;0;0m██          
        [38;2;0;0;0m██[38;2;189;189;189m██[38;2;255;255;255m██[38;2;255;255;255m██[38;2;65;65;65m██[38;2;65;65;65m██[38;2;189;189;189m██[38;2;255;255;255m██[38;2;255;255;255m██[38;2;255;255;255m██[38;2;65;65;65m██[38;2;148;169;217m██[38;2;65;65;65m██[38;2;189;189;189m██[38;2;65;65;65m██[38;2;255;255;255m██[38;2;65;65;65m██[38;2;189;189;189m██[38;2;65;65;65m██[38;2;0;0;0m██        
          [38;2;0;0;0m██[38;2;0;0;0m██[38;2;65;65;65m██[38;2;0;0;0m██[38;2;189;189;189m██[38;2;255;255;255m██[38;2;255;255;255m██[38;2;255;255;255m██[38;2;115;115;99m██[38;2;114;135;183m██[38;2;148;169;217m██[38;2;148;169;217m██[38;2;65;65;65m██[38;2;114;135;183m██[38;2;148;169;217m██[38;2;65;65;65m██[38;2;189;189;189m██[38;2;189;189;189m██[38;2;189;189;189m██[38;2;0;0;0m██      
            [38;2;0;0;0m██[38;2;189;189;189m██[38;2;255;255;255m██[38;2;189;189;189m██[38;2;255;255;255m██[38;2;255;255;255m██[38;2;115;115;99m██[38;2;148;169;217m██[38;2;148;169;217m██[38;2;65;65;65m██[38;2;148;169;217m██[38;2;65;65;65m██[38;2;148;169;217m██[38;2;114;135;183m██[38;2;65;65;65m██[38;2;115;115;99m██[38;2;189;189;189m██[38;2;0;0;0m██        
          [38;2;0;0;0m██[38;2;189;189;189m██[38;2;65;65;65m██[38;2;189;189;189m██[38;2;115;115;99m██[38;2;255;255;255m██[38;2;255;255;255m██[38;2;189;189;189m██[38;2;65;65;65m██[38;2;65;65;65m██[38;2;115;115;99m██[38;2;114;135;183m██[38;2;114;135;183m██[38;2;148;169;217m██[38;2;65;65;65m██[38;2;189;189;189m██[38;2;189;189;189m██[38;2;0;0;0m██          
        [38;2;0;0;0m██[38;2;189;189;189m██[38;2;65;65;65m██[38;2;115;115;99m██[38;2;115;115;99m██[38;2;65;65;65m██[38;2;255;255;255m██[38;2;255;255;255m██[38;2;255;255;255m██[38;2;189;189;189m██[38;2;0;0;0m██[38;2;95;116;164m██[38;2;0;0;0m██[38;2;171;171;171m██[38;2;148;169;217m██[38;2;65;65;65m██[38;2;189;189;189m██[38;2;95;116;164m██[38;2;189;189;189m██[38;2;0;0;0m██        
        [38;2;0;0;0m██[38;2;115;115;99m██[38;2;65;65;65m██[38;2;115;115;99m██[38;2;115;115;99m██[38;2;65;65;65m██[38;2;189;189;189m██[38;2;255;255;255m██[38;2;65;65;65m██[38;2;0;0;0m██  [38;2;0;0;0m██[38;2;65;65;65m██[38;2;157;157;157m██[38;2;148;169;217m██[38;2;114;135;183m██[38;2;65;65;65m██[38;2;114;135;183m██[38;2;95;116;164m██[38;2;0;0;0m██        
          [38;2;0;0;0m██[38;2;114;135;183m██[38;2;65;65;65m██[38;2;65;65;65m██[38;2;255;255;255m██[38;2;115;115;99m██[38;2;115;115;99m██[38;2;255;255;255m██[38;2;0;0;0m██    [38;2;0;0;0m██[38;2;148;169;217m██[38;2;0;0;0m██[38;2;148;169;217m██[38;2;65;65;65m██[38;2;0;0;0m██[38;2;114;135;183m██[38;2;0;0;0m██        
          [38;2;0;0;0m██[38;2;114;135;183m██[38;2;0;0;0m██[38;2;0;0;0m██[38;2;114;135;183m██[38;2;255;255;255m██[38;2;189;189;189m██[38;2;0;0;0m██        [38;2;0;0;0m██  [38;2;0;0;0m██[38;2;0;0;0m██  [38;2;0;0;0m██[38;2;0;0;0m██        
            [38;2;0;0;0m██  [38;2;0;0;0m██[38;2;148;169;217m██[38;2;114;135;183m██[38;2;189;189;189m██[38;2;0;0;0m██                              
                  [38;2;0;0;0m██[38;2;148;169;217m██[38;2;0;0;0m██                                
                  [38;2;0;0;0m██[38;2;148;169;217m██[38;2;0;0;0m██                                
                    [38;2;0;0;0m██                                  
