                          [38;2;0;0;0m██[38;2;0;0;0m██[38;2;0;0;0m██                        
                      [38;2;0;0;0m██[38;2;0;0;0m██[38;2;255;255;255m██[38;2;255;255;255m██[38;2;0;0;0m██                        
                    [38;2;0;0;0m██[38;2;255;255;255m██[38;2;255;255;255m██[38;2;255;255;255m██[38;2;0;0;0m██                          
    [38;2;0;0;0m██            [38;2;0;0;0m██[38;2;255;255;255m██[38;2;255;255;255m██[38;2;255;255;255m██[38;2;115;115;99m██[38;2;0;0;0m██                          
  [38;2;0;0;0m██[38;2;189;189;189m██[38;2;0;0;0m██      [38;2;0;0;0m██[38;2;0;0;0m██[38;2;255;255;255m██[38;2;65;65;65m██[38;2;255;255;255m██[38;2;255;255;255m██[38;2;65;65;65m██[38;2;0;0;0m██                          
  [38;2;0;0;0m██[38;2;189;189;189m██[38;2;189;189;189m██[38;2;0;0;0m██[38;2;0;0;0m██[38;2;0;0;0m██[38;2;255;255;255m██[38;2;255;255;255m██[38;2;65;65;65m██[38;2;255;255;255m██[38;2;0;0;0m██[38;2;189;189;189m██[38;2;65;65;65m██[38;2;0;0;0m██                          
  [38;2;0;0;0m██[38;2;189;189;189m██[38;2;115;115;99m██[38;2;255;255;255m██[38;2;255;255;255m██[38;2;255;255;255m██[38;2;255;255;255m██[38;2;65;65;65m██[38;2;255;255;255m██[38;2;255;255;255m██[38;2;0;0;0m██[38;2;65;65;65m██[38;2;0;0;0m██                      [38;2;0;0;0m██[38;2;0;0;0m██  
    [38;2;65;65;65m██[38;2;255;255;255m██[38;2;255;255;255m██[38;2;255;255;255m██[38;2;255;255;255m██[38;2;255;255;255m██[38;2;65;65;65m██[38;2;255;255;255m██[38;2;255;255;255m██[38;2;0;0;0m██[38;2;65;65;65m██[38;2;0;0;0m██                  [38;2;0;0;0m██[38;2;0;0;0m██[38;2;255;255;255m██[38;2;255;255;255m██[38;2;0;0;0m██
  [38;2;0;0;0m██[38;2;0;0;0m██[38;2;255;255;255m██[38;2;255;255;255m██[38;2;255;255;255m██[38;2;255;255;255m██[38;2;65;65;65m██[38;2;255;255;255m██[38;2;255;255;255m██[38;2;255;255;255m██[38;2;0;0;0m██[38;2;0;0;0m██    [38;2;0;0;0m██[38;2;0;0;0m██    [38;2;0;0;0m██[38;2;0;0;0m██  [38;2;0;0;0m██[38;2;255;255;255m██[38;2;255;255;255m██[38;2;255;255;255m██[38;2;0;0;0m██  
  [38;2;0;0;0m██[38;2;255;255;255m██[38;2;255;255;255m██[38;2;255;255;255m██[38;2;255;255;255m██[38;2;255;255;255m██[38;2;255;255;255m██[38;2;255;255;255m██[38;2;255;255;255m██[38;2;255;255;255m██[38;2;0;0;0m██    [38;2;0;0;0m██[38;2;255;88;91m██[38;2;255;255;255m██[38;2;0;0;0m██[38;2;0;0;0m██[38;2;255;255;255m██[38;2;0;0;0m██[38;2;65;65;65m██[38;2;255;255;255m██[38;2;255;255;255m██[38;2;189;189;189m██[38;2;0;0;0m██    
[38;2;0;0;0m██[38;2;220;37;39m██[38;2;255;255;255m██[38;2;255;255;255m██[38;2;255;255;255m██[38;2;255;255;255m██[38;2;255;255;255m██[38;2;255;255;255m██[38;2;255;255;255m██[38;2;255;255;255m██[38;2;255;255;255m██[38;2;0;0;0m██      [38;2;0;0;0m██[38;2;220;37;39m██[38;2;255;255;255m██[38;2;255;88;91m██[38;2;220;37;39m██[38;2;65;65;65m██[38;2;255;255;255m██[38;2;255;255;255m██[38;2;189;189;189m██[38;2;65;65;65m██[38;2;0;0;0m██    
[38;2;0;0;0m██[38;2;255;88;91m██[38;2;220;37;39m██[38;2;255;255;255m██[38;2;255;255;255m██[38;2;255;255;255m██[38;2;255;255;255m██[38;2;248;174;34m██[38;2;65;65;65m██[38;2;255;255;255m██[38;2;255;255;255m██[38;2;65;65;65m██[38;2;0;0;0m██[38;2;0;0;0m██    [38;2;0;0;0m██[38;2;248;174;34m██[38;2;255;88;91m██[38;2;65;65;65m██[38;2;189;189;189m██[38;2;189;189;189m██[38;2;189;189;189m██[38;2;65;65;65m██[38;2;0;0;0m██      
[38;2;0;0;0m██[38;2;255;88;91m██[38;2;220;37;39m██[38;2;255;255;255m██[38;2;255;255;255m██[38;2;189;189;189m██[38;2;214;99;66m██[38;2;248;174;34m██[38;2;65;65;65m██[38;2;255;255;255m██[38;2;65;65;65m██[38;2;65;65;65m██[38;2;199;16;18m██[38;2;220;37;39m██[38;2;0;0;0m██[38;2;0;0;0m██[38;2;255;88;91m██[38;2;255;88;91m██[38;2;255;88;91m██[38;2;65;65;65m██[38;2;189;189;189m██[38;2;189;189;189m██[38;2;65;65;65m██[38;2;65;65;65m██[38;2;0;0;0m██      
[38;2;0;0;0m██[38;2;255;88;91m██[38;2;220;37;39m██[38;2;255;255;255m██[38;2;115;115;99m██[38;2;65;65;65m██[38;2;0;0;0m██[38;2;0;0;0m██[38;2;248;174;34m██[38;2;189;189;189m██[38;2;65;65;65m██[38;2;189;189;189m██[38;2;65;65;65m██[38;2;65;65;65m██[38;2;255;88;91m██[38;2;255;88;91m██[38;2;220;37;39m██[38;2;65;65;65m██[38;2;255;88;91m██[38;2;220;37;39m██[38;2;65;65;65m██[38;2;65;65;65m██[38;2;65;65;65m██[38;2;0;0;0m██        
  [38;2;0;0;0m██[38;2;0;0;0m██[38;2;0;0;0m██[38;2;65;65;65m██[38;2;0;0;0m██[38;2;0;0;0m██[38;2;65;65;65m██[38;2;189;189;189m██[38;2;189;189;189m██[38;2;65;65;65m██[38;2;255;255;255m██[38;2;255;255;255m██[38;2;199;16;18m██[38;2;65;65;65m██[38;2;220;37;39m██[38;2;65;65;65m██[38;2;189;189;189m██[38;2;65;65;65m██[38;2;255;88;91m██[38;2;65;65;65m██[38;2;189;189;189m██[38;2;0;0;0m██          
        [38;2;0;0;0m██[38;2;189;189;189m██[38;2;255;255;255m██[38;2;255;255;255m██[38;2;65;65;65m██[38;2;65;65;65m██[38;2;189;189;189m██[38;2;255;255;255m██[38;2;255;255;255m██[38;2;255;255;255m██[38;2;65;65;65m██[38;2;255;88;91m██[38;2;65;65;65m██[38;2;189;189;189m██[38;2;65;65;65m██[38;2;255;255;255m██[38;2;65;65;65m██[38;2;189;189;189m██[38;2;65;65;65m██[38;2;0;0;0m██        
          [38;2;0;0;0m██[38;2;0;0;0m██[38;2;65;65;65m██[38;2;0;0;0m██[38;2;189;189;189m██[38;2;255;255;255m██[38;2;255;255;255m██[38;2;255;255;255m██[38;2;115;115;99m██[38;2;220;37;39m██[38;2;255;88;91m██[38;2;255;88;91m██[38;2;65;65;65m██[38;2;220;37;39m██[38;2;255;88;91m██[38;2;65;65;65m██[38;2;189;189;189m██[38;2;189;189;189m██[38;2;189;189;189m██[38;2;0;0;0m██      
            [38;2;0;0;0m██[38;2;189;189;189m██[38;2;255;255;255m██[38;2;189;189;189m██[38;2;255;255;255m██[38;2;255;255;255m██[38;2;115;115;99m██[38;2;255;88;91m██[38;2;255;88;91m██[38;2;65;65;65m██[38;2;255;88;91m██[38;2;65;65;65m██[38;2;255;88;91m██[38;2;220;37;39m██[38;2;65;65;65m██[38;2;115;115;99m██[38;2;189;189;189m██[38;2;0;0;0m██        
          [38;2;0;0;0m██[38;2;189;189;189m██[38;2;65;65;65m██[38;2;189;189;189m██[38;2;115;115;99m██[38;2;255;255;255m██[38;2;255;255;255m██[38;2;189;189;189m██[38;2;65;65;65m██[38;2;65;65;65m██[38;2;115;115;99m██[38;2;220;37;39m██[38;2;220;37;39m██[38;2;255;88;91m██[38;2;65;65;65m██[38;2;189;189;189m██[38;2;189;189;189m██[38;2;0;0;0m██          
        [38;2;0;0;0m██[38;2;189;189;189m██[38;2;65;65;65m██[38;2;115;115;99m██[38;2;115;115;99m██[38;2;65;65;65m██[38;2;255;255;255m██[38;2;255;255;255m██[38;2;255;255;255m██[38;2;189;189;189m██[38;2;0;0;0m██[38;2;199;16;18m██[38;2;0;0;0m██[38;2;248;174;34m██[38;2;255;88;91m██[38;2;65;65;65m██[38;2;189;189;189m██[38;2;199;16;18m██[38;2;189;189;189m██[38;2;0;0;0m██        
        [38;2;0;0;0m██[38;2;115;115;99m██[38;2;65;65;65m██[38;2;115;115;99m██[38;2;115;115;99m██[38;2;65;65;65m██[38;2;189;189;189m██[38;2;255;255;255m██[38;2;65;65;65m██[38;2;0;0;0m██  [38;2;0;0;0m██[38;2;65;65;65m██[38;2;189;132;28m██[38;2;255;88;91m██[38;2;220;37;39m██[38;2;65;65;65m██[38;2;220;37;39m██[38;2;199;16;18m██[38;2;0;0;0m██        
          [38;2;0;0;0m██[38;2;220;37;39m██[38;2;65;65;65m██[38;2;65;65;65m██[38;2;255;255;255m██[38;2;115;115;99m██[38;2;115;115;99m██[38;2;255;255;255m██[38;2;0;0;0m██    [38;2;0;0;0m██[38;2;255;88;91m██[38;2;0;0;0m██[38;2;255;88;91m██[38;2;65;65;65m██[38;2;0;0;0m██[38;2;220;37;39m██[38;2;0;0;0m██        
          [38;2;0;0;0m██[38;2;220;37;39m██[38;2;0;0;0m██[38;2;0;0;0m██[38;2;220;37;39m██[38;2;255;255;255m██[38;2;189;189;189m██[38;2;0;0;0m██        [38;2;0;0;0m██  [38;2;0;0;0m██[38;2;0;0;0m██  [38;2;0;0;0m██[38;2;0;0;0m██        
            [38;2;0;0;0m██  [38;2;0;0;0m██[38;2;255;88;91m██[38;2;220;37;39m██[38;2;189;189;189m██[38;2;0;0;0m██                              
                  [38;2;0;0;0m██[38;2;255;88;91m██[38;2;0;0;0m██                                
                  [38;2;0;0;0m██[38;2;255;88;91m██[38;2;0;0;0m██                                
                    [38;2;0;0;0m██                                  
