          [38;2;0;0;0m██[38;2;0;0;0m██[38;2;0;0;0m██[38;2;0;0;0m██                  [38;2;0;0;0m██[38;2;0;0;0m██[38;2;0;0;0m██
      [38;2;0;0;0m██[38;2;0;0;0m██[38;2;90;156;255m██[38;2;90;156;255m██[38;2;90;156;255m██[38;2;90;156;255m██[38;2;0;0;0m██            [38;2;0;0;0m██[38;2;0;0;0m██[38;2;90;156;255m██[38;2;90;156;255m██[38;2;0;0;0m██
    [38;2;0;0;0m██[38;2;214;90;74m██[38;2;90;156;255m██[38;2;90;156;255m██[38;2;90;156;255m██[38;2;90;156;255m██[38;2;90;156;255m██[38;2;90;156;255m██[38;2;0;0;0m██        [38;2;0;0;0m██[38;2;90;156;255m██[38;2;90;156;255m██[38;2;90;156;255m██[38;2;0;0;0m██  
  [38;2;0;0;0m██[38;2;214;90;74m██[38;2;214;90;74m██[38;2;214;90;74m██[38;2;214;90;74m██[38;2;90;156;255m██[38;2;255;255;255m██[38;2;90;156;255m██[38;2;90;156;255m██[38;2;0;0;0m██  [38;2;0;0;0m██    [38;2;0;0;0m██[38;2;214;90;74m██[38;2;90;156;255m██[38;2;0;0;0m██    
[38;2;0;0;0m██[38;2;214;90;74m██[38;2;214;90;74m██[38;2;214;90;74m██[38;2;214;90;74m██[38;2;214;90;74m██[38;2;255;255;255m██[38;2;0;0;0m██[38;2;255;255;255m██[38;2;90;156;255m██[38;2;148;66;58m██[38;2;0;0;0m██[38;2;214;90;74m██[38;2;0;0;0m██[38;2;0;0;0m██[38;2;214;90;74m██[38;2;0;0;0m██[38;2;0;0;0m██      
[38;2;0;0;0m██[38;2;214;90;74m██[38;2;148;66;58m██[38;2;214;90;74m██[38;2;214;90;74m██[38;2;214;90;74m██[38;2;255;255;255m██[38;2;0;0;0m██[38;2;255;255;255m██[38;2;90;156;255m██[38;2;214;90;74m██[38;2;65;65;65m██[38;2;214;90;74m██[38;2;148;66;58m██[38;2;214;90;74m██[38;2;0;0;0m██          
[38;2;0;0;0m██[38;2;214;90;74m██[38;2;214;90;74m██[38;2;214;90;74m██[38;2;65;65;65m██[38;2;255;255;255m██[38;2;214;90;74m██[38;2;255;255;255m██[38;2;90;156;255m██[38;2;82;107;165m██[38;2;214;90;74m██[38;2;206;148;33m██[38;2;206;148;33m██[38;2;214;90;74m██[38;2;148;66;58m██[38;2;0;0;0m██          
  [38;2;0;0;0m██[38;2;255;255;255m██[38;2;65;65;65m██[38;2;214;90;74m██[38;2;214;90;74m██[38;2;65;65;65m██[38;2;90;156;255m██[38;2;214;90;74m██[38;2;214;90;74m██[38;2;65;65;65m██[38;2;65;65;65m██[38;2;206;148;33m██[38;2;65;65;65m██[38;2;214;90;74m██[38;2;82;107;165m██[38;2;0;0;0m██        
    [38;2;0;0;0m██[38;2;0;0;0m██[38;2;65;65;65m██[38;2;65;65;65m██[38;2;214;90;74m██[38;2;214;90;74m██[38;2;214;90;74m██[38;2;255;206;107m██[38;2;255;206;107m██[38;2;206;148;33m██[38;2;65;65;65m██[38;2;255;206;107m██[38;2;65;65;65m██[38;2;90;156;255m██[38;2;0;0;0m██        
        [38;2;0;0;0m██[38;2;214;90;74m██[38;2;214;90;74m██[38;2;255;206;107m██[38;2;148;66;58m██[38;2;255;206;107m██[38;2;255;206;107m██[38;2;255;206;107m██[38;2;255;206;107m██[38;2;206;148;33m██[38;2;255;206;107m██[38;2;90;156;255m██[38;2;90;156;255m██[38;2;0;0;0m██      
          [38;2;0;0;0m██[38;2;255;206;107m██[38;2;255;206;107m██[38;2;255;206;107m██[38;2;65;65;65m██[38;2;255;206;107m██[38;2;255;206;107m██[38;2;255;206;107m██[38;2;255;206;107m██[38;2;206;148;33m██[38;2;82;107;165m██[38;2;82;107;165m██[38;2;0;0;0m██      
        [38;2;0;0;0m██[38;2;189;189;189m██[38;2;214;90;74m██[38;2;255;206;107m██[38;2;255;206;107m██[38;2;206;148;33m██[38;2;65;65;65m██[38;2;206;148;33m██[38;2;255;206;107m██[38;2;206;148;33m██[38;2;255;206;107m██[38;2;90;156;255m██[38;2;0;0;0m██        
        [38;2;0;0;0m██[38;2;0;0;0m██[38;2;0;0;0m██[38;2;206;148;33m██[38;2;65;65;65m██[38;2;148;66;58m██[38;2;214;90;74m██[38;2;0;0;0m██[38;2;0;0;0m██[38;2;255;255;255m██[38;2;0;0;0m██[38;2;255;255;255m██[38;2;0;0;0m██        
              [38;2;0;0;0m██[38;2;255;255;255m██[38;2;214;90;74m██[38;2;255;255;255m██[38;2;0;0;0m██  [38;2;0;0;0m██  [38;2;0;0;0m██          
                [38;2;0;0;0m██[38;2;0;0;0m██[38;2;0;0;0m██                    
