                [38;2;0;0;0m██              
              [38;2;0;0;0m██[38;2;214;197;123m██[38;2;0;0;0m██            
            [38;2;0;0;0m██[38;2;132;115;74m██[38;2;214;197;123m██[38;2;132;115;74m██[38;2;0;0;0m██          
          [38;2;0;0;0m██[38;2;0;0;0m██[38;2;214;197;123m██[38;2;214;197;123m██[38;2;214;197;123m██[38;2;0;0;0m██[38;2;0;0;0m██        
      [38;2;0;0;0m██[38;2;0;0;0m██[38;2;214;197;123m██[38;2;132;115;74m██[38;2;173;156;90m██[38;2;214;197;123m██[38;2;173;156;90m██[38;2;132;115;74m██[38;2;214;197;123m██[38;2;0;0;0m██      
    [38;2;0;0;0m██[38;2;189;90;74m██[38;2;214;197;123m██[38;2;214;197;123m██[38;2;214;197;123m██[38;2;132;115;74m██[38;2;132;115;74m██[38;2;132;115;74m██[38;2;214;197;123m██[38;2;214;197;123m██[38;2;214;197;123m██[38;2;0;0;0m██    
    [38;2;0;0;0m██[38;2;230;115;107m██[38;2;189;90;74m██[38;2;214;197;123m██[38;2;214;197;123m██[38;2;214;197;123m██[38;2;214;197;123m██[38;2;214;197;123m██[38;2;214;197;123m██[38;2;214;197;123m██[38;2;214;197;123m██[38;2;0;0;0m██    
  [38;2;0;0;0m██[38;2;173;156;90m██[38;2;230;115;107m██[38;2;189;90;74m██[38;2;214;197;123m██[38;2;189;90;74m██[38;2;189;90;74m██[38;2;189;90;74m██[38;2;189;90;74m██[38;2;214;197;123m██[38;2;214;197;123m██[38;2;214;197;123m██[38;2;214;197;123m██[38;2;0;0;0m██  
  [38;2;0;0;0m██[38;2;65;65;65m██[38;2;230;115;107m██[38;2;189;90;74m██[38;2;189;90;74m██[38;2;230;115;107m██[38;2;230;115;107m██[38;2;230;115;107m██[38;2;230;115;107m██[38;2;189;90;74m██[38;2;214;197;123m██[38;2;214;197;123m██[38;2;214;197;123m██[38;2;0;0;0m██  
  [38;2;0;0;0m██[38;2;173;156;90m██[38;2;189;90;74m██[38;2;230;115;107m██[38;2;230;115;107m██[38;2;132;115;74m██[38;2;132;115;74m██[38;2;132;115;74m██[38;2;189;90;74m██[38;2;230;115;107m██[38;2;189;90;74m██[38;2;214;197;123m██[38;2;173;156;90m██[38;2;0;0;0m██  
[38;2;0;0;0m██[38;2;132;115;74m██[38;2;65;65;65m██[38;2;189;90;74m██[38;2;230;115;107m██[38;2;65;65;65m██[38;2;214;197;123m██[38;2;214;197;123m██[38;2;214;197;123m██[38;2;214;197;123m██[38;2;189;90;74m██[38;2;189;90;74m██[38;2;132;115;74m██[38;2;0;0;0m██    
[38;2;0;0;0m██[38;2;132;115;74m██[38;2;0;0;0m██[38;2;173;156;90m██[38;2;65;65;65m██[38;2;173;156;90m██[38;2;65;65;65m██[38;2;65;65;65m██[38;2;65;65;65m██[38;2;65;65;65m██[38;2;132;115;74m██[38;2;173;156;90m██[38;2;173;156;90m██[38;2;0;0;0m██    
[38;2;0;0;0m██[38;2;0;0;0m██  [38;2;0;0;0m██[38;2;65;65;65m██[38;2;65;65;65m██[38;2;173;156;90m██[38;2;173;156;90m██[38;2;173;156;90m██[38;2;132;115;74m██[38;2;173;156;90m██[38;2;65;65;65m██[38;2;0;0;0m██      
      [38;2;0;0;0m██[38;2;173;156;90m██[38;2;189;90;74m██[38;2;65;65;65m██[38;2;65;65;65m██[38;2;65;65;65m██[38;2;65;65;65m██[38;2;65;65;65m██[38;2;214;197;123m██[38;2;0;0;0m██      
      [38;2;0;0;0m██[38;2;189;90;74m██[38;2;214;197;123m██[38;2;230;115;107m██[38;2;230;115;107m██[38;2;214;197;123m██[38;2;214;197;123m██[38;2;214;197;123m██[38;2;214;197;123m██[38;2;214;197;123m██[38;2;0;0;0m██    
        [38;2;0;0;0m██[38;2;173;156;90m██[38;2;173;156;90m██[38;2;189;90;74m██[38;2;230;115;107m██[38;2;230;115;107m██[38;2;65;65;65m██[38;2;214;197;123m██[38;2;214;197;123m██[38;2;214;197;123m██[38;2;0;0;0m██  
        [38;2;0;0;0m██[38;2;65;65;65m██[38;2;189;90;74m██[38;2;173;156;90m██[38;2;173;156;90m██[38;2;65;65;65m██[38;2;0;0;0m██[38;2;0;0;0m██[38;2;214;197;123m██[38;2;214;197;123m██[38;2;0;0;0m██  
          [38;2;0;0;0m██[38;2;65;65;65m██[38;2;132;115;74m██[38;2;65;65;65m██[38;2;0;0;0m██    [38;2;0;0;0m██[38;2;214;197;123m██[38;2;214;197;123m██[38;2;0;0;0m██
          [38;2;0;0;0m██[38;2;173;156;90m██[38;2;173;156;90m██[38;2;173;156;90m██[38;2;0;0;0m██    [38;2;0;0;0m██[38;2;214;197;123m██[38;2;214;197;123m██[38;2;0;0;0m██
            [38;2;0;0;0m██[38;2;132;115;74m██[38;2;0;0;0m██        [38;2;0;0;0m██[38;2;0;0;0m██  
              [38;2;0;0;0m██                
