                  [38;2;0;0;0m██[38;2;0;0;0m██      [38;2;0;0;0m██[38;2;0;0;0m██                      
              [38;2;0;0;0m██[38;2;0;0;0m██[38;2;106;106;131m██[38;2;0;0;0m██  [38;2;0;0;0m██[38;2;0;0;0m██[38;2;106;106;131m██[38;2;0;0;0m██                      
            [38;2;0;0;0m██[38;2;106;106;131m██[38;2;106;106;131m██[38;2;0;0;0m██  [38;2;0;0;0m██[38;2;106;106;131m██[38;2;106;106;131m██[38;2;65;65;65m██[38;2;131;139;156m██[38;2;0;0;0m██          [38;2;0;0;0m██[38;2;0;0;0m██[38;2;0;0;0m██    
            [38;2;0;0;0m██[38;2;106;106;131m██[38;2;0;0;0m██  [38;2;0;0;0m██[38;2;106;106;131m██[38;2;106;106;131m██[38;2;65;65;65m██[38;2;131;139;156m██[38;2;131;139;156m██[38;2;0;0;0m██      [38;2;0;0;0m██[38;2;0;0;0m██[38;2;230;238;255m██[38;2;164;180;172m██[38;2;230;238;255m██[38;2;0;0;0m██  
          [38;2;0;0;0m██[38;2;106;106;131m██[38;2;0;0;0m██[38;2;0;0;0m██  [38;2;0;0;0m██[38;2;106;106;131m██[38;2;65;65;65m██[38;2;131;139;156m██[38;2;131;139;156m██[38;2;131;139;156m██[38;2;0;0;0m██    [38;2;0;0;0m██[38;2;106;106;131m██[38;2;230;238;255m██[38;2;164;180;172m██[38;2;230;238;255m██[38;2;230;238;255m██[38;2;0;0;0m██  
          [38;2;0;0;0m██[38;2;0;0;0m██  [38;2;0;0;0m██[38;2;0;0;0m██[38;2;106;106;131m██[38;2;106;106;131m██[38;2;65;65;65m██[38;2;65;65;65m██[38;2;131;139;156m██[38;2;0;0;0m██    [38;2;0;0;0m██[38;2;106;106;131m██[38;2;164;180;172m██[38;2;164;180;172m██[38;2;230;238;255m██[38;2;230;238;255m██[38;2;0;0;0m██    
              [38;2;0;0;0m██[38;2;246;205;49m██[38;2;65;65;65m██[38;2;106;106;131m██[38;2;65;65;65m██[38;2;65;65;65m██[38;2;246;205;49m██[38;2;65;65;65m██[38;2;0;0;0m██  [38;2;0;0;0m██[38;2;106;106;131m██[38;2;106;106;131m██[38;2;230;238;255m██[38;2;230;238;255m██[38;2;230;238;255m██[38;2;230;238;255m██[38;2;0;0;0m██    
            [38;2;0;0;0m██[38;2;246;98;82m██[38;2;246;205;49m██[38;2;65;65;65m██[38;2;65;65;65m██[38;2;246;205;49m██[38;2;65;65;65m██[38;2;246;205;49m██[38;2;246;205;49m██[38;2;0;0;0m██  [38;2;0;0;0m██[38;2;106;106;131m██[38;2;230;238;255m██[38;2;230;238;255m██[38;2;164;180;172m██[38;2;164;180;172m██[38;2;0;0;0m██      
            [38;2;0;0;0m██[38;2;246;98;82m██[38;2;246;205;49m██[38;2;246;205;49m██[38;2;246;205;49m██[38;2;246;205;49m██[38;2;246;205;49m██[38;2;246;205;49m██[38;2;246;205;49m██[38;2;197;82;65m██[38;2;0;0;0m██[38;2;246;205;49m██[38;2;65;65;65m██[38;2;230;238;255m██[38;2;164;180;172m██[38;2;230;238;255m██[38;2;230;238;255m██[38;2;0;0;0m██      
            [38;2;0;0;0m██[38;2;255;255;255m██[38;2;246;205;49m██[38;2;246;205;49m██[38;2;246;205;49m██[38;2;246;205;49m██[38;2;246;205;49m██[38;2;246;205;49m██[38;2;197;82;65m██[38;2;197;82;65m██[38;2;65;65;65m██[38;2;65;65;65m██[38;2;246;205;49m██[38;2;65;65;65m██[38;2;230;238;255m██[38;2;65;65;65m██[38;2;65;65;65m██[38;2;65;65;65m██[38;2;0;0;0m██    
            [38;2;0;0;0m██[38;2;246;98;82m██[38;2;246;205;49m██[38;2;246;205;49m██[38;2;246;205;49m██[38;2;246;205;49m██[38;2;197;82;65m██[38;2;197;82;65m██[38;2;197;82;65m██[38;2;197;82;65m██[38;2;65;65;65m██[38;2;65;65;65m██[38;2;246;205;49m██[38;2;65;65;65m██[38;2;65;65;65m██[38;2;213;222;205m██[38;2;213;222;205m██[38;2;213;222;205m██[38;2;213;222;205m██[38;2;0;0;0m██  
          [38;2;0;0;0m██[38;2;164;180;172m██[38;2;65;65;65m██[38;2;246;205;49m██[38;2;246;205;49m██[38;2;246;205;49m██[38;2;197;82;65m██[38;2;255;255;255m██[38;2;246;98;82m██[38;2;246;98;82m██[38;2;65;65;65m██[38;2;65;65;65m██[38;2;65;65;65m██[38;2;246;205;49m██[38;2;65;65;65m██[38;2;213;222;205m██[38;2;213;222;205m██[38;2;213;222;205m██[38;2;213;222;205m██[38;2;213;222;205m██[38;2;213;222;205m██[38;2;0;0;0m██
        [38;2;0;0;0m██[38;2;164;180;172m██[38;2;164;180;172m██[38;2;65;65;65m██[38;2;189;139;32m██[38;2;246;205;49m██[38;2;246;205;49m██[38;2;197;82;65m██[38;2;197;82;65m██[38;2;246;98;82m██[38;2;65;65;65m██[38;2;65;65;65m██[38;2;65;65;65m██[38;2;189;139;32m██[38;2;65;65;65m██[38;2;213;222;205m██[38;2;213;222;205m██[38;2;213;222;205m██[38;2;213;222;205m██[38;2;213;222;205m██[38;2;213;222;205m██[38;2;213;222;205m██[38;2;0;0;0m██
      [38;2;0;0;0m██[38;2;164;180;172m██[38;2;164;180;172m██[38;2;164;180;172m██[38;2;164;180;172m██[38;2;65;65;65m██[38;2;189;139;32m██[38;2;189;139;32m██[38;2;189;139;32m██[38;2;65;65;65m██[38;2;65;65;65m██[38;2;189;139;32m██[38;2;189;139;32m██[38;2;189;139;32m██[38;2;189;139;32m██[38;2;65;65;65m██[38;2;213;222;205m██[38;2;213;222;205m██[38;2;213;222;205m██[38;2;164;180;172m██[38;2;164;180;172m██[38;2;164;180;172m██[38;2;213;222;205m██[38;2;0;0;0m██
    [38;2;0;0;0m██[38;2;164;180;172m██[38;2;164;180;172m██[38;2;164;180;172m██[38;2;164;180;172m██[38;2;131;139;156m██[38;2;131;139;156m██[38;2;65;65;65m██[38;2;65;65;65m██[38;2;65;65;65m██[38;2;106;106;131m██[38;2;0;0;0m██[38;2;65;65;65m██[38;2;65;65;65m██[38;2;189;139;32m██[38;2;65;65;65m██[38;2;0;0;0m██[38;2;213;222;205m██[38;2;213;222;205m██[38;2;164;180;172m██[38;2;213;222;205m██[38;2;213;222;205m██[38;2;213;222;205m██[38;2;0;0;0m██  
  [38;2;0;0;0m██[38;2;164;180;172m██[38;2;164;180;172m██[38;2;164;180;172m██[38;2;131;139;156m██[38;2;0;0;0m██[38;2;0;0;0m██[38;2;0;0;0m██[38;2;65;65;65m██[38;2;189;139;32m██[38;2;189;139;32m██[38;2;0;0;0m██  [38;2;0;0;0m██[38;2;106;106;131m██[38;2;106;106;131m██[38;2;0;0;0m██  [38;2;0;0;0m██[38;2;164;180;172m██[38;2;213;222;205m██[38;2;213;222;205m██[38;2;213;222;205m██[38;2;213;222;205m██[38;2;0;0;0m██  
[38;2;0;0;0m██[38;2;164;180;172m██[38;2;164;180;172m██[38;2;0;0;0m██[38;2;0;0;0m██[38;2;0;0;0m██    [38;2;0;0;0m██[38;2;189;139;32m██[38;2;115;115;90m██[38;2;189;139;32m██[38;2;0;0;0m██[38;2;0;0;0m██[38;2;246;205;49m██[38;2;246;205;49m██[38;2;65;65;65m██[38;2;106;106;131m██[38;2;0;0;0m██[38;2;0;0;0m██[38;2;65;65;65m██[38;2;213;222;205m██[38;2;213;222;205m██[38;2;213;222;205m██[38;2;213;222;205m██[38;2;0;0;0m██  
  [38;2;0;0;0m██[38;2;0;0;0m██          [38;2;0;0;0m██[38;2;65;65;65m██[38;2;189;139;32m██[38;2;65;65;65m██[38;2;246;205;49m██[38;2;115;115;90m██[38;2;115;115;90m██[38;2;115;115;90m██[38;2;246;205;49m██[38;2;65;65;65m██[38;2;65;65;65m██[38;2;246;205;49m██[38;2;65;65;65m██[38;2;213;222;205m██[38;2;213;222;205m██[38;2;213;222;205m██[38;2;213;222;205m██[38;2;0;0;0m██  
              [38;2;0;0;0m██[38;2;164;180;172m██[38;2;164;180;172m██[38;2;65;65;65m██[38;2;65;65;65m██[38;2;115;115;90m██[38;2;115;115;90m██[38;2;246;205;49m██[38;2;115;115;90m██[38;2;65;65;65m██[38;2;189;139;32m██[38;2;65;65;65m██[38;2;246;205;49m██[38;2;65;65;65m██[38;2;164;180;172m██[38;2;213;222;205m██[38;2;213;222;205m██[38;2;164;180;172m██[38;2;0;0;0m██  
              [38;2;0;0;0m██[38;2;164;180;172m██[38;2;0;0;0m██[38;2;0;0;0m██[38;2;246;205;49m██[38;2;246;205;49m██[38;2;115;115;90m██[38;2;65;65;65m██[38;2;189;139;32m██[38;2;65;65;65m██[38;2;189;139;32m██[38;2;65;65;65m██[38;2;115;115;90m██[38;2;246;205;49m██[38;2;65;65;65m██[38;2;213;222;205m██[38;2;213;222;205m██[38;2;0;0;0m██    
            [38;2;0;0;0m██[38;2;164;180;172m██[38;2;0;0;0m██  [38;2;0;0;0m██[38;2;115;115;90m██[38;2;246;205;49m██[38;2;189;139;32m██[38;2;65;65;65m██[38;2;189;139;32m██[38;2;65;65;65m██[38;2;65;65;65m██[38;2;115;115;90m██[38;2;65;65;65m██[38;2;115;115;90m██[38;2;0;0;0m██[38;2;213;222;205m██[38;2;213;222;205m██[38;2;0;0;0m██    
            [38;2;0;0;0m██[38;2;0;0;0m██  [38;2;0;0;0m██[38;2;255;238;131m██[38;2;189;180;106m██[38;2;115;115;90m██[38;2;189;139;32m██[38;2;65;65;65m██[38;2;0;0;0m██[38;2;0;0;0m██[38;2;0;0;0m██[38;2;164;180;172m██[38;2;230;238;255m██[38;2;0;0;0m██  [38;2;0;0;0m██[38;2;213;222;205m██[38;2;0;0;0m██    
                [38;2;0;0;0m██[38;2;189;180;106m██[38;2;255;238;131m██[38;2;255;238;131m██[38;2;65;65;65m██[38;2;0;0;0m██[38;2;0;0;0m██    [38;2;0;0;0m██[38;2;230;238;255m██[38;2;131;139;156m██[38;2;0;0;0m██  [38;2;0;0;0m██[38;2;213;222;205m██[38;2;0;0;0m██    
                [38;2;0;0;0m██[38;2;255;238;131m██[38;2;189;180;106m██[38;2;0;0;0m██[38;2;0;0;0m██        [38;2;0;0;0m██[38;2;230;238;255m██[38;2;0;0;0m██      [38;2;0;0;0m██      
              [38;2;0;0;0m██[38;2;255;238;131m██[38;2;0;0;0m██[38;2;0;0;0m██            [38;2;0;0;0m██[38;2;0;0;0m██                
              [38;2;0;0;0m██[38;2;0;0;0m██                                    
