                              [38;2;0;0;0m██[38;2;0;0;0m██                
                  [38;2;0;0;0m██[38;2;0;0;0m██      [38;2;0;0;0m██[38;2;132;140;156m██[38;2;132;140;156m██[38;2;0;0;0m██              
    [38;2;0;0;0m██[38;2;0;0;0m██      [38;2;0;0;0m██[38;2;0;0;0m██[38;2;0;0;0m██[38;2;0;0;0m██[38;2;0;0;0m██    [38;2;0;0;0m██[38;2;132;140;156m██[38;2;132;140;156m██[38;2;0;0;0m██              
[38;2;0;0;0m██[38;2;0;0;0m██[38;2;0;0;0m██[38;2;0;0;0m██[38;2;0;0;0m██    [38;2;0;0;0m██[38;2;0;0;0m██    [38;2;0;0;0m██  [38;2;0;0;0m██[38;2;132;140;156m██[38;2;132;140;156m██[38;2;132;140;156m██[38;2;0;0;0m██              
[38;2;0;0;0m██[38;2;0;0;0m██    [38;2;0;0;0m██[38;2;0;0;0m██          [38;2;0;0;0m██  [38;2;0;0;0m██[38;2;132;140;156m██[38;2;132;140;156m██[38;2;132;140;156m██[38;2;0;0;0m██              
          [38;2;0;0;0m██[38;2;0;0;0m██        [38;2;0;0;0m██  [38;2;0;0;0m██[38;2;132;140;156m██[38;2;132;140;156m██[38;2;132;140;156m██[38;2;0;0;0m██      [38;2;0;0;0m██[38;2;0;0;0m██[38;2;0;0;0m██  
            [38;2;0;0;0m██  [38;2;0;0;0m██[38;2;0;0;0m██[38;2;0;0;0m██[38;2;0;0;0m██  [38;2;0;0;0m██[38;2;132;140;156m██[38;2;132;140;156m██[38;2;0;0;0m██    [38;2;0;0;0m██[38;2;0;0;0m██[38;2;255;255;255m██[38;2;255;255;255m██[38;2;255;255;255m██[38;2;0;0;0m██
            [38;2;0;0;0m██[38;2;0;0;0m██[38;2;247;230;49m██[38;2;247;230;49m██[38;2;65;65;65m██[38;2;0;0;0m██  [38;2;0;0;0m██[38;2;132;140;156m██[38;2;132;140;156m██[38;2;0;0;0m██  [38;2;0;0;0m██[38;2;255;255;255m██[38;2;165;173;247m██[38;2;255;255;255m██[38;2;255;255;255m██[38;2;255;255;255m██[38;2;0;0;0m██
          [38;2;0;0;0m██[38;2;247;230;49m██[38;2;65;65;65m██[38;2;247;230;49m██[38;2;65;65;65m██[38;2;65;65;65m██[38;2;247;230;49m██[38;2;0;0;0m██[38;2;65;65;65m██[38;2;132;140;156m██[38;2;0;0;0m██  [38;2;0;0;0m██[38;2;255;255;255m██[38;2;165;173;247m██[38;2;165;173;247m██[38;2;165;173;247m██[38;2;165;173;247m██[38;2;0;0;0m██  
        [38;2;0;0;0m██[38;2;247;99;82m██[38;2;247;230;49m██[38;2;247;230;49m██[38;2;247;230;49m██[38;2;65;65;65m██[38;2;247;230;49m██[38;2;247;230;49m██[38;2;247;230;49m██[38;2;65;65;65m██[38;2;132;140;156m██[38;2;65;65;65m██[38;2;0;0;0m██[38;2;165;173;247m██[38;2;165;173;247m██[38;2;255;255;255m██[38;2;255;255;255m██[38;2;255;255;255m██[38;2;0;0;0m██    
        [38;2;0;0;0m██[38;2;255;255;255m██[38;2;247;230;49m██[38;2;247;230;49m██[38;2;247;230;49m██[38;2;247;230;49m██[38;2;247;230;49m██[38;2;247;230;49m██[38;2;247;230;49m██[38;2;197;173;41m██[38;2;65;65;65m██[38;2;65;65;65m██[38;2;255;255;255m██[38;2;255;255;255m██[38;2;255;255;255m██[38;2;165;173;247m██[38;2;65;65;65m██[38;2;0;0;0m██      
      [38;2;0;0;0m██[38;2;65;65;65m██[38;2;247;99;82m██[38;2;247;230;49m██[38;2;247;230;49m██[38;2;247;230;49m██[38;2;247;230;49m██[38;2;197;82;66m██[38;2;197;82;66m██[38;2;247;230;49m██[38;2;197;173;41m██[38;2;197;173;41m██[38;2;65;65;65m██[38;2;255;255;255m██[38;2;65;65;65m██[38;2;65;65;65m██[38;2;65;65;65m██[38;2;165;173;247m██[38;2;165;173;247m██[38;2;0;0;0m██    
    [38;2;0;0;0m██[38;2;165;173;247m██[38;2;65;65;65m██[38;2;247;99;82m██[38;2;247;230;49m██[38;2;247;230;49m██[38;2;247;230;49m██[38;2;197;82;66m██[38;2;255;255;255m██[38;2;197;82;66m██[38;2;197;82;66m██[38;2;65;65;65m██[38;2;197;173;41m██[38;2;197;173;41m██[38;2;65;65;65m██[38;2;165;173;247m██[38;2;165;173;247m██[38;2;132;140;156m██[38;2;132;140;156m██[38;2;132;140;156m██[38;2;0;0;0m██    
  [38;2;0;0;0m██[38;2;165;173;247m██[38;2;165;173;247m██[38;2;165;173;247m██[38;2;65;65;65m██[38;2;247;230;49m██[38;2;247;230;49m██[38;2;247;230;49m██[38;2;197;82;66m██[38;2;197;82;66m██[38;2;247;99;82m██[38;2;247;99;82m██[38;2;65;65;65m██[38;2;197;173;41m██[38;2;197;173;41m██[38;2;65;65;65m██[38;2;65;65;65m██[38;2;165;173;247m██[38;2;132;140;156m██[38;2;165;173;247m██[38;2;0;0;0m██      
[38;2;0;0;0m██[38;2;165;173;247m██[38;2;165;173;247m██[38;2;0;0;0m██[38;2;0;0;0m██[38;2;0;0;0m██[38;2;197;173;41m██[38;2;247;230;49m██[38;2;247;230;49m██[38;2;197;82;66m██[38;2;197;82;66m██[38;2;247;99;82m██[38;2;65;65;65m██[38;2;197;173;41m██[38;2;0;0;0m██[38;2;0;0;0m██[38;2;115;115;90m██[38;2;115;115;90m██[38;2;0;0;0m██[38;2;0;0;0m██[38;2;0;0;0m██        
[38;2;0;0;0m██[38;2;0;0;0m██[38;2;0;0;0m██      [38;2;0;0;0m██[38;2;197;173;41m██[38;2;197;173;41m██[38;2;197;173;41m██[38;2;0;0;0m██[38;2;0;0;0m██[38;2;197;173;41m██[38;2;197;173;41m██[38;2;0;0;0m██[38;2;0;0;0m██[38;2;0;0;0m██[38;2;197;173;41m██[38;2;0;0;0m██            
              [38;2;0;0;0m██[38;2;0;0;0m██[38;2;0;0;0m██[38;2;0;0;0m██  [38;2;0;0;0m██[38;2;115;115;90m██[38;2;115;115;90m██[38;2;0;0;0m██[38;2;0;0;0m██[38;2;197;173;41m██[38;2;115;115;90m██[38;2;0;0;0m██          
                  [38;2;0;0;0m██[38;2;0;0;0m██[38;2;0;0;0m██[38;2;0;0;0m██[38;2;197;173;41m██[38;2;0;0;0m██[38;2;0;0;0m██[38;2;0;0;0m██[38;2;115;115;90m██[38;2;115;115;90m██[38;2;0;0;0m██          
                    [38;2;0;0;0m██[38;2;255;255;255m██[38;2;255;255;255m██[38;2;0;0;0m██[38;2;0;0;0m██[38;2;197;173;41m██[38;2;0;0;0m██[38;2;0;0;0m██[38;2;0;0;0m██            
                  [38;2;0;0;0m██[38;2;255;255;255m██[38;2;255;255;255m██[38;2;165;173;247m██[38;2;165;173;247m██[38;2;0;0;0m██[38;2;115;115;90m██[38;2;0;0;0m██[38;2;0;0;0m██              
                [38;2;0;0;0m██[38;2;255;255;255m██[38;2;165;173;247m██[38;2;165;173;247m██[38;2;165;173;247m██[38;2;0;0;0m██[38;2;0;0;0m██[38;2;0;0;0m██[38;2;0;0;0m██[38;2;0;0;0m██[38;2;0;0;0m██            
                [38;2;0;0;0m██[38;2;0;0;0m██[38;2;0;0;0m██[38;2;0;0;0m██[38;2;0;0;0m██        [38;2;0;0;0m██[38;2;0;0;0m██[38;2;0;0;0m██[38;2;0;0;0m██        
                                        [38;2;0;0;0m██        
