                        [38;2;0;0;0m██[38;2;0;0;0m██                    
                      [38;2;0;0;0m██[38;2;123;148;214m██[38;2;90;107;181m██[38;2;0;0;0m██                  
                [38;2;0;0;0m██[38;2;0;0;0m██  [38;2;0;0;0m██[38;2;123;148;214m██[38;2;90;107;181m██[38;2;0;0;0m██                  
              [38;2;0;0;0m██[38;2;255;107;66m██[38;2;255;107;66m██[38;2;0;0;0m██[38;2;123;148;214m██[38;2;123;148;214m██[38;2;90;107;181m██[38;2;90;107;181m██[38;2;0;0;0m██                
        [38;2;0;0;0m██[38;2;0;0;0m██  [38;2;0;0;0m██[38;2;255;107;66m██[38;2;58;74;132m██[38;2;65;65;65m██[38;2;123;148;214m██[38;2;90;107;181m██[38;2;90;107;181m██[38;2;90;107;181m██[38;2;0;0;0m██[38;2;0;0;0m██              
      [38;2;0;0;0m██[38;2;255;107;66m██[38;2;255;107;66m██[38;2;0;0;0m██[38;2;58;74;132m██[38;2;90;107;181m██[38;2;90;107;181m██[38;2;65;65;65m██[38;2;123;148;214m██[38;2;90;107;181m██[38;2;90;107;181m██[38;2;65;65;65m██[38;2;255;107;66m██[38;2;255;107;66m██[38;2;0;0;0m██            
      [38;2;0;0;0m██[38;2;181;58;49m██[38;2;255;107;66m██[38;2;181;58;49m██[38;2;90;107;181m██[38;2;123;148;214m██[38;2;65;65;65m██[38;2;123;148;214m██[38;2;123;148;214m██[38;2;90;107;181m██[38;2;65;65;65m██[38;2;123;148;214m██[38;2;255;107;66m██[38;2;181;58;49m██[38;2;0;0;0m██            
        [38;2;0;0;0m██[38;2;181;58;49m██[38;2;58;74;132m██[38;2;123;148;214m██[38;2;123;148;214m██[38;2;65;65;65m██[38;2;123;148;214m██[38;2;90;107;181m██[38;2;90;107;181m██[38;2;65;65;65m██[38;2;123;148;214m██[38;2;90;107;181m██[38;2;90;107;181m██[38;2;0;0;0m██            
    [38;2;0;0;0m██[38;2;0;0;0m██[38;2;58;74;132m██[38;2;58;74;132m██[38;2;123;148;214m██[38;2;123;148;214m██[38;2;90;107;181m██[38;2;65;65;65m██[38;2;90;107;181m██[38;2;90;107;181m██[38;2;65;65;65m██[38;2;123;148;214m██[38;2;123;148;214m██[38;2;123;148;214m██[38;2;123;148;214m██[38;2;90;107;181m██[38;2;0;0;0m██[38;2;0;0;0m██[38;2;0;0;0m██      
  [38;2;0;0;0m██[38;2;123;148;214m██[38;2;123;148;214m██[38;2;65;65;65m██[38;2;90;107;181m██[38;2;123;148;214m██[38;2;123;148;214m██[38;2;189;165;66m██[38;2;0;0;0m██[38;2;90;107;181m██[38;2;90;107;181m██[38;2;65;65;65m██[38;2;123;148;214m██[38;2;123;148;214m██[38;2;90;107;181m██[38;2;123;148;214m██[38;2;90;107;181m██[38;2;181;58;49m██[38;2;255;107;66m██[38;2;255;107;66m██[38;2;0;0;0m██    
[38;2;0;0;0m██[38;2;123;148;214m██[38;2;123;148;214m██[38;2;123;148;214m██[38;2;65;65;65m██[38;2;58;74;132m██[38;2;58;74;132m██[38;2;90;107;181m██[38;2;189;165;66m██[38;2;0;0;0m██[38;2;90;107;181m██[38;2;0;0;0m██[38;2;247;247;41m██[38;2;123;148;214m██[38;2;123;148;214m██[38;2;90;107;181m██[38;2;90;107;181m██[38;2;123;148;214m██[38;2;181;58;49m██[38;2;255;107;66m██[38;2;181;58;49m██[38;2;0;0;0m██    
[38;2;0;0;0m██[38;2;123;148;214m██[38;2;123;148;214m██[38;2;90;107;181m██[38;2;58;74;132m██[38;2;65;65;65m██[38;2;58;74;132m██[38;2;58;74;132m██[38;2;58;74;132m██[38;2;247;247;41m██[38;2;90;107;181m██[38;2;0;0;0m██[38;2;247;247;41m██[38;2;90;107;181m██[38;2;123;148;214m██[38;2;123;148;214m██[38;2;123;148;214m██[38;2;123;148;214m██[38;2;58;74;132m██[38;2;181;58;49m██[38;2;0;0;0m██      
[38;2;0;0;0m██[38;2;58;74;132m██[38;2;90;107;181m██[38;2;58;74;132m██[38;2;58;74;132m██[38;2;65;65;65m██[38;2;58;74;132m██[38;2;255;107;66m██[38;2;58;74;132m██[38;2;58;74;132m██[38;2;65;65;65m██[38;2;247;247;41m██[38;2;58;74;132m██[38;2;58;74;132m██[38;2;90;107;181m██[38;2;123;148;214m██[38;2;123;148;214m██[38;2;90;107;181m██[38;2;58;74;132m██[38;2;65;65;65m██[38;2;0;0;0m██[38;2;0;0;0m██    
  [38;2;0;0;0m██[38;2;58;74;132m██[38;2;58;74;132m██[38;2;58;74;132m██[38;2;0;0;0m██[38;2;255;107;66m██[38;2;255;107;66m██[38;2;58;74;132m██[38;2;58;74;132m██[38;2;58;74;132m██[38;2;58;74;132m██[38;2;58;74;132m██[38;2;58;74;132m██[38;2;58;74;132m██[38;2;58;74;132m██[38;2;58;74;132m██[38;2;58;74;132m██[38;2;65;65;65m██[38;2;123;148;214m██[38;2;123;148;214m██[38;2;123;148;214m██[38;2;0;0;0m██  
  [38;2;0;0;0m██[38;2;255;107;66m██[38;2;181;58;49m██[38;2;0;0;0m██[38;2;0;0;0m██[38;2;181;58;49m██[38;2;255;107;66m██[38;2;0;0;0m██[38;2;0;0;0m██[38;2;255;107;66m██[38;2;58;74;132m██[38;2;58;74;132m██[38;2;255;107;66m██[38;2;58;74;132m██[38;2;58;74;132m██[38;2;58;74;132m██[38;2;58;74;132m██[38;2;65;65;65m██[38;2;123;148;214m██[38;2;123;148;214m██[38;2;123;148;214m██[38;2;90;107;181m██[38;2;0;0;0m██
    [38;2;0;0;0m██[38;2;181;58;49m██[38;2;0;0;0m██  [38;2;0;0;0m██[38;2;0;0;0m██  [38;2;0;0;0m██[38;2;255;107;66m██[38;2;181;58;49m██[38;2;0;0;0m██[38;2;255;107;66m██[38;2;255;107;66m██[38;2;0;0;0m██[38;2;0;0;0m██[38;2;0;0;0m██[38;2;123;148;214m██[38;2;123;148;214m██[38;2;123;148;214m██[38;2;123;148;214m██[38;2;90;107;181m██[38;2;0;0;0m██
      [38;2;0;0;0m██[38;2;0;0;0m██          [38;2;0;0;0m██[38;2;0;0;0m██[38;2;0;0;0m██[38;2;255;107;66m██[38;2;181;58;49m██[38;2;0;0;0m██  [38;2;0;0;0m██[38;2;90;107;181m██[38;2;123;148;214m██[38;2;90;107;181m██[38;2;58;74;132m██[38;2;58;74;132m██[38;2;0;0;0m██
                          [38;2;0;0;0m██[38;2;0;0;0m██      [38;2;0;0;0m██[38;2;58;74;132m██[38;2;58;74;132m██[38;2;58;74;132m██[38;2;0;0;0m██  
                                    [38;2;0;0;0m██[38;2;58;74;132m██[38;2;255;107;66m██[38;2;181;58;49m██[38;2;0;0;0m██  
                                      [38;2;0;0;0m██[38;2;255;107;66m██[38;2;0;0;0m██    
                                      [38;2;0;0;0m██[38;2;0;0;0m██      
