            [38;2;0;0;0m██[38;2;0;0;0m██                
          [38;2;0;0;0m██[38;2;172;213;115m██[38;2;172;213;115m██[38;2;0;0;0m██              
          [38;2;0;0;0m██[38;2;172;213;115m██[38;2;172;213;115m██[38;2;172;213;115m██[38;2;0;0;0m██            
            [38;2;0;0;0m██[38;2;172;213;115m██[38;2;172;213;115m██[38;2;0;0;0m██            
    [38;2;0;0;0m██[38;2;0;0;0m██[38;2;0;0;0m██  [38;2;0;0;0m██[38;2;172;213;115m██[38;2;106;164;65m██[38;2;0;0;0m██            
  [38;2;0;0;0m██[38;2;172;213;115m██[38;2;172;213;115m██[38;2;172;213;115m██[38;2;0;0;0m██[38;2;0;0;0m██[38;2;106;164;65m██[38;2;0;0;0m██  [38;2;0;0;0m██[38;2;0;0;0m██[38;2;0;0;0m██      
[38;2;0;0;0m██[38;2;172;213;115m██[38;2;172;213;115m██[38;2;172;213;115m██[38;2;172;213;115m██[38;2;106;164;65m██[38;2;65;65;65m██[38;2;106;164;65m██[38;2;0;0;0m██[38;2;0;0;0m██[38;2;172;213;115m██[38;2;172;213;115m██[38;2;172;213;115m██[38;2;0;0;0m██[38;2;0;0;0m██  
  [38;2;0;0;0m██[38;2;0;0;0m██[38;2;65;65;65m██[38;2;65;65;65m██[38;2;172;213;115m██[38;2;172;213;115m██[38;2;172;213;115m██[38;2;65;65;65m██[38;2;172;213;115m██[38;2;172;213;115m██[38;2;172;213;115m██[38;2;172;213;115m██[38;2;172;213;115m██[38;2;106;164;65m██[38;2;0;0;0m██
      [38;2;0;0;0m██[38;2;172;213;115m██[38;2;172;213;115m██[38;2;172;213;115m██[38;2;65;65;65m██[38;2;189;74;123m██[38;2;65;65;65m██[38;2;172;213;115m██[38;2;172;213;115m██[38;2;172;213;115m██[38;2;172;213;115m██[38;2;172;213;115m██[38;2;0;0;0m██
    [38;2;0;0;0m██[38;2;255;246;0m██[38;2;65;65;65m██[38;2;65;65;65m██[38;2;65;65;65m██[38;2;189;74;123m██[38;2;189;74;123m██[38;2;189;74;123m██[38;2;65;65;65m██[38;2;65;65;65m██[38;2;172;213;115m██[38;2;172;213;115m██[38;2;106;164;65m██[38;2;0;0;0m██
    [38;2;0;0;0m██[38;2;255;246;0m██[38;2;222;106;156m██[38;2;222;106;156m██[38;2;222;106;156m██[38;2;255;246;0m██[38;2;222;106;156m██[38;2;189;74;123m██[38;2;189;74;123m██[38;2;189;74;123m██[38;2;65;65;65m██[38;2;0;0;0m██[38;2;0;0;0m██  
  [38;2;0;0;0m██[38;2;222;106;156m██[38;2;222;106;156m██[38;2;65;65;65m██[38;2;65;65;65m██[38;2;222;106;156m██[38;2;255;246;0m██[38;2;222;106;156m██[38;2;189;74;123m██[38;2;189;74;123m██[38;2;189;74;123m██[38;2;189;74;123m██[38;2;0;0;0m██    
  [38;2;0;0;0m██[38;2;222;106;156m██[38;2;222;106;156m██[38;2;222;106;156m██[38;2;222;106;156m██[38;2;222;106;156m██[38;2;222;106;156m██[38;2;222;106;156m██[38;2;189;74;123m██[38;2;189;74;123m██[38;2;189;74;123m██[38;2;189;74;123m██[38;2;0;0;0m██    
  [38;2;0;0;0m██[38;2;222;106;156m██[38;2;222;106;156m██[38;2;222;106;156m██[38;2;222;106;156m██[38;2;222;106;156m██[38;2;222;106;156m██[38;2;222;106;156m██[38;2;189;74;123m██[38;2;189;74;123m██[38;2;189;74;123m██[38;2;189;74;123m██[38;2;0;0;0m██    
  [38;2;0;0;0m██[38;2;65;65;65m██[38;2;222;106;156m██[38;2;222;106;156m██[38;2;222;106;156m██[38;2;222;106;156m██[38;2;222;106;156m██[38;2;189;74;123m██[38;2;189;74;123m██[38;2;189;74;123m██[38;2;189;74;123m██[38;2;65;65;65m██[38;2;0;0;0m██    
    [38;2;0;0;0m██[38;2;65;65;65m██[38;2;65;65;65m██[38;2;222;106;156m██[38;2;222;106;156m██[38;2;189;74;123m██[38;2;189;74;123m██[38;2;189;74;123m██[38;2;65;65;65m██[38;2;65;65;65m██[38;2;0;0;0m██      
      [38;2;0;0;0m██[38;2;255;255;255m██[38;2;65;65;65m██[38;2;65;65;65m██[38;2;65;65;65m██[38;2;65;65;65m██[38;2;65;65;65m██[38;2;180;189;205m██[38;2;0;0;0m██        
        [38;2;0;0;0m██[38;2;0;0;0m██[38;2;180;189;205m██[38;2;180;189;205m██[38;2;180;189;205m██[38;2;0;0;0m██[38;2;0;0;0m██          
            [38;2;0;0;0m██[38;2;0;0;0m██[38;2;0;0;0m██              
