                [38;2;0;0;0m██[38;2;0;0;0m██                      
              [38;2;0;0;0m██[38;2;148;115;222m██[38;2;98;82;156m██[38;2;0;0;0m██                    
            [38;2;0;0;0m██[38;2;148;115;222m██[38;2;98;82;156m██[38;2;148;115;222m██[38;2;0;0;0m██                    
            [38;2;0;0;0m██[38;2;148;115;222m██[38;2;148;115;222m██[38;2;148;115;222m██[38;2;0;0;0m██              [38;2;0;0;0m██[38;2;0;0;0m██  
            [38;2;0;0;0m██[38;2;98;82;156m██[38;2;98;82;156m██[38;2;148;115;222m██[38;2;65;65;65m██[38;2;0;0;0m██[38;2;0;0;0m██        [38;2;0;0;0m██[38;2;148;115;222m██[38;2;148;115;222m██[38;2;0;0;0m██
            [38;2;0;0;0m██[38;2;255;123;197m██[38;2;255;123;197m██[38;2;65;65;65m██[38;2;255;123;197m██[38;2;115;197;205m██[38;2;172;238;246m██[38;2;0;0;0m██[38;2;0;0;0m██[38;2;0;0;0m██  [38;2;0;0;0m██[38;2;148;115;222m██[38;2;172;238;246m██[38;2;0;0;0m██
            [38;2;0;0;0m██[38;2;255;123;197m██[38;2;65;65;65m██[38;2;255;123;197m██[38;2;255;123;197m██[38;2;255;123;197m██[38;2;255;123;197m██[38;2;172;238;246m██[38;2;115;197;205m██[38;2;172;238;246m██[38;2;0;0;0m██[38;2;148;115;222m██[38;2;172;238;246m██[38;2;0;0;0m██  
          [38;2;0;0;0m██[38;2;255;123;197m██[38;2;255;123;197m██[38;2;65;65;65m██[38;2;255;180;164m██[38;2;246;230;131m██[38;2;255;180;164m██[38;2;255;123;197m██[38;2;65;65;65m██[38;2;65;65;65m██[38;2;255;123;197m██[38;2;255;123;197m██[38;2;255;123;197m██[38;2;148;115;222m██[38;2;172;238;246m██[38;2;0;0;0m██
          [38;2;0;0;0m██[38;2;172;238;246m██[38;2;255;123;197m██[38;2;255;180;164m██[38;2;246;230;131m██[38;2;98;82;156m██[38;2;246;230;131m██[38;2;98;82;156m██[38;2;172;238;246m██[38;2;65;65;65m██[38;2;213;82;164m██[38;2;255;123;197m██[38;2;255;123;197m██[38;2;148;115;222m██[38;2;148;115;222m██[38;2;0;0;0m██
        [38;2;0;0;0m██[38;2;172;238;246m██[38;2;172;238;246m██[38;2;255;123;197m██[38;2;246;230;131m██[38;2;98;82;156m██[38;2;148;115;222m██[38;2;98;82;156m██[38;2;115;197;205m██[38;2;65;65;65m██[38;2;172;238;246m██[38;2;213;82;164m██[38;2;246;230;131m██[38;2;148;115;222m██[38;2;0;0;0m██[38;2;0;0;0m██  
        [38;2;0;0;0m██[38;2;172;238;246m██[38;2;255;123;197m██[38;2;255;123;197m██[38;2;246;230;131m██[38;2;98;82;156m██[38;2;148;115;222m██[38;2;65;65;65m██[38;2;65;65;65m██[38;2;255;123;197m██[38;2;213;82;164m██[38;2;246;230;131m██[38;2;65;65;65m██[38;2;0;0;0m██      
      [38;2;0;0;0m██[38;2;255;123;197m██[38;2;255;123;197m██[38;2;255;123;197m██[38;2;255;123;197m██[38;2;246;230;131m██[38;2;65;65;65m██[38;2;65;65;65m██[38;2;172;238;246m██[38;2;255;255;255m██[38;2;255;123;197m██[38;2;255;123;197m██[38;2;65;65;65m██[38;2;148;115;222m██[38;2;98;82;156m██[38;2;0;0;0m██    
      [38;2;0;0;0m██[38;2;172;238;246m██[38;2;255;180;164m██[38;2;255;123;197m██[38;2;246;230;131m██[38;2;246;230;131m██[38;2;255;255;255m██[38;2;255;123;197m██[38;2;213;82;164m██[38;2;255;255;255m██[38;2;255;123;197m██[38;2;65;65;65m██[38;2;148;115;222m██[38;2;98;82;156m██[38;2;148;115;222m██[38;2;0;0;0m██    
    [38;2;0;0;0m██[38;2;172;238;246m██[38;2;172;238;246m██[38;2;172;238;246m██[38;2;172;238;246m██[38;2;246;230;131m██[38;2;246;230;131m██[38;2;246;230;131m██[38;2;255;255;255m██[38;2;255;255;255m██[38;2;255;123;197m██[38;2;255;123;197m██[38;2;65;65;65m██[38;2;115;197;205m██[38;2;0;0;0m██[38;2;0;0;0m██      
  [38;2;0;0;0m██[38;2;213;82;164m██[38;2;172;238;246m██[38;2;213;82;164m██[38;2;213;82;164m██[38;2;172;238;246m██[38;2;172;238;246m██[38;2;172;238;246m██[38;2;246;230;131m██[38;2;255;123;197m██[38;2;255;123;197m██[38;2;255;123;197m██[38;2;255;123;197m██[38;2;246;230;131m██[38;2;0;0;0m██          
[38;2;0;0;0m██[38;2;255;123;197m██[38;2;255;123;197m██[38;2;213;82;164m██[38;2;255;123;197m██[38;2;255;123;197m██[38;2;213;82;164m██[38;2;213;82;164m██[38;2;213;82;164m██[38;2;246;230;131m██[38;2;246;230;131m██[38;2;255;123;197m██[38;2;255;123;197m██[38;2;255;180;164m██[38;2;0;0;0m██            
[38;2;0;0;0m██[38;2;213;82;164m██[38;2;197;197;197m██[38;2;255;123;197m██[38;2;255;123;197m██[38;2;255;123;197m██[38;2;255;123;197m██[38;2;255;123;197m██[38;2;213;82;164m██[38;2;246;230;131m██[38;2;246;230;131m██[38;2;246;230;131m██[38;2;246;230;131m██[38;2;0;0;0m██              
  [38;2;0;0;0m██[38;2;255;123;197m██[38;2;255;255;255m██[38;2;197;197;197m██[38;2;255;255;255m██[38;2;213;82;164m██[38;2;213;82;164m██[38;2;172;238;246m██[38;2;246;230;131m██[38;2;246;230;131m██[38;2;0;0;0m██[38;2;0;0;0m██                
    [38;2;0;0;0m██[38;2;255;123;197m██[38;2;255;123;197m██[38;2;213;82;164m██[38;2;0;0;0m██[38;2;0;0;0m██[38;2;0;0;0m██[38;2;0;0;0m██[38;2;0;0;0m██                    
      [38;2;0;0;0m██[38;2;0;0;0m██[38;2;0;0;0m██                              
