        [38;2;0;0;0m██[38;2;0;0;0m██[38;2;0;0;0m██          
      [38;2;0;0;0m██[38;2;65;65;65m██[38;2;206;247;181m██[38;2;206;247;181m██[38;2;0;0;0m██[38;2;0;0;0m██      
      [38;2;0;0;0m██[38;2;206;247;181m██[38;2;206;247;181m██[38;2;65;65;65m██[38;2;65;65;65m██[38;2;206;247;181m██[38;2;0;0;0m██    
    [38;2;0;0;0m██[38;2;107;173;58m██[38;2;107;173;58m██[38;2;173;206;140m██[38;2;65;65;65m██[38;2;206;247;181m██[38;2;82;132;66m██[38;2;206;247;181m██[38;2;0;0;0m██  
    [38;2;0;0;0m██[38;2;107;173;58m██[38;2;107;173;58m██[38;2;107;173;58m██[38;2;65;65;65m██[38;2;206;247;181m██[38;2;82;132;66m██[38;2;206;247;181m██[38;2;0;0;0m██  
      [38;2;0;0;0m██[38;2;107;173;58m██[38;2;82;132;66m██[38;2;148;206;82m██[38;2;206;247;181m██[38;2;206;247;181m██[38;2;173;206;140m██[38;2;0;0;0m██  
      [38;2;0;0;0m██[38;2;65;65;65m██[38;2;148;206;82m██[38;2;148;206;82m██[38;2;148;206;82m██[38;2;148;206;82m██[38;2;0;0;0m██    
    [38;2;0;0;0m██[38;2;107;173;58m██[38;2;148;206;82m██[38;2;148;206;82m██[38;2;148;206;82m██[38;2;107;173;58m██[38;2;0;0;0m██      
  [38;2;0;0;0m██[38;2;107;173;58m██[38;2;148;206;82m██[38;2;107;173;58m██[38;2;82;132;66m██[38;2;65;65;65m██[38;2;65;65;65m██[38;2;107;173;58m██[38;2;0;0;0m██    
  [38;2;0;0;0m██[38;2;148;206;82m██[38;2;107;173;58m██[38;2;82;132;66m██[38;2;247;230;115m██[38;2;107;173;58m██[38;2;148;206;82m██[38;2;148;206;82m██[38;2;148;206;82m██[38;2;0;0;0m██  
[38;2;0;0;0m██[38;2;107;173;58m██[38;2;65;65;65m██[38;2;189;181;82m██[38;2;247;230;115m██[38;2;247;230;115m██[38;2;247;230;115m██[38;2;107;173;58m██[38;2;148;206;82m██[38;2;148;206;82m██[38;2;107;173;58m██[38;2;0;0;0m██
[38;2;0;0;0m██[38;2;58;107;58m██[38;2;0;0;0m██[38;2;247;230;115m██[38;2;247;230;115m██[38;2;247;230;115m██[38;2;65;65;65m██[38;2;247;230;115m██[38;2;148;206;82m██[38;2;148;206;82m██[38;2;148;206;82m██[38;2;0;0;0m██
[38;2;0;0;0m██[38;2;82;132;66m██[38;2;247;230;115m██[38;2;189;181;82m██[38;2;189;181;82m██[38;2;247;230;115m██[38;2;0;0;0m██[38;2;247;230;115m██[38;2;148;206;82m██[38;2;148;206;82m██[38;2;107;173;58m██[38;2;0;0;0m██
  [38;2;0;0;0m██[38;2;58;107;58m██[38;2;247;230;115m██[38;2;247;230;115m██[38;2;247;230;115m██[38;2;247;230;115m██[38;2;58;107;58m██[38;2;58;107;58m██[38;2;107;173;58m██[38;2;65;65;65m██[38;2;0;0;0m██
  [38;2;0;0;0m██[38;2;82;132;66m██[38;2;58;107;58m██[38;2;82;132;66m██[38;2;82;132;66m██[38;2;58;107;58m██[38;2;82;132;66m██[38;2;82;132;66m██[38;2;58;107;58m██[38;2;0;0;0m██  
    [38;2;0;0;0m██[38;2;0;0;0m██[38;2;58;107;58m██[38;2;58;107;58m██[38;2;82;132;66m██[38;2;58;107;58m██[38;2;58;107;58m██[38;2;0;0;0m██    
        [38;2;0;0;0m██[38;2;0;0;0m██[38;2;189;181;82m██[38;2;189;181;82m██[38;2;0;0;0m██      
            [38;2;0;0;0m██[38;2;0;0;0m██        
