                  [38;2;0;0;0m██                      
                [38;2;0;0;0m██[38;2;247;148;41m██[38;2;0;0;0m██                    
            [38;2;0;0;0m██[38;2;0;0;0m██[38;2;247;148;41m██[38;2;247;148;41m██[38;2;0;0;0m██                    
        [38;2;0;0;0m██[38;2;0;0;0m██[38;2;247;148;41m██[38;2;247;148;41m██[38;2;247;148;41m██[38;2;65;65;65m██[38;2;247;148;41m██[38;2;0;0;0m██                  
      [38;2;0;0;0m██[38;2;247;148;41m██[38;2;247;148;41m██[38;2;247;148;41m██[38;2;247;148;41m██[38;2;65;65;65m██[38;2;247;148;41m██[38;2;247;148;41m██[38;2;0;0;0m██                  
    [38;2;0;0;0m██[38;2;247;148;41m██[38;2;247;148;41m██[38;2;247;148;41m██[38;2;247;230;148m██[38;2;247;230;148m██[38;2;247;148;41m██[38;2;247;148;41m██[38;2;65;65;65m██[38;2;0;0;0m██                  
  [38;2;0;0;0m██[38;2;247;148;41m██[38;2;247;148;41m██[38;2;247;148;41m██[38;2;247;148;41m██[38;2;214;99;66m██[38;2;214;99;66m██[38;2;247;148;41m██[38;2;247;148;41m██[38;2;65;65;65m██[38;2;189;165;66m██[38;2;0;0;0m██                
  [38;2;0;0;0m██[38;2;247;148;41m██[38;2;247;148;41m██[38;2;247;148;41m██[38;2;214;99;66m██[38;2;255;255;255m██[38;2;255;255;255m██[38;2;247;148;41m██[38;2;247;148;41m██[38;2;214;99;66m██[38;2;65;65;65m██[38;2;189;165;66m██[38;2;0;0;0m██    [38;2;0;0;0m██    [38;2;0;0;0m██  
[38;2;0;0;0m██[38;2;247;148;41m██[38;2;247;148;41m██[38;2;247;148;41m██[38;2;247;148;41m██[38;2;247;148;41m██[38;2;0;0;0m██[38;2;255;255;255m██[38;2;247;148;41m██[38;2;214;99;66m██[38;2;214;99;66m██[38;2;65;65;65m██[38;2;247;214;58m██[38;2;0;0;0m██  [38;2;0;0;0m██[38;2;214;189;107m██[38;2;0;0;0m██[38;2;0;0;0m██[38;2;247;230;148m██[38;2;0;0;0m██
[38;2;0;0;0m██[38;2;65;65;65m██[38;2;65;65;65m██[38;2;247;148;41m██[38;2;247;148;41m██[38;2;214;189;107m██[38;2;0;0;0m██[38;2;255;255;255m██[38;2;214;99;66m██[38;2;214;99;66m██[38;2;214;99;66m██[38;2;65;65;65m██[38;2;247;214;58m██[38;2;0;0;0m██  [38;2;0;0;0m██[38;2;214;189;107m██[38;2;65;65;65m██[38;2;65;65;65m██[38;2;247;230;148m██[38;2;0;0;0m██
  [38;2;0;0;0m██[38;2;214;189;107m██[38;2;247;230;148m██[38;2;247;230;148m██[38;2;247;230;148m██[38;2;247;230;148m██[38;2;214;189;107m██[38;2;214;189;107m██[38;2;214;99;66m██[38;2;65;65;65m██[38;2;247;214;58m██[38;2;247;214;58m██[38;2;0;0;0m██  [38;2;0;0;0m██[38;2;214;189;107m██[38;2;65;65;65m██[38;2;214;189;107m██[38;2;247;230;148m██[38;2;0;0;0m██
    [38;2;0;0;0m██[38;2;65;65;65m██[38;2;214;189;107m██[38;2;214;189;107m██[38;2;214;189;107m██[38;2;214;189;107m██[38;2;65;65;65m██[38;2;65;65;65m██[38;2;247;214;58m██[38;2;247;214;58m██[38;2;0;0;0m██  [38;2;0;0;0m██[38;2;214;99;66m██[38;2;214;189;107m██[38;2;65;65;65m██[38;2;247;230;148m██[38;2;247;230;148m██[38;2;0;0;0m██
    [38;2;0;0;0m██[38;2;214;99;66m██[38;2;65;65;65m██[38;2;65;65;65m██[38;2;65;65;65m██[38;2;65;65;65m██[38;2;189;165;66m██[38;2;189;165;66m██[38;2;189;165;66m██[38;2;65;65;65m██[38;2;0;0;0m██  [38;2;0;0;0m██[38;2;214;99;66m██[38;2;65;65;65m██[38;2;247;148;41m██[38;2;247;230;148m██[38;2;214;189;107m██[38;2;0;0;0m██
      [38;2;0;0;0m██[38;2;0;0;0m██[38;2;0;0;0m██[38;2;189;165;66m██[38;2;189;165;66m██[38;2;189;165;66m██[38;2;65;65;65m██[38;2;65;65;65m██[38;2;247;148;41m██[38;2;74;148;255m██[38;2;0;0;0m██[38;2;65;65;65m██[38;2;214;99;66m██[38;2;65;65;65m██[38;2;247;148;41m██[38;2;247;230;148m██[38;2;0;0;0m██  
          [38;2;0;0;0m██[38;2;0;0;0m██[38;2;65;65;65m██[38;2;65;65;65m██[38;2;247;148;41m██[38;2;247;148;41m██[38;2;247;148;41m██[38;2;74;148;255m██[38;2;65;65;65m██[38;2;214;99;66m██[38;2;214;99;66m██[38;2;247;148;41m██[38;2;247;148;41m██[38;2;65;65;65m██[38;2;0;0;0m██  
            [38;2;0;0;0m██[38;2;214;189;107m██[38;2;65;65;65m██[38;2;247;148;41m██[38;2;247;148;41m██[38;2;74;148;255m██[38;2;65;65;65m██[38;2;214;99;66m██[38;2;65;65;65m██[38;2;247;148;41m██[38;2;247;148;41m██[38;2;0;0;0m██[38;2;0;0;0m██    
          [38;2;0;0;0m██[38;2;214;99;66m██[38;2;247;230;148m██[38;2;247;230;148m██[38;2;65;65;65m██[38;2;65;65;65m██[38;2;214;99;66m██[38;2;214;99;66m██[38;2;214;99;66m██[38;2;65;65;65m██[38;2;0;0;0m██[38;2;0;0;0m██        
          [38;2;0;0;0m██[38;2;65;65;65m██[38;2;214;99;66m██[38;2;247;230;148m██[38;2;247;230;148m██[38;2;214;99;66m██[38;2;247;148;41m██[38;2;247;148;41m██[38;2;65;65;65m██[38;2;0;0;0m██            
            [38;2;0;0;0m██[38;2;0;0;0m██[38;2;0;0;0m██[38;2;0;0;0m██[38;2;247;148;41m██[38;2;247;148;41m██[38;2;0;0;0m██[38;2;0;0;0m██              
                    [38;2;0;0;0m██[38;2;0;0;0m██[38;2;0;0;0m██                
