        [38;2;0;0;0m██[38;2;0;0;0m██[38;2;0;0;0m██[38;2;0;0;0m██                
      [38;2;0;0;0m██[38;2;123;99;82m██[38;2;99;82;66m██[38;2;123;99;82m██[38;2;99;82;66m██[38;2;0;0;0m██              
      [38;2;0;0;0m██[38;2;123;99;82m██[38;2;99;82;66m██[38;2;123;99;82m██[38;2;99;82;66m██[38;2;123;99;82m██[38;2;0;0;0m██[38;2;0;0;0m██[38;2;0;0;0m██        
      [38;2;0;0;0m██[38;2;123;99;82m██[38;2;123;99;82m██[38;2;123;99;82m██[38;2;123;99;82m██[38;2;123;99;82m██[38;2;65;65;65m██[38;2;148;115;99m██[38;2;99;82;66m██[38;2;0;0;0m██      
        [38;2;0;0;0m██[38;2;123;99;82m██[38;2;123;99;82m██[38;2;123;99;82m██[38;2;65;65;65m██[38;2;148;115;99m██[38;2;99;82;66m██[38;2;99;82;66m██[38;2;148;115;99m██[38;2;0;0;0m██    
        [38;2;0;0;0m██[38;2;123;123;123m██[38;2;123;123;123m██[38;2;123;123;123m██[38;2;65;65;65m██[38;2;148;115;99m██[38;2;99;82;66m██[38;2;148;115;99m██[38;2;148;115;99m██[38;2;0;0;0m██    
          [38;2;0;0;0m██[38;2;123;123;123m██[38;2;197;107;140m██[38;2;65;65;65m██[38;2;148;115;99m██[38;2;148;115;99m██[38;2;148;115;99m██[38;2;148;115;99m██[38;2;0;0;0m██    
            [38;2;0;0;0m██[38;2;197;107;140m██[38;2;123;123;123m██[38;2;65;65;65m██[38;2;255;140;165m██[38;2;148;115;99m██[38;2;0;0;0m██      
            [38;2;0;0;0m██[38;2;123;123;123m██[38;2;123;123;123m██[38;2;65;65;65m██[38;2;255;140;165m██[38;2;173;173;165m██[38;2;0;0;0m██      
          [38;2;0;0;0m██[38;2;65;65;65m██[38;2;173;173;165m██[38;2;65;65;65m██[38;2;197;107;140m██[38;2;173;173;165m██[38;2;0;0;0m██        
        [38;2;0;0;0m██[38;2;173;173;165m██[38;2;173;173;165m██[38;2;173;173;165m██[38;2;173;173;165m██[38;2;173;173;165m██[38;2;0;0;0m██          
      [38;2;0;0;0m██[38;2;214;214;214m██[38;2;173;173;165m██[38;2;173;173;165m██[38;2;214;214;214m██[38;2;123;123;123m██[38;2;173;173;165m██[38;2;0;0;0m██          
  [38;2;0;0;0m██[38;2;0;0;0m██[38;2;0;0;0m██[38;2;255;255;255m██[38;2;173;173;165m██[38;2;214;214;214m██[38;2;255;255;255m██[38;2;214;214;214m██[38;2;123;123;123m██[38;2;0;0;0m██          
[38;2;0;0;0m██[38;2;173;173;165m██[38;2;173;173;165m██[38;2;123;123;123m██[38;2;173;173;165m██[38;2;173;173;165m██[38;2;255;255;255m██[38;2;0;0;0m██[38;2;255;255;255m██[38;2;123;123;123m██[38;2;0;0;0m██          
  [38;2;0;0;0m██[38;2;0;0;0m██[38;2;173;173;165m██[38;2;255;140;165m██[38;2;173;173;165m██[38;2;255;255;255m██[38;2;0;0;0m██[38;2;255;255;255m██[38;2;65;65;65m██[38;2;65;65;65m██[38;2;0;0;0m██        
    [38;2;0;0;0m██[38;2;173;173;165m██[38;2;65;65;65m██[38;2;173;173;165m██[38;2;173;173;165m██[38;2;255;255;255m██[38;2;123;123;123m██[38;2;173;173;165m██[38;2;173;173;165m██[38;2;65;65;65m██[38;2;0;0;0m██      
      [38;2;0;0;0m██[38;2;123;123;123m██[38;2;65;65;65m██[38;2;173;173;165m██[38;2;173;173;165m██[38;2;173;173;165m██[38;2;65;65;65m██[38;2;65;65;65m██[38;2;123;99;82m██[38;2;0;0;0m██      
        [38;2;0;0;0m██[38;2;255;255;255m██[38;2;65;65;65m██[38;2;65;65;65m██[38;2;65;65;65m██[38;2;148;115;99m██[38;2;148;115;99m██[38;2;0;0;0m██  [38;2;0;0;0m██[38;2;0;0;0m██  
          [38;2;0;0;0m██[38;2;123;99;82m██[38;2;148;115;99m██[38;2;123;99;82m██[38;2;123;99;82m██[38;2;65;65;65m██[38;2;123;123;123m██[38;2;0;0;0m██[38;2;123;123;123m██[38;2;123;123;123m██[38;2;0;0;0m██
        [38;2;0;0;0m██[38;2;173;173;165m██[38;2;65;65;65m██[38;2;65;65;65m██[38;2;65;65;65m██[38;2;65;65;65m██[38;2;123;123;123m██[38;2;173;173;165m██[38;2;173;173;165m██[38;2;65;65;65m██[38;2;0;0;0m██  
          [38;2;0;0;0m██[38;2;65;65;65m██[38;2;173;173;165m██[38;2;65;65;65m██[38;2;123;123;123m██[38;2;173;173;165m██[38;2;173;173;165m██[38;2;173;173;165m██[38;2;0;0;0m██    
        [38;2;0;0;0m██[38;2;99;82;66m██[38;2;99;82;66m██[38;2;65;65;65m██[38;2;0;0;0m██[38;2;65;65;65m██[38;2;173;173;165m██[38;2;173;173;165m██[38;2;65;65;65m██[38;2;0;0;0m██    
          [38;2;0;0;0m██[38;2;0;0;0m██[38;2;0;0;0m██  [38;2;0;0;0m██[38;2;65;65;65m██[38;2;65;65;65m██[38;2;0;0;0m██      
                [38;2;0;0;0m██[38;2;148;115;99m██[38;2;123;99;82m██[38;2;148;115;99m██[38;2;0;0;0m██      
                  [38;2;0;0;0m██[38;2;0;0;0m██[38;2;0;0;0m██        
