                  [38;2;0;0;0m██[38;2;0;0;0m██            
                [38;2;0;0;0m██[38;2;115;115;115m██[38;2;0;0;0m██            
              [38;2;0;0;0m██[38;2;115;115;115m██[38;2;115;115;115m██[38;2;0;0;0m██            
              [38;2;0;0;0m██[38;2;65;65;65m██[38;2;65;65;65m██[38;2;0;0;0m██            
            [38;2;0;0;0m██[38;2;0;0;0m██[38;2;115;115;115m██[38;2;115;115;115m██[38;2;0;0;0m██            
        [38;2;0;0;0m██[38;2;0;0;0m██[38;2;65;65;65m██[38;2;115;115;115m██[38;2;65;65;65m██[38;2;65;65;65m██[38;2;115;115;115m██[38;2;0;0;0m██          
    [38;2;0;0;0m██[38;2;0;0;0m██[38;2;99;181;74m██[38;2;99;181;74m██[38;2;99;181;74m██[38;2;65;65;65m██[38;2;115;115;115m██[38;2;115;115;115m██[38;2;65;65;65m██[38;2;0;0;0m██          
  [38;2;0;0;0m██[38;2;99;181;74m██[38;2;99;181;74m██[38;2;99;181;74m██[38;2;99;181;74m██[38;2;65;65;65m██[38;2;115;115;115m██[38;2;65;65;65m██[38;2;65;65;65m██[38;2;65;65;65m██[38;2;115;115;115m██[38;2;0;0;0m██        
    [38;2;0;0;0m██[38;2;99;181;74m██[38;2;99;181;74m██[38;2;65;65;65m██[38;2;115;115;115m██[38;2;115;115;115m██[38;2;115;115;115m██[38;2;65;65;65m██[38;2;99;181;74m██[38;2;65;65;65m██[38;2;0;0;0m██        
      [38;2;0;0;0m██[38;2;65;65;65m██[38;2;115;115;115m██[38;2;115;115;115m██[38;2;115;115;115m██[38;2;115;115;115m██[38;2;65;65;65m██[38;2;99;181;74m██[38;2;99;181;74m██[38;2;99;181;74m██[38;2;0;0;0m██      
      [38;2;0;0;0m██[38;2;247;230;41m██[38;2;115;115;115m██[38;2;115;115;115m██[38;2;115;115;115m██[38;2;115;115;115m██[38;2;65;65;65m██[38;2;99;181;74m██[38;2;99;181;74m██[38;2;99;181;74m██[38;2;0;0;0m██      
    [38;2;0;0;0m██[38;2;65;65;65m██[38;2;115;115;115m██[38;2;65;65;65m██[38;2;115;115;115m██[38;2;115;115;115m██[38;2;115;115;115m██[38;2;247;230;41m██[38;2;65;65;65m██[38;2;99;181;74m██[38;2;99;181;74m██[38;2;99;181;74m██[38;2;0;0;0m██    
  [38;2;0;0;0m██[38;2;99;181;74m██[38;2;99;181;74m██[38;2;115;115;115m██[38;2;0;0;0m██[38;2;65;65;65m██[38;2;115;115;115m██[38;2;115;115;115m██[38;2;0;0;0m██[38;2;189;165;90m██[38;2;65;65;65m██[38;2;65;65;65m██[38;2;65;65;65m██[38;2;0;0;0m██    
  [38;2;0;0;0m██[38;2;99;181;74m██[38;2;99;181;74m██[38;2;0;0;0m██[38;2;115;115;115m██[38;2;115;115;115m██[38;2;115;115;115m██[38;2;115;115;115m██[38;2;247;230;41m██[38;2;115;115;115m██[38;2;115;115;115m██[38;2;65;65;65m██[38;2;82;132;74m██[38;2;65;65;65m██[38;2;0;0;0m██  
[38;2;0;0;0m██[38;2;99;181;74m██[38;2;99;181;74m██[38;2;65;65;65m██[38;2;99;181;74m██[38;2;0;0;0m██[38;2;65;65;65m██[38;2;115;115;115m██[38;2;115;115;115m██[38;2;65;65;65m██[38;2;65;65;65m██[38;2;65;65;65m██[38;2;82;132;74m██[38;2;82;132;74m██[38;2;82;132;74m██[38;2;0;0;0m██  
[38;2;0;0;0m██[38;2;0;0;0m██[38;2;65;65;65m██[38;2;99;181;74m██[38;2;99;181;74m██[38;2;65;65;65m██[38;2;99;181;74m██[38;2;65;65;65m██[38;2;65;65;65m██[38;2;99;181;74m██[38;2;99;181;74m██[38;2;65;65;65m██[38;2;65;65;65m██[38;2;82;132;74m██[38;2;82;132;74m██[38;2;82;132;74m██[38;2;0;0;0m██
    [38;2;0;0;0m██[38;2;99;181;74m██[38;2;99;181;74m██[38;2;65;65;65m██[38;2;99;181;74m██[38;2;99;181;74m██[38;2;65;65;65m██[38;2;99;181;74m██[38;2;99;181;74m██[38;2;99;181;74m██[38;2;99;181;74m██[38;2;65;65;65m██[38;2;0;0;0m██[38;2;0;0;0m██  
  [38;2;0;0;0m██[38;2;65;65;65m██[38;2;65;65;65m██[38;2;99;181;74m██[38;2;65;65;65m██[38;2;82;132;74m██[38;2;99;181;74m██[38;2;99;181;74m██[38;2;65;65;65m██[38;2;99;181;74m██[38;2;99;181;74m██[38;2;99;181;74m██[38;2;65;65;65m██[38;2;0;0;0m██    
  [38;2;0;0;0m██[38;2;189;165;90m██[38;2;0;0;0m██[38;2;0;0;0m██[38;2;82;132;74m██[38;2;65;65;65m██[38;2;99;181;74m██[38;2;99;181;74m██[38;2;65;65;65m██[38;2;65;65;65m██[38;2;99;181;74m██[38;2;99;181;74m██[38;2;0;0;0m██      
  [38;2;0;0;0m██[38;2;0;0;0m██  [38;2;0;0;0m██[38;2;82;132;74m██[38;2;82;132;74m██[38;2;65;65;65m██[38;2;65;65;65m██[38;2;65;65;65m██[38;2;189;165;90m██[38;2;65;65;65m██[38;2;0;0;0m██        
          [38;2;0;0;0m██[38;2;82;132;74m██[38;2;0;0;0m██[38;2;82;132;74m██[38;2;82;132;74m██[38;2;0;0;0m██[38;2;189;165;90m██[38;2;0;0;0m██        
            [38;2;0;0;0m██  [38;2;0;0;0m██[38;2;0;0;0m██  [38;2;0;0;0m██[38;2;0;0;0m██        
