[38;2;0;0;0m██[38;2;0;0;0m██[38;2;0;0;0m██      [38;2;0;0;0m██[38;2;0;0;0m██            
[38;2;0;0;0m██[38;2;156;156;173m██[38;2;156;156;173m██[38;2;0;0;0m██  [38;2;0;0;0m██[38;2;255;255;255m██[38;2;107;165;206m██[38;2;0;0;0m██          
  [38;2;0;0;0m██[38;2;123;123;148m██[38;2;123;123;148m██[38;2;0;0;0m██[38;2;156;239;255m██[38;2;156;239;255m██[38;2;123;123;148m██[38;2;0;0;0m██  [38;2;0;0;0m██[38;2;0;0;0m██[38;2;0;0;0m██[38;2;0;0;0m██
    [38;2;0;0;0m██[38;2;148;197;255m██[38;2;156;156;173m██[38;2;156;239;255m██[38;2;156;156;173m██[38;2;156;156;173m██[38;2;123;123;148m██[38;2;0;0;0m██[38;2;123;123;148m██[38;2;156;156;173m██[38;2;156;156;173m██[38;2;0;0;0m██
  [38;2;0;0;0m██[38;2;255;255;255m██[38;2;8;74;173m██[38;2;156;156;173m██[38;2;156;156;173m██[38;2;148;197;255m██[38;2;156;156;173m██[38;2;156;156;173m██[38;2;123;123;148m██[38;2;123;123;148m██[38;2;65;65;65m██[38;2;0;0;0m██  
[38;2;0;0;0m██[38;2;255;255;255m██[38;2;197;197;197m██[38;2;255;255;255m██[38;2;255;255;255m██[38;2;156;156;173m██[38;2;8;74;173m██[38;2;156;156;173m██[38;2;255;255;255m██[38;2;255;255;255m██[38;2;65;65;65m██[38;2;0;0;0m██    
[38;2;0;0;0m██[38;2;65;65;65m██[38;2;255;255;255m██[38;2;255;255;255m██[38;2;255;255;255m██[38;2;255;255;255m██[38;2;255;255;255m██[38;2;255;255;255m██[38;2;255;255;255m██[38;2;255;255;255m██[38;2;255;255;255m██[38;2;197;197;197m██[38;2;0;0;0m██  
[38;2;0;0;0m██[38;2;123;123;148m██[38;2;123;123;148m██[38;2;255;255;255m██[38;2;255;255;255m██[38;2;197;197;197m██[38;2;123;123;148m██[38;2;255;255;255m██[38;2;255;255;255m██[38;2;197;197;197m██[38;2;123;123;148m██[38;2;65;65;65m██[38;2;0;0;0m██  
[38;2;0;0;0m██[38;2;65;65;65m██[38;2;123;123;148m██[38;2;123;123;148m██[38;2;156;156;173m██[38;2;156;156;173m██[38;2;156;156;173m██[38;2;156;156;173m██[38;2;156;156;173m██[38;2;123;123;148m██[38;2;107;165;206m██[38;2;123;123;148m██[38;2;0;0;0m██  
  [38;2;0;0;0m██[38;2;156;239;255m██[38;2;107;165;206m██[38;2;123;123;148m██[38;2;123;123;148m██[38;2;123;123;148m██[38;2;123;123;148m██[38;2;123;123;148m██[38;2;123;123;148m██[38;2;156;239;255m██[38;2;0;0;0m██    
    [38;2;0;0;0m██[38;2;65;65;65m██[38;2;123;123;148m██[38;2;123;123;148m██[38;2;123;123;148m██[38;2;107;165;206m██[38;2;107;165;206m██[38;2;65;65;65m██[38;2;0;0;0m██      
      [38;2;0;0;0m██[38;2;0;0;0m██[38;2;107;165;206m██[38;2;156;239;255m██[38;2;156;239;255m██[38;2;0;0;0m██[38;2;0;0;0m██        
          [38;2;0;0;0m██[38;2;0;0;0m██[38;2;0;0;0m██            
