    [38;2;0;0;0m██[38;2;0;0;0m██          [38;2;0;0;0m██[38;2;0;0;0m██        [38;2;0;0;0m██[38;2;0;0;0m██    
    [38;2;0;0;0m██[38;2;247;222;66m██[38;2;0;0;0m██      [38;2;0;0;0m██[38;2;247;222;66m██[38;2;0;0;0m██      [38;2;0;0;0m██[38;2;222;99;90m██[38;2;0;0;0m██    
    [38;2;0;0;0m██[38;2;247;222;66m██[38;2;189;165;66m██[38;2;0;0;0m██    [38;2;0;0;0m██[38;2;247;222;66m██[38;2;0;0;0m██    [38;2;0;0;0m██[38;2;222;99;90m██[38;2;247;222;66m██[38;2;0;0;0m██    
    [38;2;0;0;0m██[38;2;247;222;66m██[38;2;189;165;66m██[38;2;0;0;0m██  [38;2;0;0;0m██[38;2;247;222;66m██[38;2;189;165;66m██[38;2;0;0;0m██[38;2;0;0;0m██  [38;2;0;0;0m██[38;2;222;99;90m██[38;2;247;222;66m██[38;2;0;0;0m██    
    [38;2;0;0;0m██[38;2;247;222;66m██[38;2;189;165;66m██[38;2;189;165;66m██[38;2;0;0;0m██[38;2;0;0;0m██[38;2;247;222;66m██[38;2;189;165;66m██[38;2;0;0;0m██[38;2;58;74;165m██[38;2;0;0;0m██[38;2;222;99;90m██[38;2;247;222;66m██[38;2;247;222;66m██[38;2;189;165;66m██[38;2;0;0;0m██  
      [38;2;0;0;0m██[38;2;189;165;66m██[38;2;189;165;66m██[38;2;58;74;165m██[38;2;247;222;66m██[38;2;189;165;66m██[38;2;189;165;66m██[38;2;189;165;66m██[38;2;58;74;165m██[38;2;58;74;165m██[38;2;0;0;0m██[38;2;247;222;66m██[38;2;189;165;66m██[38;2;65;65;65m██[38;2;0;0;0m██  
      [38;2;0;0;0m██[38;2;189;165;66m██[38;2;58;74;165m██[38;2;74;107;214m██[38;2;247;222;66m██[38;2;189;165;66m██[38;2;74;107;214m██[38;2;74;107;214m██[38;2;58;74;165m██[38;2;58;74;165m██[38;2;58;74;165m██[38;2;0;0;0m██[38;2;189;165;66m██[38;2;0;0;0m██    
  [38;2;0;0;0m██[38;2;0;0;0m██[38;2;74;107;214m██[38;2;189;165;66m██[38;2;74;107;214m██[38;2;74;107;214m██[38;2;189;165;66m██[38;2;74;107;214m██[38;2;74;107;214m██[38;2;58;74;165m██[38;2;58;74;165m██[38;2;58;74;165m██[38;2;58;74;165m██[38;2;0;0;0m██[38;2;65;65;65m██[38;2;0;0;0m██    
[38;2;0;0;0m██[38;2;189;165;66m██[38;2;65;65;65m██[38;2;65;65;65m██[38;2;74;107;214m██[38;2;74;107;214m██[38;2;74;107;214m██[38;2;58;74;165m██[38;2;74;107;214m██[38;2;0;0;0m██[38;2;0;0;0m██[38;2;58;74;165m██[38;2;58;74;165m██[38;2;58;74;165m██[38;2;189;165;66m██[38;2;189;165;66m██[38;2;0;0;0m██[38;2;0;0;0m██  
  [38;2;0;0;0m██[38;2;65;65;65m██[38;2;255;255;255m██[38;2;65;65;65m██[38;2;74;107;214m██[38;2;65;65;65m██[38;2;58;74;165m██[38;2;0;0;0m██[38;2;255;255;255m██[38;2;0;0;0m██[38;2;58;74;165m██[38;2;189;165;66m██[38;2;247;222;66m██[38;2;247;222;66m██[38;2;247;222;66m██[38;2;247;222;66m██[38;2;247;222;66m██[38;2;0;0;0m██
    [38;2;0;0;0m██[38;2;255;255;255m██[38;2;65;65;65m██[38;2;222;99;90m██[38;2;255;255;255m██[38;2;65;65;65m██[38;2;222;99;90m██[38;2;255;255;255m██[38;2;0;0;0m██[38;2;222;99;90m██[38;2;65;65;65m██[38;2;189;165;66m██[38;2;247;222;66m██[38;2;247;222;66m██[38;2;65;65;65m██[38;2;0;0;0m██  
    [38;2;0;0;0m██[38;2;222;99;90m██[38;2;222;99;90m██[38;2;222;99;90m██[38;2;255;255;255m██[38;2;65;65;65m██[38;2;255;255;255m██[38;2;222;99;90m██[38;2;173;74;66m██[38;2;222;99;90m██[38;2;173;74;66m██[38;2;65;65;65m██[38;2;65;65;65m██[38;2;65;65;65m██[38;2;0;0;0m██    
      [38;2;0;0;0m██[38;2;222;99;90m██[38;2;222;99;90m██[38;2;222;99;90m██[38;2;222;99;90m██[38;2;222;99;90m██[38;2;222;99;90m██[38;2;222;99;90m██[38;2;173;74;66m██[38;2;173;74;66m██[38;2;173;74;66m██[38;2;65;65;65m██[38;2;189;165;66m██[38;2;189;165;66m██[38;2;0;0;0m██  
      [38;2;0;0;0m██[38;2;65;65;65m██[38;2;247;222;66m██[38;2;222;99;90m██[38;2;222;99;90m██[38;2;222;99;90m██[38;2;222;99;90m██[38;2;173;74;66m██[38;2;173;74;66m██[38;2;173;74;66m██[38;2;65;65;65m██[38;2;173;74;66m██[38;2;189;165;66m██[38;2;65;65;65m██[38;2;0;0;0m██  
        [38;2;0;0;0m██[38;2;0;0;0m██[38;2;189;165;66m██[38;2;189;165;66m██[38;2;173;74;66m██[38;2;173;74;66m██[38;2;173;74;66m██[38;2;0;0;0m██[38;2;0;0;0m██[38;2;0;0;0m██[38;2;173;74;66m██[38;2;189;165;66m██[38;2;0;0;0m██    
            [38;2;0;0;0m██[38;2;0;0;0m██[38;2;65;65;65m██[38;2;65;65;65m██[38;2;0;0;0m██      [38;2;0;0;0m██[38;2;173;74;66m██[38;2;0;0;0m██    
              [38;2;0;0;0m██[38;2;247;222;66m██[38;2;189;165;66m██[38;2;0;0;0m██        [38;2;0;0;0m██[38;2;0;0;0m██    
              [38;2;0;0;0m██[38;2;247;222;66m██[38;2;0;0;0m██                  
                [38;2;0;0;0m██                    
