              [38;2;0;0;0m██              [38;2;0;0;0m██[38;2;0;0;0m██        
            [38;2;0;0;0m██[38;2;230;214;247m██[38;2;0;0;0m██        [38;2;0;0;0m██[38;2;0;0;0m██[38;2;230;214;247m██[38;2;0;0;0m██        
            [38;2;0;0;0m██[38;2;230;214;247m██[38;2;0;0;0m██    [38;2;0;0;0m██[38;2;0;0;0m██[38;2;230;214;247m██[38;2;230;214;247m██[38;2;0;0;0m██          
  [38;2;0;0;0m██[38;2;0;0;0m██      [38;2;0;0;0m██[38;2;230;214;247m██[38;2;230;214;247m██[38;2;0;0;0m██[38;2;0;0;0m██[38;2;206;165;239m██[38;2;230;214;247m██[38;2;230;214;247m██[38;2;156;123;156m██[38;2;0;0;0m██[38;2;0;0;0m██        
  [38;2;0;0;0m██[38;2;230;197;255m██[38;2;0;0;0m██[38;2;0;0;0m██[38;2;0;0;0m██[38;2;156;123;156m██[38;2;230;214;247m██[38;2;230;214;247m██[38;2;156;123;156m██[38;2;230;214;247m██[38;2;230;214;247m██[38;2;206;165;239m██[38;2;206;165;239m██[38;2;206;165;239m██[38;2;206;165;239m██[38;2;156;123;156m██[38;2;0;0;0m██      
    [38;2;0;0;0m██[38;2;230;197;255m██[38;2;156;123;156m██[38;2;230;214;247m██[38;2;156;123;156m██[38;2;230;214;247m██[38;2;230;214;247m██[38;2;230;214;247m██[38;2;230;214;247m██[38;2;230;214;247m██[38;2;230;214;247m██[38;2;230;214;247m██[38;2;206;165;239m██[38;2;230;214;247m██[38;2;206;165;239m██[38;2;206;165;239m██[38;2;0;0;0m██    
    [38;2;0;0;0m██[38;2;156;123;156m██[38;2;230;214;247m██[38;2;206;165;239m██[38;2;156;123;156m██[38;2;230;214;247m██[38;2;230;214;247m██[38;2;230;214;247m██[38;2;230;214;247m██[38;2;206;165;239m██[38;2;230;214;247m██[38;2;230;214;247m██[38;2;230;214;247m██[38;2;206;165;239m██[38;2;230;214;247m██[38;2;230;197;255m██[38;2;156;123;156m██[38;2;0;0;0m██  
    [38;2;0;0;0m██[38;2;230;214;247m██[38;2;230;214;247m██[38;2;206;165;239m██[38;2;230;214;247m██[38;2;230;214;247m██[38;2;230;214;247m██[38;2;230;214;247m██[38;2;230;214;247m██[38;2;230;214;247m██[38;2;206;165;239m██[38;2;230;214;247m██[38;2;230;214;247m██[38;2;230;197;255m██[38;2;156;123;156m██[38;2;230;197;255m██[38;2;206;165;239m██[38;2;0;0;0m██  
    [38;2;0;0;0m██[38;2;230;214;247m██[38;2;206;165;239m██[38;2;230;214;247m██[38;2;230;214;247m██[38;2;230;214;247m██[38;2;230;214;247m██[38;2;230;214;247m██[38;2;230;214;247m██[38;2;230;214;247m██[38;2;230;214;247m██[38;2;156;123;156m██[38;2;230;197;255m██[38;2;206;165;239m██[38;2;206;165;239m██[38;2;156;123;156m██[38;2;206;165;239m██[38;2;0;0;0m██  
  [38;2;0;0;0m██[38;2;230;197;255m██[38;2;230;214;247m██[38;2;206;165;239m██[38;2;230;214;247m██[38;2;230;214;247m██[38;2;230;214;247m██[38;2;230;214;247m██[38;2;156;123;156m██[38;2;156;123;156m██[38;2;230;214;247m██[38;2;230;214;247m██[38;2;156;123;156m██[38;2;206;165;239m██[38;2;206;165;239m██[38;2;206;165;239m██[38;2;156;123;156m██[38;2;206;165;239m██[38;2;0;0;0m██  
  [38;2;0;0;0m██[38;2;230;197;255m██[38;2;206;165;239m██[38;2;230;214;247m██[38;2;230;214;247m██[38;2;230;214;247m██[38;2;230;214;247m██[38;2;156;99;197m██[38;2;247;99;82m██[38;2;156;99;197m██[38;2;65;65;65m██[38;2;230;197;255m██[38;2;206;165;239m██[38;2;156;123;156m██[38;2;206;165;239m██[38;2;206;165;239m██[38;2;156;123;156m██[38;2;0;0;0m██    
  [38;2;0;0;0m██[38;2;206;165;239m██[38;2;156;123;156m██[38;2;230;197;255m██[38;2;230;214;247m██[38;2;230;214;247m██[38;2;156;99;197m██[38;2;230;214;206m██[38;2;247;99;82m██[38;2;156;99;197m██[38;2;65;65;65m██[38;2;206;165;239m██[38;2;206;165;239m██[38;2;156;123;156m██[38;2;206;165;239m██[38;2;206;165;239m██[38;2;156;123;156m██[38;2;0;0;0m██    
  [38;2;0;0;0m██[38;2;156;123;156m██[38;2;156;123;156m██[38;2;206;165;239m██[38;2;230;197;255m██[38;2;230;197;255m██[38;2;65;65;65m██[38;2;247;99;82m██[38;2;247;99;82m██[38;2;156;99;197m██[38;2;65;65;65m██[38;2;206;165;239m██[38;2;206;165;239m██[38;2;156;123;156m██[38;2;206;165;239m██[38;2;156;123;156m██[38;2;206;165;239m██[38;2;206;165;239m██[38;2;0;0;0m██  
[38;2;0;0;0m██[38;2;206;165;239m██[38;2;206;165;239m██[38;2;65;65;65m██[38;2;206;165;239m██[38;2;206;165;239m██[38;2;206;165;239m██[38;2;206;165;239m██[38;2;65;65;65m██[38;2;65;65;65m██[38;2;65;65;65m██[38;2;206;165;239m██[38;2;206;165;239m██[38;2;156;123;156m██[38;2;206;165;239m██[38;2;0;0;0m██[38;2;0;0;0m██[38;2;0;0;0m██[38;2;206;165;239m██[38;2;206;165;239m██[38;2;0;0;0m██
[38;2;0;0;0m██[38;2;0;0;0m██[38;2;0;0;0m██[38;2;0;0;0m██[38;2;0;0;0m██[38;2;206;165;239m██[38;2;206;165;239m██[38;2;206;165;239m██[38;2;206;165;239m██[38;2;206;165;239m██[38;2;206;165;239m██[38;2;206;165;239m██[38;2;156;123;156m██[38;2;0;0;0m██[38;2;0;0;0m██      [38;2;0;0;0m██[38;2;0;0;0m██[38;2;0;0;0m██
          [38;2;0;0;0m██[38;2;0;0;0m██[38;2;156;123;156m██[38;2;206;165;239m██[38;2;0;0;0m██[38;2;0;0;0m██[38;2;0;0;0m██[38;2;0;0;0m██                
            [38;2;0;0;0m██[38;2;206;165;239m██[38;2;0;0;0m██                        
            [38;2;0;0;0m██[38;2;0;0;0m██                          
