        [38;2;0;0;0m██[38;2;0;0;0m██              
      [38;2;0;0;0m██[38;2;197;197;197m██[38;2;197;197;197m██[38;2;0;0;0m██            
    [38;2;0;0;0m██[38;2;197;197;197m██[38;2;197;197;197m██[38;2;0;0;0m██              
    [38;2;0;0;0m██[38;2;197;197;197m██[38;2;197;197;197m██[38;2;65;65;65m██[38;2;0;0;0m██[38;2;0;0;0m██          
      [38;2;0;0;0m██[38;2;197;197;197m██[38;2;197;197;197m██[38;2;132;132;115m██[38;2;197;197;197m██[38;2;0;0;0m██[38;2;0;0;0m██      
    [38;2;0;0;0m██[38;2;197;197;197m██[38;2;65;65;65m██[38;2;197;197;197m██[38;2;197;197;197m██[38;2;197;197;197m██[38;2;197;197;197m██[38;2;197;197;197m██[38;2;0;0;0m██    
  [38;2;0;0;0m██[38;2;197;197;197m██[38;2;197;197;197m██[38;2;197;197;197m██[38;2;197;197;197m██[38;2;197;197;197m██[38;2;197;197;197m██[38;2;197;197;197m██[38;2;197;197;197m██[38;2;197;197;197m██[38;2;0;0;0m██  
  [38;2;0;0;0m██[38;2;197;197;197m██[38;2;197;197;197m██[38;2;197;197;197m██[38;2;197;197;197m██[38;2;197;197;197m██[38;2;197;197;197m██[38;2;197;197;197m██[38;2;197;197;197m██[38;2;197;197;197m██[38;2;0;0;0m██  
[38;2;0;0;0m██[38;2;255;255;255m██[38;2;197;197;197m██[38;2;197;197;197m██[38;2;197;197;197m██[38;2;197;197;197m██[38;2;197;197;197m██[38;2;197;197;197m██[38;2;197;197;197m██[38;2;197;197;197m██[38;2;197;197;197m██[38;2;197;197;197m██[38;2;0;0;0m██
[38;2;0;0;0m██[38;2;65;65;65m██[38;2;197;197;197m██[38;2;197;197;197m██[38;2;197;197;197m██[38;2;255;255;255m██[38;2;255;255;255m██[38;2;255;255;255m██[38;2;197;197;197m██[38;2;197;197;197m██[38;2;197;197;197m██[38;2;197;197;197m██[38;2;0;0;0m██
[38;2;0;0;0m██[38;2;255;255;255m██[38;2;255;255;255m██[38;2;197;197;197m██[38;2;255;255;255m██[38;2;197;197;197m██[38;2;65;65;65m██[38;2;255;255;255m██[38;2;255;255;255m██[38;2;197;197;197m██[38;2;197;197;197m██[38;2;156;156;156m██[38;2;0;0;0m██
  [38;2;0;0;0m██[38;2;255;255;255m██[38;2;255;255;255m██[38;2;255;255;255m██[38;2;65;65;65m██[38;2;0;0;0m██[38;2;255;255;255m██[38;2;255;255;255m██[38;2;197;197;197m██[38;2;156;156;156m██[38;2;0;0;0m██  
  [38;2;0;0;0m██[38;2;156;156;156m██[38;2;156;156;156m██[38;2;197;197;197m██[38;2;255;255;255m██[38;2;255;255;255m██[38;2;255;255;255m██[38;2;197;197;197m██[38;2;156;156;156m██[38;2;156;156;156m██[38;2;0;0;0m██  
    [38;2;0;0;0m██[38;2;156;156;156m██[38;2;156;156;156m██[38;2;65;65;65m██[38;2;156;156;156m██[38;2;156;156;156m██[38;2;156;156;156m██[38;2;156;156;156m██[38;2;0;0;0m██    
      [38;2;0;0;0m██[38;2;65;65;65m██[38;2;156;156;156m██[38;2;156;156;156m██[38;2;156;156;156m██[38;2;65;65;65m██[38;2;0;0;0m██      
    [38;2;0;0;0m██[38;2;132;132;115m██[38;2;197;197;197m██[38;2;156;156;156m██[38;2;156;156;156m██[38;2;156;156;156m██[38;2;197;197;197m██[38;2;156;156;156m██[38;2;0;0;0m██[38;2;0;0;0m██  
    [38;2;0;0;0m██[38;2;197;197;197m██[38;2;197;197;197m██[38;2;197;197;197m██[38;2;197;197;197m██[38;2;197;197;197m██[38;2;197;197;197m██[38;2;197;197;197m██[38;2;156;156;156m██[38;2;156;156;156m██[38;2;0;0;0m██
    [38;2;0;0;0m██[38;2;132;132;115m██[38;2;197;197;197m██[38;2;132;132;115m██[38;2;197;197;197m██[38;2;197;197;197m██[38;2;197;197;197m██[38;2;156;156;156m██[38;2;0;0;0m██[38;2;0;0;0m██  
      [38;2;0;0;0m██[38;2;0;0;0m██[38;2;65;65;65m██[38;2;132;132;115m██[38;2;197;197;197m██[38;2;197;197;197m██[38;2;0;0;0m██      
            [38;2;0;0;0m██[38;2;0;0;0m██[38;2;0;0;0m██        
