      [38;2;0;0;0m██                    
    [38;2;0;0;0m██[38;2;181;58;41m██[38;2;0;0;0m██  [38;2;0;0;0m██[38;2;0;0;0m██[38;2;0;0;0m██          
    [38;2;0;0;0m██[38;2;181;58;41m██[38;2;0;0;0m██[38;2;0;0;0m██[38;2;230;74;41m██[38;2;230;74;41m██[38;2;230;74;41m██[38;2;0;0;0m██        
    [38;2;0;0;0m██[38;2;181;58;41m██[38;2;230;74;41m██[38;2;230;74;41m██[38;2;230;74;41m██[38;2;181;58;41m██[38;2;65;65;65m██[38;2;0;0;0m██        
  [38;2;0;0;0m██[38;2;156;206;74m██[38;2;65;65;65m██[38;2;230;74;41m██[38;2;65;65;65m██[38;2;65;65;65m██[38;2;65;65;65m██[38;2;156;206;74m██[38;2;0;0;0m██        
  [38;2;0;0;0m██[38;2;156;206;74m██[38;2;65;65;65m██[38;2;65;65;65m██[38;2;156;206;74m██[38;2;156;206;74m██[38;2;247;230;41m██[38;2;247;230;41m██[38;2;156;206;74m██[38;2;0;0;0m██      
[38;2;0;0;0m██[38;2;123;156;74m██[38;2;123;156;74m██[38;2;156;206;74m██[38;2;156;206;74m██[38;2;156;206;74m██[38;2;247;230;41m██[38;2;0;0;0m██[38;2;0;0;0m██[38;2;247;230;41m██[38;2;0;0;0m██      
[38;2;0;0;0m██[38;2;156;206;74m██[38;2;156;206;74m██[38;2;123;156;74m██[38;2;156;206;74m██[38;2;156;206;74m██[38;2;247;230;41m██[38;2;0;0;0m██[38;2;0;0;0m██[38;2;214;189;41m██[38;2;0;0;0m██      
[38;2;0;0;0m██[38;2;99;123;49m██[38;2;156;206;74m██[38;2;156;206;74m██[38;2;99;123;49m██[38;2;123;156;74m██[38;2;123;156;74m██[38;2;214;189;41m██[38;2;214;189;41m██[38;2;123;156;74m██[38;2;0;0;0m██  [38;2;0;0;0m██  
  [38;2;0;0;0m██[38;2;99;123;49m██[38;2;99;123;49m██[38;2;65;65;65m██[38;2;123;156;74m██[38;2;123;156;74m██[38;2;123;156;74m██[38;2;65;65;65m██[38;2;0;0;0m██  [38;2;65;65;65m██[38;2;230;206;99m██[38;2;0;0;0m██
    [38;2;0;0;0m██[38;2;65;65;65m██[38;2;65;65;65m██[38;2;65;65;65m██[38;2;65;65;65m██[38;2;65;65;65m██[38;2;123;156;74m██[38;2;0;0;0m██  [38;2;65;65;65m██[38;2;230;206;99m██[38;2;0;0;0m██
      [38;2;0;0;0m██[38;2;230;206;99m██[38;2;230;206;99m██[38;2;156;206;74m██[38;2;156;206;74m██[38;2;123;156;74m██[38;2;0;0;0m██[38;2;65;65;65m██[38;2;65;65;65m██[38;2;189;165;90m██[38;2;0;0;0m██
        [38;2;0;0;0m██[38;2;230;206;99m██[38;2;230;206;99m██[38;2;123;156;74m██[38;2;0;0;0m██[38;2;123;156;74m██[38;2;65;65;65m██[38;2;123;156;74m██[38;2;0;0;0m██  
          [38;2;0;0;0m██[38;2;65;65;65m██[38;2;65;65;65m██[38;2;123;156;74m██[38;2;123;156;74m██[38;2;123;156;74m██[38;2;65;65;65m██[38;2;0;0;0m██  
            [38;2;0;0;0m██[38;2;189;165;90m██[38;2;189;165;90m██[38;2;123;156;74m██[38;2;0;0;0m██[38;2;0;0;0m██    
              [38;2;0;0;0m██[38;2;0;0;0m██[38;2;0;0;0m██        
