                                  [38;2;0;0;0m██[38;2;0;0;0m██                                      
                    [38;2;0;0;0m██      [38;2;0;0;0m██[38;2;0;0;0m██  [38;2;0;0;0m██[38;2;247;148;115m██[38;2;0;0;0m██                        [38;2;0;0;0m██[38;2;0;0;0m██        
                  [38;2;0;0;0m██[38;2;247;148;115m██[38;2;0;0;0m██  [38;2;0;0;0m██[38;2;181;66;58m██[38;2;0;0;0m██  [38;2;0;0;0m██[38;2;247;148;115m██[38;2;247;148;115m██[38;2;0;0;0m██                      [38;2;0;0;0m██[38;2;255;74;58m██[38;2;0;0;0m██      
                  [38;2;0;0;0m██[38;2;247;148;115m██[38;2;0;0;0m██[38;2;0;0;0m██[38;2;181;66;58m██[38;2;181;66;58m██[38;2;0;0;0m██    [38;2;0;0;0m██[38;2;247;148;115m██[38;2;0;0;0m██                      [38;2;0;0;0m██[38;2;255;74;58m██[38;2;255;74;58m██[38;2;0;0;0m██    
                [38;2;0;0;0m██[38;2;247;148;115m██[38;2;247;148;115m██[38;2;65;65;65m██[38;2;181;66;58m██[38;2;181;66;58m██[38;2;181;66;58m██[38;2;0;0;0m██    [38;2;0;0;0m██[38;2;247;148;115m██[38;2;214;99;90m██[38;2;0;0;0m██[38;2;0;0;0m██                    [38;2;0;0;0m██[38;2;255;74;58m██[38;2;0;0;0m██    
            [38;2;0;0;0m██  [38;2;0;0;0m██[38;2;247;148;115m██[38;2;65;65;65m██[38;2;181;66;58m██[38;2;181;66;58m██[38;2;181;66;58m██[38;2;0;0;0m██      [38;2;0;0;0m██[38;2;247;148;115m██[38;2;247;148;115m██[38;2;214;99;90m██[38;2;247;148;115m██[38;2;0;0;0m██                  [38;2;0;0;0m██[38;2;255;74;58m██[38;2;255;74;58m██[38;2;0;0;0m██  
          [38;2;0;0;0m██[38;2;214;99;90m██[38;2;0;0;0m██[38;2;247;148;115m██[38;2;247;148;115m██[38;2;65;65;65m██[38;2;65;65;65m██[38;2;181;66;58m██[38;2;181;66;58m██[38;2;0;0;0m██      [38;2;0;0;0m██[38;2;214;99;90m██[38;2;247;148;115m██[38;2;214;99;90m██[38;2;247;148;115m██[38;2;247;148;115m██[38;2;0;0;0m██[38;2;0;0;0m██            [38;2;0;0;0m██[38;2;255;74;58m██[38;2;255;74;58m██[38;2;255;74;58m██[38;2;0;0;0m██  
          [38;2;0;0;0m██[38;2;181;66;58m██[38;2;247;148;115m██[38;2;247;148;115m██[38;2;247;148;115m██[38;2;65;65;65m██[38;2;247;148;115m██[38;2;65;65;65m██[38;2;181;66;58m██[38;2;0;0;0m██        [38;2;0;0;0m██[38;2;247;148;115m██[38;2;247;148;115m██[38;2;214;99;90m██[38;2;247;148;115m██[38;2;247;148;115m██[38;2;247;148;115m██[38;2;0;0;0m██[38;2;0;0;0m██        [38;2;0;0;0m██[38;2;255;74;58m██[38;2;255;74;58m██[38;2;0;0;0m██    
        [38;2;0;0;0m██[38;2;214;99;90m██[38;2;65;65;65m██[38;2;247;148;115m██[38;2;247;148;115m██[38;2;65;65;65m██[38;2;247;148;115m██[38;2;247;148;115m██[38;2;65;65;65m██[38;2;181;66;58m██[38;2;0;0;0m██      [38;2;0;0;0m██[38;2;214;99;90m██[38;2;65;65;65m██[38;2;247;148;115m██[38;2;247;148;115m██[38;2;247;148;115m██[38;2;247;148;115m██[38;2;247;148;115m██[38;2;247;148;115m██[38;2;247;148;115m██[38;2;0;0;0m██    [38;2;0;0;0m██[38;2;255;156;49m██[38;2;255;74;58m██[38;2;255;74;58m██[38;2;0;0;0m██    
        [38;2;0;0;0m██[38;2;181;66;58m██[38;2;247;148;115m██[38;2;247;148;115m██[38;2;247;148;115m██[38;2;65;65;65m██[38;2;247;148;115m██[38;2;65;65;65m██[38;2;58;107;132m██[38;2;181;66;58m██[38;2;181;66;58m██[38;2;0;0;0m██    [38;2;0;0;0m██[38;2;214;99;90m██[38;2;65;65;65m██[38;2;247;148;115m██[38;2;247;148;115m██[38;2;247;148;115m██[38;2;214;99;90m██[38;2;247;148;115m██[38;2;247;148;115m██[38;2;247;148;115m██[38;2;214;99;90m██[38;2;0;0;0m██  [38;2;0;0;0m██[38;2;255;230;41m██[38;2;255;74;58m██[38;2;255;74;58m██[38;2;0;0;0m██    
      [38;2;0;0;0m██[38;2;181;66;58m██[38;2;247;148;115m██[38;2;247;148;115m██[38;2;247;148;115m██[38;2;65;65;65m██[38;2;247;148;115m██[38;2;247;148;115m██[38;2;65;65;65m██[38;2;58;107;132m██[38;2;181;66;58m██[38;2;181;66;58m██[38;2;0;0;0m██  [38;2;0;0;0m██[38;2;214;99;90m██[38;2;214;99;90m██[38;2;58;107;132m██[38;2;65;65;65m██[38;2;247;148;115m██[38;2;247;148;115m██[38;2;247;148;115m██[38;2;214;99;90m██[38;2;247;148;115m██[38;2;247;148;115m██[38;2;214;99;90m██[38;2;0;0;0m██  [38;2;0;0;0m██[38;2;255;156;49m██[38;2;255;230;41m██[38;2;255;230;41m██[38;2;0;0;0m██    
      [38;2;0;0;0m██[38;2;247;148;115m██[38;2;247;148;115m██[38;2;247;148;115m██[38;2;214;99;90m██[38;2;247;148;115m██[38;2;247;148;115m██[38;2;65;65;65m██[38;2;65;65;65m██[38;2;65;65;65m██[38;2;58;107;132m██[38;2;181;66;58m██[38;2;65;65;65m██[38;2;0;0;0m██[38;2;214;99;90m██[38;2;214;99;90m██[38;2;65;65;65m██[38;2;74;132;189m██[38;2;74;132;189m██[38;2;65;65;65m██[38;2;65;65;65m██[38;2;247;148;115m██[38;2;247;148;115m██[38;2;214;99;90m██[38;2;181;66;58m██[38;2;214;99;90m██[38;2;214;99;90m██[38;2;0;0;0m██  [38;2;0;0;0m██[38;2;255;156;49m██[38;2;255;230;41m██[38;2;255;156;49m██[38;2;0;0;0m██  
    [38;2;0;0;0m██[38;2;247;148;115m██[38;2;247;148;115m██[38;2;247;148;115m██[38;2;247;148;115m██[38;2;247;148;115m██[38;2;247;148;115m██[38;2;247;148;115m██[38;2;214;99;90m██[38;2;214;99;90m██[38;2;214;99;90m██[38;2;65;65;65m██[38;2;65;65;65m██[38;2;214;99;90m██[38;2;247;148;115m██[38;2;214;99;90m██[38;2;65;65;65m██[38;2;58;107;132m██[38;2;58;107;132m██[38;2;74;132;189m██[38;2;74;132;189m██[38;2;0;0;0m██[38;2;0;0;0m██[38;2;0;0;0m██[38;2;247;148;115m██[38;2;247;148;115m██[38;2;181;66;58m██[38;2;214;99;90m██[38;2;0;0;0m██  [38;2;0;0;0m██[38;2;255;74;58m██[38;2;255;156;49m██[38;2;255;230;41m██[38;2;0;0;0m██  
    [38;2;0;0;0m██[38;2;247;148;115m██[38;2;247;148;115m██[38;2;247;148;115m██[38;2;214;99;90m██[38;2;247;148;115m██[38;2;255;255;255m██[38;2;214;99;90m██[38;2;214;99;90m██[38;2;214;99;90m██[38;2;214;99;90m██[38;2;214;99;90m██[38;2;214;99;90m██[38;2;247;148;115m██[38;2;247;148;115m██[38;2;247;148;115m██[38;2;181;66;58m██[38;2;181;66;58m██[38;2;214;99;90m██[38;2;58;107;132m██[38;2;0;0;0m██      [38;2;0;0;0m██[38;2;214;99;90m██[38;2;214;99;90m██[38;2;181;66;58m██[38;2;214;99;90m██[38;2;0;0;0m██  [38;2;0;0;0m██[38;2;255;74;58m██[38;2;255;230;41m██[38;2;255;230;41m██[38;2;0;0;0m██
    [38;2;0;0;0m██[38;2;214;99;90m██[38;2;247;148;115m██[38;2;181;66;58m██[38;2;247;148;115m██[38;2;0;0;0m██[38;2;255;255;255m██[38;2;214;99;90m██[38;2;65;65;65m██[38;2;65;65;65m██[38;2;214;181;99m██[38;2;214;181;99m██[38;2;214;99;90m██[38;2;247;148;115m██[38;2;181;66;58m██[38;2;247;148;115m██[38;2;247;148;115m██[38;2;247;148;115m██[38;2;65;65;65m██[38;2;214;99;90m██[38;2;214;99;90m██[38;2;0;0;0m██      [38;2;0;0;0m██[38;2;214;99;90m██[38;2;181;66;58m██[38;2;181;66;58m██[38;2;214;99;90m██[38;2;0;0;0m██[38;2;255;74;58m██[38;2;255;156;49m██[38;2;255;230;41m██[38;2;255;156;49m██[38;2;0;0;0m██
  [38;2;0;0;0m██[38;2;247;148;115m██[38;2;247;148;115m██[38;2;214;99;90m██[38;2;214;99;90m██[38;2;0;0;0m██[38;2;74;132;189m██[38;2;214;99;90m██[38;2;214;99;90m██[38;2;65;65;65m██[38;2;181;66;58m██[38;2;0;0;0m██[38;2;214;181;99m██[38;2;247;222;148m██[38;2;247;222;148m██[38;2;247;222;148m██[38;2;65;65;65m██[38;2;65;65;65m██[38;2;247;148;115m██[38;2;247;148;115m██[38;2;65;65;65m██[38;2;214;99;90m██[38;2;214;99;90m██[38;2;0;0;0m██    [38;2;0;0;0m██[38;2;214;99;90m██[38;2;214;99;90m██[38;2;0;0;0m██[38;2;0;0;0m██[38;2;65;65;65m██[38;2;255;74;58m██[38;2;255;230;41m██[38;2;255;230;41m██[38;2;255;74;58m██[38;2;0;0;0m██
[38;2;0;0;0m██[38;2;247;148;115m██[38;2;247;148;115m██[38;2;247;148;115m██[38;2;247;148;115m██[38;2;247;148;115m██[38;2;247;148;115m██[38;2;214;99;90m██[38;2;214;99;90m██[38;2;65;65;65m██[38;2;181;66;58m██[38;2;0;0;0m██  [38;2;0;0;0m██[38;2;247;222;148m██[38;2;247;222;148m██[38;2;247;222;148m██[38;2;247;222;148m██[38;2;247;222;148m██[38;2;65;65;65m██[38;2;247;148;115m██[38;2;247;148;115m██[38;2;65;65;65m██[38;2;65;65;65m██[38;2;214;99;90m██[38;2;0;0;0m██    [38;2;0;0;0m██[38;2;214;99;90m██[38;2;0;0;0m██  [38;2;0;0;0m██[38;2;255;156;49m██[38;2;255;230;41m██[38;2;255;230;41m██[38;2;255;74;58m██[38;2;0;0;0m██
[38;2;0;0;0m██[38;2;247;148;115m██[38;2;247;148;115m██[38;2;181;66;58m██[38;2;247;148;115m██[38;2;247;148;115m██[38;2;214;99;90m██[38;2;0;0;0m██[38;2;65;65;65m██[38;2;181;66;58m██[38;2;181;66;58m██[38;2;0;0;0m██  [38;2;0;0;0m██[38;2;214;181;99m██[38;2;247;222;148m██[38;2;247;222;148m██[38;2;247;222;148m██[38;2;65;65;65m██[38;2;65;65;65m██[38;2;247;148;115m██[38;2;214;99;90m██[38;2;247;148;115m██[38;2;247;148;115m██[38;2;65;65;65m██[38;2;0;0;0m██    [38;2;0;0;0m██[38;2;181;66;58m██[38;2;214;99;90m██[38;2;0;0;0m██  [38;2;0;0;0m██[38;2;255;156;49m██[38;2;255;230;41m██[38;2;0;0;0m██  
  [38;2;0;0;0m██[38;2;214;99;90m██[38;2;247;148;115m██[38;2;214;99;90m██[38;2;65;65;65m██[38;2;0;0;0m██  [38;2;0;0;0m██[38;2;189;189;189m██[38;2;181;66;58m██[38;2;189;189;189m██[38;2;0;0;0m██[38;2;214;99;90m██[38;2;65;65;65m██[38;2;214;181;99m██[38;2;247;222;148m██[38;2;65;65;65m██[38;2;65;65;65m██[38;2;247;148;115m██[38;2;247;148;115m██[38;2;181;66;58m██[38;2;247;148;115m██[38;2;65;65;65m██[38;2;214;99;90m██[38;2;214;99;90m██[38;2;0;0;0m██    [38;2;0;0;0m██[38;2;214;99;90m██[38;2;0;0;0m██  [38;2;0;0;0m██[38;2;214;99;90m██[38;2;0;0;0m██    
    [38;2;0;0;0m██[38;2;0;0;0m██[38;2;255;255;255m██[38;2;0;0;0m██      [38;2;0;0;0m██[38;2;0;0;0m██[38;2;0;0;0m██[38;2;0;0;0m██[38;2;214;99;90m██[38;2;214;99;90m██[38;2;214;99;90m██[38;2;65;65;65m██[38;2;255;255;255m██[38;2;247;148;115m██[38;2;247;148;115m██[38;2;181;66;58m██[38;2;247;148;115m██[38;2;181;66;58m██[38;2;65;65;65m██[38;2;214;99;90m██[38;2;214;99;90m██[38;2;65;65;65m██[38;2;0;0;0m██  [38;2;0;0;0m██[38;2;214;99;90m██[38;2;65;65;65m██[38;2;0;0;0m██[38;2;247;148;115m██[38;2;247;148;115m██[38;2;0;0;0m██    
        [38;2;0;0;0m██                [38;2;0;0;0m██[38;2;214;99;90m██[38;2;214;99;90m██[38;2;214;99;90m██[38;2;65;65;65m██[38;2;65;65;65m██[38;2;255;255;255m██[38;2;181;66;58m██[38;2;65;65;65m██[38;2;65;65;65m██[38;2;247;148;115m██[38;2;214;99;90m██[38;2;214;99;90m██[38;2;65;65;65m██[38;2;214;99;90m██[38;2;0;0;0m██[38;2;0;0;0m██[38;2;65;65;65m██[38;2;247;148;115m██[38;2;247;148;115m██[38;2;247;148;115m██[38;2;0;0;0m██      
                            [38;2;0;0;0m██[38;2;0;0;0m██[38;2;0;0;0m██[38;2;0;0;0m██[38;2;214;181;99m██[38;2;65;65;65m██[38;2;65;65;65m██[38;2;247;148;115m██[38;2;247;148;115m██[38;2;214;99;90m██[38;2;214;99;90m██[38;2;65;65;65m██[38;2;214;99;90m██[38;2;214;99;90m██[38;2;214;99;90m██[38;2;214;99;90m██[38;2;247;148;115m██[38;2;247;148;115m██[38;2;247;148;115m██[38;2;0;0;0m██        
                                    [38;2;0;0;0m██[38;2;0;0;0m██[38;2;214;99;90m██[38;2;214;99;90m██[38;2;214;99;90m██[38;2;214;99;90m██[38;2;214;99;90m██[38;2;0;0;0m██[38;2;0;0;0m██[38;2;214;99;90m██[38;2;214;99;90m██[38;2;214;99;90m██[38;2;214;99;90m██[38;2;0;0;0m██[38;2;0;0;0m██          
                                        [38;2;0;0;0m██[38;2;255;255;255m██[38;2;181;66;58m██[38;2;189;189;189m██[38;2;0;0;0m██    [38;2;0;0;0m██[38;2;0;0;0m██[38;2;0;0;0m██[38;2;0;0;0m██              
                                          [38;2;0;0;0m██[38;2;0;0;0m██[38;2;0;0;0m██                            
