          [38;2;0;0;0m██[38;2;0;0;0m██[38;2;0;0;0m██                      
        [38;2;0;0;0m██[38;2;107;156;255m██[38;2;107;156;255m██[38;2;107;156;255m██[38;2;0;0;0m██    [38;2;0;0;0m██[38;2;0;0;0m██            
      [38;2;0;0;0m██[38;2;255;255;255m██[38;2;255;255;255m██[38;2;255;255;255m██[38;2;82;115;214m██[38;2;82;115;214m██[38;2;0;0;0m██[38;2;0;0;0m██[38;2;107;156;255m██[38;2;107;156;255m██[38;2;0;0;0m██[38;2;0;0;0m██        
    [38;2;0;0;0m██[38;2;107;156;255m██[38;2;255;255;255m██[38;2;65;65;65m██[38;2;65;65;65m██[38;2;255;255;255m██[38;2;82;115;214m██[38;2;82;115;214m██[38;2;255;255;255m██[38;2;255;255;255m██[38;2;82;115;214m██[38;2;82;115;214m██[38;2;82;115;214m██[38;2;0;0;0m██      
  [38;2;0;0;0m██[38;2;255;255;255m██[38;2;255;255;255m██[38;2;65;65;65m██[38;2;65;65;65m██[38;2;65;65;65m██[38;2;65;65;65m██[38;2;255;255;255m██[38;2;255;255;255m██[38;2;65;65;65m██[38;2;65;65;65m██[38;2;255;255;255m██[38;2;82;115;214m██[38;2;82;115;214m██[38;2;0;0;0m██      
[38;2;0;0;0m██[38;2;255;255;255m██[38;2;65;65;65m██[38;2;65;65;65m██[38;2;65;65;65m██[38;2;65;65;65m██[38;2;65;65;65m██[38;2;65;65;65m██[38;2;65;65;65m██[38;2;65;65;65m██[38;2;65;65;65m██[38;2;65;65;65m██[38;2;65;65;65m██[38;2;255;255;255m██[38;2;82;115;214m██[38;2;82;115;214m██[38;2;0;0;0m██    
[38;2;0;0;0m██[38;2;255;255;255m██[38;2;65;65;65m██[38;2;65;65;65m██[38;2;65;65;65m██[38;2;65;65;65m██[38;2;82;90;156m██[38;2;82;90;156m██[38;2;65;65;65m██[38;2;65;65;65m██[38;2;65;65;65m██[38;2;82;90;156m██[38;2;65;65;65m██[38;2;255;255;255m██[38;2;82;115;214m██[38;2;107;156;255m██[38;2;107;156;255m██[38;2;0;0;0m██  
  [38;2;0;0;0m██[38;2;189;189;189m██[38;2;65;65;65m██[38;2;82;90;156m██[38;2;82;90;156m██[38;2;82;90;156m██[38;2;65;65;65m██[38;2;206;123;99m██[38;2;255;156;173m██[38;2;206;123;99m██[38;2;65;65;65m██[38;2;82;90;156m██[38;2;65;65;65m██[38;2;255;255;255m██[38;2;255;255;255m██[38;2;107;156;255m██[38;2;107;156;255m██[38;2;0;0;0m██
[38;2;0;0;0m██[38;2;189;189;189m██[38;2;65;65;65m██[38;2;82;90;156m██[38;2;82;90;156m██[38;2;123;173;206m██[38;2;65;65;65m██[38;2;255;156;173m██[38;2;255;255;255m██[38;2;255;156;173m██[38;2;255;156;173m██[38;2;255;156;173m██[38;2;65;65;65m██[38;2;82;90;156m██[38;2;65;65;65m██[38;2;65;65;65m██[38;2;255;255;255m██[38;2;82;115;214m██[38;2;0;0;0m██
  [38;2;0;0;0m██[38;2;189;189;189m██[38;2;65;65;65m██[38;2;123;173;206m██[38;2;65;65;65m██[38;2;206;123;99m██[38;2;255;156;173m██[38;2;255;156;173m██[38;2;0;0;0m██[38;2;255;156;173m██[38;2;255;156;173m██[38;2;0;0;0m██[38;2;65;65;65m██[38;2;82;90;156m██[38;2;65;65;65m██[38;2;255;255;255m██[38;2;0;0;0m██  
    [38;2;0;0;0m██[38;2;65;65;65m██[38;2;123;173;206m██[38;2;65;65;65m██[38;2;255;156;173m██[38;2;255;156;173m██[38;2;255;156;173m██[38;2;255;156;173m██[38;2;0;0;0m██[38;2;0;0;0m██[38;2;255;156;173m██[38;2;65;65;65m██[38;2;123;173;206m██[38;2;65;65;65m██[38;2;0;0;0m██    
  [38;2;0;0;0m██[38;2;189;189;189m██[38;2;65;65;65m██[38;2;82;90;156m██[38;2;65;65;65m██[38;2;206;123;99m██[38;2;0;0;0m██[38;2;255;156;173m██[38;2;255;156;173m██[38;2;255;156;173m██[38;2;255;255;255m██[38;2;206;123;99m██[38;2;65;65;65m██[38;2;82;90;156m██[38;2;65;65;65m██[38;2;189;189;189m██[38;2;0;0;0m██  
[38;2;0;0;0m██[38;2;189;189;189m██[38;2;65;65;65m██[38;2;65;65;65m██[38;2;165;222;255m██[38;2;165;222;255m██[38;2;65;65;65m██[38;2;255;156;173m██[38;2;255;156;173m██[38;2;255;156;173m██[38;2;255;156;173m██[38;2;255;156;173m██[38;2;65;65;65m██[38;2;132;197;230m██[38;2;132;197;230m██[38;2;65;65;65m██[38;2;189;189;189m██[38;2;0;0;0m██  
[38;2;0;0;0m██[38;2;255;255;255m██[38;2;65;65;65m██[38;2;65;65;65m██[38;2;65;65;65m██[38;2;165;222;255m██[38;2;165;222;255m██[38;2;65;65;65m██[38;2;206;123;99m██[38;2;255;156;173m██[38;2;206;123;99m██[38;2;65;65;65m██[38;2;165;222;255m██[38;2;165;222;255m██[38;2;65;65;65m██[38;2;65;65;65m██[38;2;0;0;0m██    
  [38;2;0;0;0m██[38;2;255;255;255m██[38;2;255;255;255m██[38;2;65;65;65m██[38;2;65;65;65m██[38;2;123;173;206m██[38;2;123;173;206m██[38;2;65;65;65m██[38;2;65;65;65m██[38;2;65;65;65m██[38;2;123;173;206m██[38;2;65;65;65m██[38;2;65;65;65m██[38;2;189;189;189m██[38;2;189;189;189m██[38;2;0;0;0m██    
    [38;2;0;0;0m██[38;2;82;115;214m██[38;2;255;255;255m██[38;2;65;65;65m██[38;2;65;65;65m██[38;2;65;65;65m██[38;2;255;255;255m██[38;2;255;255;255m██[38;2;65;65;65m██[38;2;65;65;65m██[38;2;255;255;255m██[38;2;255;255;255m██[38;2;107;156;255m██[38;2;0;0;0m██      
      [38;2;0;0;0m██[38;2;82;115;214m██[38;2;255;255;255m██[38;2;255;255;255m██[38;2;255;255;255m██[38;2;82;115;214m██[38;2;82;115;214m██[38;2;255;255;255m██[38;2;255;255;255m██[38;2;82;115;214m██[38;2;82;115;214m██[38;2;82;115;214m██[38;2;0;0;0m██      
        [38;2;0;0;0m██[38;2;0;0;0m██[38;2;0;0;0m██[38;2;82;115;214m██[38;2;82;115;214m██[38;2;82;115;214m██[38;2;0;0;0m██[38;2;0;0;0m██[38;2;82;115;214m██[38;2;82;115;214m██[38;2;0;0;0m██        
              [38;2;0;0;0m██[38;2;0;0;0m██[38;2;0;0;0m██    [38;2;0;0;0m██[38;2;0;0;0m██          
