                    [38;2;0;0;0m██[38;2;0;0;0m██                        
                  [38;2;0;0;0m██[38;2;255;165;8m██[38;2;0;0;0m██  [38;2;0;0;0m██[38;2;0;0;0m██                  
                [38;2;0;0;0m██[38;2;255;165;8m██[38;2;0;0;0m██  [38;2;0;0;0m██[38;2;255;165;8m██[38;2;0;0;0m██                  
          [38;2;0;0;0m██[38;2;0;0;0m██  [38;2;0;0;0m██[38;2;255;165;8m██[38;2;0;0;0m██[38;2;0;0;0m██[38;2;255;165;8m██[38;2;0;0;0m██                    
      [38;2;0;0;0m██[38;2;0;0;0m██[38;2;99;189;255m██[38;2;99;189;255m██[38;2;0;0;0m██[38;2;255;165;8m██[38;2;65;65;65m██[38;2;65;65;65m██[38;2;255;165;8m██[38;2;65;65;65m██[38;2;0;0;0m██                    
    [38;2;0;0;0m██[38;2;99;189;255m██[38;2;99;99;99m██[38;2;99;99;99m██[38;2;99;189;255m██[38;2;65;65;65m██[38;2;255;165;8m██[38;2;65;65;65m██[38;2;255;165;8m██[38;2;165;99;0m██[38;2;99;189;255m██[38;2;65;65;65m██[38;2;0;0;0m██[38;2;0;0;0m██                
  [38;2;0;0;0m██[38;2;165;222;255m██[38;2;99;189;255m██[38;2;99;189;255m██[38;2;99;99;99m██[38;2;65;65;65m██[38;2;255;165;8m██[38;2;165;99;0m██[38;2;99;189;255m██[38;2;255;165;8m██[38;2;82;132;206m██[38;2;99;189;255m██[38;2;165;222;255m██[38;2;99;99;99m██[38;2;99;189;255m██[38;2;0;0;0m██      [38;2;0;0;0m██[38;2;0;0;0m██    
  [38;2;0;0;0m██[38;2;99;189;255m██[38;2;99;189;255m██[38;2;99;189;255m██[38;2;99;189;255m██[38;2;65;65;65m██[38;2;255;165;8m██[38;2;99;189;255m██[38;2;255;165;8m██[38;2;165;99;0m██[38;2;99;189;255m██[38;2;82;132;206m██[38;2;99;189;255m██[38;2;99;189;255m██[38;2;99;99;99m██[38;2;99;189;255m██[38;2;0;0;0m██  [38;2;0;0;0m██[38;2;99;99;99m██[38;2;0;0;0m██[38;2;0;0;0m██[38;2;0;0;0m██
[38;2;0;0;0m██[38;2;99;189;255m██[38;2;99;189;255m██[38;2;99;189;255m██[38;2;99;189;255m██[38;2;82;132;206m██[38;2;65;65;65m██[38;2;99;189;255m██[38;2;99;189;255m██[38;2;255;165;8m██[38;2;99;189;255m██[38;2;99;189;255m██[38;2;99;189;255m██[38;2;82;132;206m██[38;2;99;189;255m██[38;2;99;99;99m██[38;2;99;189;255m██[38;2;82;132;206m██[38;2;0;0;0m██[38;2;65;65;65m██[38;2;99;99;99m██[38;2;99;99;99m██[38;2;99;99;99m██[38;2;0;0;0m██
[38;2;0;0;0m██[38;2;99;189;255m██[38;2;99;189;255m██[38;2;82;132;206m██[38;2;65;65;65m██[38;2;65;65;65m██[38;2;99;189;255m██[38;2;165;222;255m██[38;2;99;189;255m██[38;2;165;99;0m██[38;2;82;132;206m██[38;2;99;189;255m██[38;2;99;189;255m██[38;2;82;132;206m██[38;2;99;189;255m██[38;2;99;189;255m██[38;2;99;99;99m██[38;2;99;189;255m██[38;2;99;99;99m██[38;2;65;65;65m██[38;2;65;65;65m██[38;2;0;0;0m██[38;2;0;0;0m██  
[38;2;0;0;0m██[38;2;99;189;255m██[38;2;0;0;0m██[38;2;0;0;0m██[38;2;165;99;0m██[38;2;65;65;65m██[38;2;99;189;255m██[38;2;99;189;255m██[38;2;99;189;255m██[38;2;82;132;206m██[38;2;99;189;255m██[38;2;99;189;255m██[38;2;255;165;8m██[38;2;99;189;255m██[38;2;82;132;206m██[38;2;99;189;255m██[38;2;99;99;99m██[38;2;99;189;255m██[38;2;99;99;99m██[38;2;82;132;206m██[38;2;0;0;0m██      
  [38;2;0;0;0m██    [38;2;0;0;0m██[38;2;65;65;65m██[38;2;82;132;206m██[38;2;99;189;255m██[38;2;99;189;255m██[38;2;82;132;206m██[38;2;255;165;8m██[38;2;0;0;0m██[38;2;255;165;8m██[38;2;99;189;255m██[38;2;82;132;206m██[38;2;82;132;206m██[38;2;99;99;99m██[38;2;99;99;99m██[38;2;65;65;65m██[38;2;65;65;65m██[38;2;82;132;206m██[38;2;0;0;0m██    
        [38;2;0;0;0m██[38;2;99;189;255m██[38;2;82;132;206m██[38;2;82;132;206m██[38;2;82;132;206m██[38;2;99;189;255m██[38;2;99;189;255m██[38;2;255;165;8m██[38;2;165;99;0m██[38;2;82;132;206m██[38;2;65;65;65m██[38;2;65;65;65m██[38;2;0;0;0m██[38;2;0;0;0m██[38;2;82;132;206m██[38;2;0;0;0m██[38;2;0;0;0m██[38;2;0;0;0m██    
        [38;2;0;0;0m██[38;2;0;0;0m██[38;2;99;189;255m██[38;2;0;0;0m██[38;2;99;189;255m██[38;2;0;0;0m██[38;2;0;0;0m██[38;2;0;0;0m██[38;2;82;132;206m██[38;2;65;65;65m██[38;2;99;189;255m██[38;2;99;189;255m██[38;2;0;0;0m██  [38;2;0;0;0m██[38;2;0;0;0m██        
          [38;2;0;0;0m██[38;2;0;0;0m██  [38;2;0;0;0m██      [38;2;0;0;0m██[38;2;99;189;255m██[38;2;165;222;255m██[38;2;99;189;255m██[38;2;0;0;0m██              
                        [38;2;0;0;0m██[38;2;99;189;255m██[38;2;99;189;255m██[38;2;0;0;0m██                
                        [38;2;0;0;0m██[38;2;0;0;0m██[38;2;0;0;0m██                  
