              [38;2;0;0;0m██[38;2;0;0;0m██                                
              [38;2;0;0;0m██[38;2;0;0;0m██        [38;2;0;0;0m██[38;2;0;0;0m██                    
            [38;2;0;0;0m██            [38;2;0;0;0m██[38;2;0;0;0m██                    
  [38;2;0;0;0m██[38;2;0;0;0m██      [38;2;0;0;0m██          [38;2;0;0;0m██                        
[38;2;0;0;0m██[38;2;189;197;239m██[38;2;189;197;239m██[38;2;0;0;0m██  [38;2;0;0;0m██[38;2;0;0;0m██[38;2;0;0;0m██[38;2;0;0;0m██[38;2;0;0;0m██    [38;2;0;0;0m██                        
[38;2;0;0;0m██[38;2;189;197;239m██[38;2;189;197;239m██[38;2;189;197;239m██[38;2;0;0;0m██[38;2;247;148;41m██[38;2;247;148;41m██[38;2;65;65;65m██[38;2;189;165;66m██[38;2;189;165;66m██[38;2;0;0;0m██[38;2;0;0;0m██[38;2;0;0;0m██[38;2;0;0;0m██[38;2;0;0;0m██[38;2;0;0;0m██                  
  [38;2;0;0;0m██[38;2;189;197;239m██[38;2;65;65;65m██[38;2;247;148;41m██[38;2;247;247;41m██[38;2;247;247;41m██[38;2;247;148;41m██[38;2;65;65;65m██[38;2;189;165;66m██[38;2;65;65;65m██[38;2;247;148;41m██[38;2;247;148;41m██[38;2;65;65;65m██[38;2;247;247;41m██[38;2;247;247;41m██[38;2;0;0;0m██      [38;2;0;0;0m██[38;2;0;0;0m██[38;2;0;0;0m██[38;2;0;0;0m██  
  [38;2;0;0;0m██[38;2;65;65;65m██[38;2;247;148;41m██[38;2;0;0;0m██[38;2;247;247;41m██[38;2;247;247;41m██[38;2;0;0;0m██[38;2;247;148;41m██[38;2;65;65;65m██[38;2;247;148;41m██[38;2;247;247;41m██[38;2;247;247;41m██[38;2;247;148;41m██[38;2;65;65;65m██[38;2;247;247;41m██[38;2;247;247;41m██[38;2;0;0;0m██  [38;2;0;0;0m██[38;2;156;156;156m██[38;2;230;247;255m██[38;2;230;247;255m██[38;2;156;156;156m██[38;2;0;0;0m██
    [38;2;0;0;0m██[38;2;247;148;41m██[38;2;247;247;41m██[38;2;214;197;82m██[38;2;214;197;82m██[38;2;247;247;41m██[38;2;65;65;65m██[38;2;247;148;41m██[38;2;0;0;0m██[38;2;247;247;41m██[38;2;247;247;41m██[38;2;0;0;0m██[38;2;247;148;41m██[38;2;65;65;65m██[38;2;214;197;82m██[38;2;214;197;82m██[38;2;0;0;0m██[38;2;230;247;255m██[38;2;230;247;255m██[38;2;230;247;255m██[38;2;230;247;255m██[38;2;230;247;255m██[38;2;0;0;0m██
      [38;2;0;0;0m██[38;2;247;148;41m██[38;2;247;247;41m██[38;2;247;247;41m██[38;2;247;148;41m██[38;2;65;65;65m██[38;2;247;148;41m██[38;2;247;247;41m██[38;2;214;197;82m██[38;2;214;197;82m██[38;2;247;247;41m██[38;2;247;148;41m██[38;2;65;65;65m██[38;2;189;165;66m██[38;2;65;65;65m██[38;2;230;247;255m██[38;2;230;247;255m██[38;2;230;247;255m██[38;2;230;247;255m██[38;2;230;247;255m██[38;2;0;0;0m██  
        [38;2;0;0;0m██[38;2;247;148;41m██[38;2;247;148;41m██[38;2;65;65;65m██[38;2;65;65;65m██[38;2;65;65;65m██[38;2;247;148;41m██[38;2;247;247;41m██[38;2;247;247;41m██[38;2;247;148;41m██[38;2;65;65;65m██[38;2;189;165;66m██[38;2;189;165;66m██[38;2;0;0;0m██[38;2;0;0;0m██[38;2;230;247;255m██[38;2;230;247;255m██[38;2;156;156;156m██[38;2;0;0;0m██    
          [38;2;0;0;0m██[38;2;65;65;65m██[38;2;247;148;41m██[38;2;230;90;66m██[38;2;230;90;66m██[38;2;65;65;65m██[38;2;247;148;41m██[38;2;247;148;41m██[38;2;65;65;65m██[38;2;189;165;66m██[38;2;189;165;66m██[38;2;0;0;0m██[38;2;0;0;0m██  [38;2;0;0;0m██[38;2;0;0;0m██[38;2;0;0;0m██      
          [38;2;0;0;0m██[38;2;247;148;41m██[38;2;247;247;41m██[38;2;230;90;66m██[38;2;247;247;41m██[38;2;247;148;41m██[38;2;65;65;65m██[38;2;65;65;65m██[38;2;189;165;66m██[38;2;189;165;66m██[38;2;65;65;65m██[38;2;0;0;0m██                
          [38;2;0;0;0m██[38;2;247;148;41m██[38;2;0;0;0m██[38;2;247;247;41m██[38;2;247;247;41m██[38;2;0;0;0m██[38;2;247;148;41m██[38;2;65;65;65m██[38;2;189;165;66m██[38;2;65;65;65m██[38;2;65;65;65m██[38;2;189;165;66m██[38;2;0;0;0m██              
          [38;2;0;0;0m██[38;2;247;148;41m██[38;2;247;247;41m██[38;2;214;197;82m██[38;2;214;197;82m██[38;2;247;247;41m██[38;2;247;148;41m██[38;2;65;65;65m██[38;2;189;165;66m██[38;2;65;65;65m██[38;2;65;65;65m██[38;2;189;165;66m██[38;2;0;0;0m██              
            [38;2;0;0;0m██[38;2;247;148;41m██[38;2;247;247;41m██[38;2;247;247;41m██[38;2;247;148;41m██[38;2;65;65;65m██[38;2;189;165;66m██[38;2;189;165;66m██[38;2;65;65;65m██[38;2;189;165;66m██[38;2;0;0;0m██                
              [38;2;0;0;0m██[38;2;247;148;41m██[38;2;247;148;41m██[38;2;65;65;65m██[38;2;189;165;66m██[38;2;189;165;66m██[38;2;65;65;65m██[38;2;0;0;0m██[38;2;0;0;0m██                  
                [38;2;0;0;0m██[38;2;0;0;0m██[38;2;0;0;0m██[38;2;0;0;0m██[38;2;0;0;0m██[38;2;0;0;0m██                      
