                        [38;2;0;0;0m██[38;2;0;0;0m██[38;2;0;0;0m██                
                  [38;2;0;0;0m██  [38;2;0;0;0m██[38;2;255;139;65m██[38;2;255;139;65m██[38;2;0;0;0m██                
                [38;2;0;0;0m██[38;2;255;139;65m██[38;2;0;0;0m██[38;2;255;139;65m██[38;2;255;139;65m██[38;2;255;139;65m██[38;2;0;0;0m██[38;2;0;0;0m██[38;2;0;0;0m██            
                [38;2;0;0;0m██[38;2;255;139;65m██[38;2;172;82;65m██[38;2;255;139;65m██[38;2;255;139;65m██[38;2;172;82;65m██[38;2;255;139;65m██[38;2;255;139;65m██[38;2;255;139;65m██[38;2;0;0;0m██          
                [38;2;0;0;0m██[38;2;172;82;65m██[38;2;255;139;65m██[38;2;255;238;131m██[38;2;213;164;82m██[38;2;255;139;65m██[38;2;255;139;65m██[38;2;230;106;65m██[38;2;0;0;0m██            
                  [38;2;0;0;0m██[38;2;255;238;131m██[38;2;230;197;106m██[38;2;148;106;65m██[38;2;255;139;65m██[38;2;0;0;0m██[38;2;0;0;0m██              
              [38;2;0;0;0m██[38;2;0;0;0m██[38;2;255;238;131m██[38;2;255;238;131m██[38;2;255;238;131m██[38;2;255;238;131m██[38;2;0;0;0m██                  
            [38;2;0;0;0m██[38;2;255;238;131m██[38;2;255;238;131m██[38;2;255;238;131m██[38;2;255;238;131m██[38;2;255;238;131m██[38;2;255;238;131m██[38;2;255;238;131m██[38;2;0;0;0m██                
          [38;2;0;0;0m██[38;2;255;238;131m██[38;2;255;238;131m██[38;2;255;238;131m██[38;2;255;238;131m██[38;2;255;238;131m██[38;2;255;238;131m██[38;2;255;238;131m██[38;2;255;238;131m██[38;2;0;0;0m██                
          [38;2;0;0;0m██[38;2;255;238;131m██[38;2;255;238;131m██[38;2;255;238;131m██[38;2;255;238;131m██[38;2;255;238;131m██[38;2;213;164;82m██[38;2;148;106;65m██[38;2;255;238;131m██[38;2;0;0;0m██                
          [38;2;0;0;0m██[38;2;230;197;106m██[38;2;255;238;131m██[38;2;255;238;131m██[38;2;255;238;131m██[38;2;172;82;65m██[38;2;230;106;65m██[38;2;255;238;131m██[38;2;255;238;131m██[38;2;0;0;0m██                
  [38;2;0;0;0m██[38;2;0;0;0m██[38;2;0;0;0m██[38;2;0;0;0m██[38;2;0;0;0m██[38;2;65;65;65m██[38;2;255;238;131m██[38;2;255;238;131m██[38;2;255;238;131m██[38;2;255;255;255m██[38;2;230;106;65m██[38;2;255;238;131m██[38;2;255;238;131m██[38;2;230;197;106m██[38;2;0;0;0m██              
[38;2;0;0;0m██[38;2;148;106;65m██[38;2;213;164;82m██[38;2;213;164;82m██[38;2;213;164;82m██[38;2;65;65;65m██[38;2;255;139;65m██[38;2;255;139;65m██[38;2;172;82;65m██[38;2;255;238;131m██[38;2;0;0;0m██[38;2;213;164;82m██[38;2;255;238;131m██[38;2;255;238;131m██[38;2;255;238;131m██[38;2;0;0;0m██              
[38;2;0;0;0m██[38;2;197;189;180m██[38;2;148;106;65m██[38;2;213;164;82m██[38;2;213;164;82m██[38;2;213;164;82m██[38;2;0;0;0m██[38;2;172;82;65m██[38;2;255;238;131m██[38;2;255;238;131m██[38;2;255;238;131m██[38;2;255;238;131m██[38;2;255;238;131m██[38;2;255;238;131m██[38;2;213;164;82m██[38;2;148;106;65m██[38;2;0;0;0m██            
[38;2;0;0;0m██[38;2;197;189;180m██[38;2;0;0;0m██[38;2;0;0;0m██[38;2;0;0;0m██[38;2;0;0;0m██  [38;2;0;0;0m██[38;2;255;238;131m██[38;2;255;238;131m██[38;2;255;238;131m██[38;2;255;238;131m██[38;2;255;238;131m██[38;2;255;238;131m██[38;2;255;238;131m██[38;2;255;238;131m██[38;2;230;197;106m██[38;2;0;0;0m██[38;2;0;0;0m██[38;2;0;0;0m██      
  [38;2;0;0;0m██        [38;2;0;0;0m██[38;2;213;164;82m██[38;2;255;238;131m██[38;2;255;238;131m██[38;2;255;238;131m██[38;2;255;238;131m██[38;2;255;238;131m██[38;2;213;164;82m██[38;2;148;106;65m██[38;2;255;238;131m██[38;2;255;238;131m██[38;2;255;238;131m██[38;2;255;238;131m██[38;2;230;197;106m██[38;2;0;0;0m██[38;2;0;0;0m██  
          [38;2;0;0;0m██[38;2;230;197;106m██[38;2;230;197;106m██[38;2;172;82;65m██[38;2;255;238;131m██[38;2;172;82;65m██[38;2;255;238;131m██[38;2;255;238;131m██[38;2;255;238;131m██[38;2;255;238;131m██[38;2;65;65;65m██[38;2;148;106;65m██[38;2;255;238;131m██[38;2;255;238;131m██[38;2;255;238;131m██[38;2;255;238;131m██[38;2;213;164;82m██[38;2;0;0;0m██
            [38;2;0;0;0m██[38;2;213;164;82m██[38;2;131;82;65m██[38;2;172;82;65m██[38;2;172;82;65m██[38;2;255;238;131m██[38;2;213;164;82m██[38;2;255;238;131m██[38;2;255;238;131m██[38;2;255;238;131m██[38;2;0;0;0m██[38;2;0;0;0m██[38;2;148;106;65m██[38;2;255;238;131m██[38;2;213;164;82m██[38;2;255;255;255m██[38;2;0;0;0m██
          [38;2;0;0;0m██[38;2;172;82;65m██[38;2;172;82;65m██[38;2;131;82;65m██[38;2;230;106;65m██[38;2;230;106;65m██[38;2;172;82;65m██[38;2;230;197;106m██[38;2;172;82;65m██[38;2;255;238;131m██[38;2;172;82;65m██[38;2;0;0;0m██  [38;2;0;0;0m██[38;2;0;0;0m██[38;2;255;255;255m██[38;2;197;189;180m██[38;2;0;0;0m██
          [38;2;0;0;0m██[38;2;172;82;65m██[38;2;172;82;65m██[38;2;172;82;65m██[38;2;131;82;65m██[38;2;230;106;65m██[38;2;172;82;65m██[38;2;230;106;65m██[38;2;230;106;65m██[38;2;172;82;65m██[38;2;230;106;65m██[38;2;230;106;65m██[38;2;0;0;0m██  [38;2;0;0;0m██[38;2;255;255;255m██[38;2;0;0;0m██  
            [38;2;0;0;0m██[38;2;172;82;65m██[38;2;172;82;65m██[38;2;172;82;65m██[38;2;0;0;0m██[38;2;0;0;0m██[38;2;230;106;65m██[38;2;230;106;65m██[38;2;230;106;65m██[38;2;230;106;65m██[38;2;230;106;65m██[38;2;0;0;0m██    [38;2;0;0;0m██    
          [38;2;0;0;0m██[38;2;148;131;123m██[38;2;148;131;123m██[38;2;0;0;0m██[38;2;0;0;0m██    [38;2;0;0;0m██[38;2;230;106;65m██[38;2;230;106;65m██[38;2;230;106;65m██[38;2;0;0;0m██            
            [38;2;0;0;0m██[38;2;0;0;0m██          [38;2;0;0;0m██[38;2;65;65;65m██[38;2;148;131;123m██[38;2;0;0;0m██            
                          [38;2;0;0;0m██[38;2;197;189;180m██[38;2;148;131;123m██[38;2;197;189;180m██[38;2;0;0;0m██          
                            [38;2;0;0;0m██[38;2;0;0;0m██[38;2;0;0;0m██            
