      [38;2;0;0;0m██                                  
    [38;2;0;0;0m██[38;2;255;165;165m██[38;2;0;0;0m██[38;2;0;0;0m██                              
  [38;2;0;0;0m██[38;2;0;0;0m██[38;2;255;165;165m██[38;2;181;82;99m██[38;2;255;107;123m██[38;2;0;0;0m██                            
  [38;2;0;0;0m██[38;2;255;165;165m██[38;2;255;107;123m██[38;2;255;165;165m██[38;2;0;0;0m██                  [38;2;0;0;0m██          
    [38;2;0;0;0m██[38;2;181;82;99m██[38;2;255;165;165m██[38;2;255;165;165m██[38;2;0;0;0m██        [38;2;0;0;0m██[38;2;0;0;0m██  [38;2;0;0;0m██[38;2;255;206;214m██[38;2;0;0;0m██        
      [38;2;0;0;0m██[38;2;255;107;123m██[38;2;255;165;165m██[38;2;255;107;123m██[38;2;0;0;0m██[38;2;0;0;0m██[38;2;0;0;0m██[38;2;0;0;0m██[38;2;0;0;0m██[38;2;255;165;165m██[38;2;0;0;0m██[38;2;255;206;214m██[38;2;255;107;123m██[38;2;0;0;0m██        
      [38;2;0;0;0m██[38;2;255;107;123m██[38;2;65;65;65m██[38;2;65;65;65m██[38;2;255;107;123m██[38;2;255;165;165m██[38;2;255;165;165m██[38;2;255;107;123m██[38;2;65;65;65m██[38;2;255;107;123m██[38;2;255;165;165m██[38;2;255;165;165m██[38;2;181;82;99m██[38;2;0;0;0m██        
  [38;2;0;0;0m██[38;2;0;0;0m██[38;2;0;0;0m██[38;2;65;65;65m██[38;2;255;107;123m██[38;2;255;165;165m██[38;2;255;165;165m██[38;2;255;165;165m██[38;2;255;165;165m██[38;2;255;165;165m██[38;2;65;65;65m██[38;2;255;165;165m██[38;2;255;165;165m██[38;2;255;107;123m██[38;2;255;165;165m██[38;2;255;165;165m██[38;2;0;0;0m██      
  [38;2;0;0;0m██[38;2;255;206;214m██[38;2;255;206;214m██[38;2;181;82;99m██[38;2;65;65;65m██[38;2;255;165;165m██[38;2;255;165;165m██[38;2;255;165;165m██[38;2;255;165;165m██[38;2;65;65;65m██[38;2;255;165;165m██[38;2;255;165;165m██[38;2;255;165;165m██[38;2;65;65;65m██[38;2;0;0;0m██[38;2;0;0;0m██  [38;2;0;0;0m██    
    [38;2;0;0;0m██[38;2;255;165;165m██[38;2;255;165;165m██[38;2;255;107;123m██[38;2;255;107;123m██[38;2;255;165;165m██[38;2;255;107;123m██[38;2;181;82;99m██[38;2;255;165;165m██[38;2;255;165;165m██[38;2;255;165;165m██[38;2;65;65;65m██[38;2;255;165;165m██[38;2;255;107;123m██[38;2;0;0;0m██[38;2;0;0;0m██[38;2;255;107;123m██[38;2;0;0;0m██  
      [38;2;0;0;0m██[38;2;255;107;123m██[38;2;255;107;123m██[38;2;255;165;165m██[38;2;255;165;165m██[38;2;255;165;165m██[38;2;255;165;165m██[38;2;255;165;165m██[38;2;255;165;165m██[38;2;181;82;99m██[38;2;255;165;165m██[38;2;255;165;165m██[38;2;255;165;165m██[38;2;181;82;99m██[38;2;255;107;123m██[38;2;255;165;165m██[38;2;255;165;165m██[38;2;0;0;0m██
    [38;2;0;0;0m██[38;2;255;255;255m██[38;2;181;82;99m██[38;2;255;165;165m██[38;2;255;165;165m██[38;2;255;165;165m██[38;2;255;165;165m██[38;2;255;165;165m██[38;2;255;165;165m██[38;2;255;165;165m██[38;2;181;82;99m██[38;2;255;165;165m██[38;2;255;165;165m██[38;2;255;165;165m██[38;2;255;107;123m██[38;2;181;82;99m██[38;2;0;0;0m██[38;2;255;107;123m██[38;2;0;0;0m██
  [38;2;0;0;0m██[38;2;65;65;65m██[38;2;0;0;0m██[38;2;255;165;165m██[38;2;255;165;165m██[38;2;255;255;255m██[38;2;255;165;165m██[38;2;255;165;165m██[38;2;255;165;165m██[38;2;255;165;165m██[38;2;255;165;165m██[38;2;255;165;165m██[38;2;255;165;165m██[38;2;255;165;165m██[38;2;255;107;123m██[38;2;255;107;123m██[38;2;0;0;0m██  [38;2;0;0;0m██  
[38;2;0;0;0m██[38;2;255;107;123m██[38;2;181;82;99m██[38;2;255;165;165m██[38;2;214;99;66m██[38;2;214;99;66m██[38;2;0;0;0m██[38;2;255;165;165m██[38;2;255;107;123m██[38;2;255;165;165m██[38;2;255;165;165m██[38;2;255;165;165m██[38;2;156;197;214m██[38;2;255;107;123m██[38;2;156;197;214m██[38;2;156;197;214m██[38;2;255;107;123m██[38;2;0;0;0m██      
  [38;2;0;0;0m██[38;2;0;0;0m██[38;2;181;82;99m██[38;2;255;165;165m██[38;2;214;99;66m██[38;2;255;165;165m██[38;2;255;165;165m██[38;2;181;82;99m██[38;2;255;165;165m██[38;2;255;107;123m██[38;2;181;82;99m██[38;2;255;107;123m██[38;2;255;107;123m██[38;2;156;197;214m██[38;2;156;197;214m██[38;2;0;0;0m██        
      [38;2;0;0;0m██[38;2;65;65;65m██[38;2;255;165;165m██[38;2;255;165;165m██[38;2;181;82;99m██[38;2;255;165;165m██[38;2;255;165;165m██[38;2;65;65;65m██[38;2;156;197;214m██[38;2;156;197;214m██[38;2;156;197;214m██[38;2;156;197;214m██[38;2;65;65;65m██[38;2;0;0;0m██        
      [38;2;0;0;0m██[38;2;156;197;214m██[38;2;123;148;165m██[38;2;0;0;0m██[38;2;65;65;65m██[38;2;255;165;165m██[38;2;181;82;99m██[38;2;123;148;165m██[38;2;156;197;214m██[38;2;156;197;214m██[38;2;0;0;0m██[38;2;123;148;165m██[38;2;156;197;214m██[38;2;0;0;0m██        
        [38;2;0;0;0m██[38;2;0;0;0m██  [38;2;0;0;0m██[38;2;65;65;65m██[38;2;65;65;65m██[38;2;156;197;214m██[38;2;0;0;0m██[38;2;0;0;0m██  [38;2;0;0;0m██[38;2;0;0;0m██          
                [38;2;0;0;0m██[38;2;156;197;214m██[38;2;156;197;214m██[38;2;0;0;0m██                  
                  [38;2;0;0;0m██[38;2;0;0;0m██                    
