                [38;2;0;0;0m██[38;2;0;0;0m██[38;2;0;0;0m██[38;2;0;0;0m██                  
          [38;2;0;0;0m██[38;2;0;0;0m██[38;2;0;0;0m██[38;2;222;247;255m██[38;2;222;247;255m██[38;2;222;247;255m██[38;2;222;247;255m██[38;2;0;0;0m██[38;2;0;0;0m██              
        [38;2;0;0;0m██[38;2;222;247;255m██[38;2;222;247;255m██[38;2;222;247;255m██[38;2;222;247;255m██[38;2;222;247;255m██[38;2;222;247;255m██[38;2;222;247;255m██[38;2;222;247;255m██[38;2;222;247;255m██[38;2;0;0;0m██            
[38;2;0;0;0m██[38;2;0;0;0m██    [38;2;0;0;0m██[38;2;222;247;255m██[38;2;222;247;255m██[38;2;181;206;197m██[38;2;222;247;255m██[38;2;222;247;255m██[38;2;181;206;197m██[38;2;222;247;255m██[38;2;222;247;255m██[38;2;222;247;255m██[38;2;181;206;197m██[38;2;0;0;0m██          
[38;2;0;0;0m██[38;2;107;197;99m██[38;2;0;0;0m██[38;2;0;0;0m██[38;2;222;247;255m██[38;2;222;247;255m██[38;2;140;165;165m██[38;2;222;247;255m██[38;2;222;247;255m██[38;2;222;247;255m██[38;2;222;247;255m██[38;2;140;165;165m██[38;2;222;247;255m██[38;2;222;247;255m██[38;2;222;247;255m██[38;2;0;0;0m██          
[38;2;0;0;0m██[38;2;107;197;99m██[38;2;107;197;99m██[38;2;115;132;132m██[38;2;222;247;255m██[38;2;222;247;255m██[38;2;115;132;132m██[38;2;222;247;255m██[38;2;222;247;255m██[38;2;222;247;255m██[38;2;115;132;132m██[38;2;222;247;255m██[38;2;222;247;255m██[38;2;181;206;197m██[38;2;222;247;255m██[38;2;181;206;197m██[38;2;0;0;0m██        
[38;2;0;0;0m██[38;2;90;156;90m██[38;2;107;197;99m██[38;2;255;255;255m██[38;2;115;132;132m██[38;2;115;132;132m██[38;2;255;255;255m██[38;2;115;132;132m██[38;2;115;132;132m██[38;2;115;132;132m██[38;2;140;165;165m██[38;2;222;247;255m██[38;2;181;206;197m██[38;2;115;132;132m██[38;2;181;206;197m██[38;2;140;165;165m██[38;2;0;0;0m██        
  [38;2;0;0;0m██[38;2;90;156;90m██[38;2;90;156;90m██[38;2;181;206;197m██[38;2;255;255;255m██[38;2;230;99;41m██[38;2;255;255;255m██[38;2;255;255;255m██[38;2;255;255;255m██[38;2;255;255;255m██[38;2;115;132;132m██[38;2;115;132;132m██[38;2;255;255;255m██[38;2;115;132;132m██[38;2;115;132;132m██[38;2;90;156;90m██[38;2;0;0;0m██[38;2;0;0;0m██[38;2;0;0;0m██[38;2;0;0;0m██
    [38;2;0;0;0m██[38;2;0;0;0m██[38;2;140;165;165m██[38;2;255;255;255m██[38;2;230;148;49m██[38;2;255;255;255m██[38;2;255;255;255m██[38;2;255;255;255m██[38;2;230;99;41m██[38;2;255;255;255m██[38;2;181;206;197m██[38;2;255;255;255m██[38;2;255;255;255m██[38;2;90;156;90m██[38;2;107;197;99m██[38;2;107;197;99m██[38;2;107;197;99m██[38;2;107;197;99m██[38;2;0;0;0m██
      [38;2;0;0;0m██[38;2;222;247;255m██[38;2;140;165;165m██[38;2;222;247;255m██[38;2;140;165;165m██[38;2;140;165;165m██[38;2;255;255;255m██[38;2;230;148;49m██[38;2;255;255;255m██[38;2;115;132;132m██[38;2;115;132;132m██[38;2;107;197;99m██[38;2;107;197;99m██[38;2;107;197;99m██[38;2;107;197;99m██[38;2;107;197;99m██[38;2;107;197;99m██[38;2;0;0;0m██
        [38;2;0;0;0m██[38;2;222;247;255m██[38;2;140;165;165m██[38;2;222;247;255m██[38;2;222;247;255m██[38;2;140;165;165m██[38;2;181;206;197m██[38;2;115;132;132m██[38;2;222;247;255m██[38;2;222;247;255m██[38;2;115;132;132m██[38;2;107;197;99m██[38;2;0;0;0m██[38;2;107;197;99m██[38;2;90;156;90m██[38;2;0;0;0m██  
        [38;2;0;0;0m██[38;2;181;206;197m██[38;2;181;206;197m██[38;2;222;247;255m██[38;2;222;247;255m██[38;2;181;206;197m██[38;2;222;247;255m██[38;2;222;247;255m██[38;2;222;247;255m██[38;2;181;206;197m██[38;2;181;206;197m██[38;2;0;0;0m██  [38;2;0;0;0m██[38;2;0;0;0m██    
          [38;2;0;0;0m██[38;2;0;0;0m██[38;2;181;206;197m██[38;2;181;206;197m██[38;2;181;206;197m██[38;2;0;0;0m██[38;2;181;206;197m██[38;2;181;206;197m██[38;2;0;0;0m██[38;2;0;0;0m██            
              [38;2;0;0;0m██[38;2;0;0;0m██[38;2;0;0;0m██  [38;2;0;0;0m██[38;2;0;0;0m██                
