      [38;2;0;0;0m██[38;2;0;0;0m██                                
      [38;2;0;0;0m██[38;2;197;197;197m██[38;2;0;0;0m██          [38;2;0;0;0m██[38;2;0;0;0m██[38;2;0;0;0m██              
      [38;2;0;0;0m██[38;2;197;197;197m██[38;2;197;197;197m██[38;2;0;0;0m██[38;2;0;0;0m██[38;2;0;0;0m██[38;2;0;0;0m██[38;2;0;0;0m██[38;2;255;255;255m██[38;2;255;255;255m██[38;2;0;0;0m██              
      [38;2;0;0;0m██[38;2;65;65;65m██[38;2;65;65;65m██[38;2;65;65;65m██[38;2;173;173;173m██[38;2;173;173;173m██[38;2;173;173;173m██[38;2;65;65;65m██[38;2;65;65;65m██[38;2;197;197;197m██[38;2;0;0;0m██              
    [38;2;0;0;0m██[38;2;65;65;65m██[38;2;107;165;255m██[38;2;107;165;255m██[38;2;107;165;255m██[38;2;65;65;65m██[38;2;65;65;65m██[38;2;65;65;65m██[38;2;173;173;173m██[38;2;173;173;173m██[38;2;0;0;0m██                
  [38;2;0;0;0m██[38;2;107;165;255m██[38;2;107;165;255m██[38;2;107;165;255m██[38;2;107;165;255m██[38;2;107;165;255m██[38;2;107;165;255m██[38;2;107;165;255m██[38;2;66;99;173m██[38;2;65;65;65m██[38;2;173;173;173m██[38;2;173;173;173m██[38;2;0;0;0m██        [38;2;0;0;0m██    
  [38;2;0;0;0m██[38;2;107;165;255m██[38;2;255;255;255m██[38;2;107;165;255m██[38;2;107;165;255m██[38;2;107;165;255m██[38;2;107;165;255m██[38;2;66;99;173m██[38;2;173;173;173m██[38;2;173;173;173m██[38;2;173;173;173m██[38;2;123;123;115m██[38;2;65;65;65m██[38;2;0;0;0m██[38;2;0;0;0m██  [38;2;0;0;0m██[38;2;107;165;255m██[38;2;0;0;0m██  
[38;2;0;0;0m██[38;2;74;132;206m██[38;2;107;165;255m██[38;2;107;165;255m██[38;2;107;165;255m██[38;2;107;165;255m██[38;2;107;165;255m██[38;2;107;165;255m██[38;2;107;165;255m██[38;2;65;65;65m██[38;2;173;173;173m██[38;2;65;65;65m██[38;2;255;255;255m██[38;2;255;255;255m██[38;2;255;255;255m██[38;2;0;0;0m██  [38;2;0;0;0m██[38;2;107;165;255m██[38;2;0;0;0m██  
[38;2;0;0;0m██[38;2;74;132;206m██[38;2;74;132;206m██[38;2;74;132;206m██[38;2;107;165;255m██[38;2;107;165;255m██[38;2;107;165;255m██[38;2;107;165;255m██[38;2;66;99;173m██[38;2;65;65;65m██[38;2;173;173;173m██[38;2;65;65;65m██[38;2;173;173;173m██[38;2;255;255;255m██[38;2;0;0;0m██  [38;2;0;0;0m██[38;2;107;165;255m██[38;2;107;165;255m██[38;2;107;165;255m██[38;2;0;0;0m██
  [38;2;0;0;0m██[38;2;74;132;206m██[38;2;74;132;206m██[38;2;74;132;206m██[38;2;74;132;206m██[38;2;74;132;206m██[38;2;65;65;65m██[38;2;173;173;173m██[38;2;173;173;173m██[38;2;173;173;173m██[38;2;173;173;173m██[38;2;65;65;65m██[38;2;65;65;65m██[38;2;0;0;0m██[38;2;0;0;0m██[38;2;107;165;255m██[38;2;107;165;255m██[38;2;107;165;255m██[38;2;107;165;255m██[38;2;0;0;0m██
  [38;2;0;0;0m██[38;2;74;132;206m██[38;2;74;132;206m██[38;2;74;132;206m██[38;2;74;132;206m██[38;2;74;132;206m██[38;2;65;65;65m██[38;2;173;173;173m██[38;2;173;173;173m██[38;2;65;65;65m██[38;2;255;255;255m██[38;2;123;123;115m██[38;2;65;65;65m██[38;2;74;132;206m██[38;2;74;132;206m██[38;2;74;132;206m██[38;2;107;165;255m██[38;2;107;165;255m██[38;2;74;132;206m██[38;2;0;0;0m██
    [38;2;0;0;0m██[38;2;74;132;206m██[38;2;74;132;206m██[38;2;74;132;206m██[38;2;65;65;65m██[38;2;123;123;115m██[38;2;173;173;173m██[38;2;0;0;0m██[38;2;214;99;66m██[38;2;255;255;255m██[38;2;123;123;115m██[38;2;65;65;65m██[38;2;74;132;206m██[38;2;66;99;173m██[38;2;74;132;206m██[38;2;74;132;206m██[38;2;74;132;206m██[38;2;74;132;206m██[38;2;0;0;0m██
      [38;2;0;0;0m██[38;2;65;65;65m██[38;2;65;65;65m██[38;2;123;123;115m██[38;2;173;173;173m██[38;2;123;123;115m██[38;2;255;255;255m██[38;2;255;255;255m██[38;2;123;123;115m██[38;2;123;123;115m██[38;2;65;65;65m██[38;2;66;99;173m██[38;2;173;173;173m██[38;2;66;99;173m██[38;2;66;99;173m██[38;2;74;132;206m██[38;2;0;0;0m██  
      [38;2;0;0;0m██[38;2;173;173;173m██[38;2;173;173;173m██[38;2;173;173;173m██[38;2;123;123;115m██[38;2;123;123;115m██[38;2;123;123;115m██[38;2;123;123;115m██[38;2;123;123;115m██[38;2;65;65;65m██[38;2;123;123;115m██[38;2;173;173;173m██[38;2;173;173;173m██[38;2;66;99;173m██[38;2;173;173;173m██[38;2;173;173;173m██[38;2;0;0;0m██  
        [38;2;0;0;0m██[38;2;173;173;173m██[38;2;123;123;115m██[38;2;123;123;115m██[38;2;123;123;115m██[38;2;65;65;65m██[38;2;65;65;65m██[38;2;65;65;65m██[38;2;123;123;115m██[38;2;65;65;65m██[38;2;173;173;173m██[38;2;65;65;65m██[38;2;173;173;173m██[38;2;173;173;173m██[38;2;173;173;173m██[38;2;123;123;115m██[38;2;0;0;0m██
          [38;2;0;0;0m██[38;2;0;0;0m██[38;2;0;0;0m██[38;2;0;0;0m██[38;2;65;65;65m██[38;2;197;197;197m██[38;2;0;0;0m██[38;2;65;65;65m██[38;2;173;173;173m██[38;2;173;173;173m██[38;2;0;0;0m██[38;2;65;65;65m██[38;2;173;173;173m██[38;2;65;65;65m██[38;2;123;123;115m██[38;2;0;0;0m██
                  [38;2;0;0;0m██[38;2;0;0;0m██  [38;2;0;0;0m██[38;2;255;255;255m██[38;2;0;0;0m██  [38;2;0;0;0m██[38;2;65;65;65m██[38;2;123;123;115m██[38;2;0;0;0m██  
                        [38;2;0;0;0m██[38;2;0;0;0m██    [38;2;0;0;0m██[38;2;255;255;255m██[38;2;255;255;255m██[38;2;0;0;0m██  
                                [38;2;0;0;0m██[38;2;0;0;0m██[38;2;0;0;0m██    
