    [38;2;0;0;0m██[38;2;0;0;0m██                    
  [38;2;0;0;0m██[38;2;189;239;255m██[38;2;189;239;255m██[38;2;0;0;0m██  [38;2;0;0;0m██[38;2;0;0;0m██[38;2;0;0;0m██          
[38;2;0;0;0m██[38;2;189;239;255m██[38;2;132;214;255m██[38;2;132;214;255m██[38;2;65;65;65m██[38;2;0;0;0m██[38;2;189;239;255m██[38;2;189;239;255m██[38;2;189;239;255m██[38;2;0;0;0m██[38;2;0;0;0m██[38;2;0;0;0m██    
[38;2;0;0;0m██[38;2;132;214;255m██[38;2;132;214;255m██[38;2;65;65;65m██[38;2;132;214;255m██[38;2;189;239;255m██[38;2;189;239;255m██[38;2;189;239;255m██[38;2;132;214;255m██[38;2;65;65;65m██[38;2;189;239;255m██[38;2;189;239;255m██[38;2;0;0;0m██  
[38;2;0;0;0m██[38;2;99;148;255m██[38;2;65;65;65m██[38;2;132;214;255m██[38;2;132;214;255m██[38;2;189;239;255m██[38;2;189;239;255m██[38;2;132;214;255m██[38;2;65;65;65m██[38;2;189;239;255m██[38;2;189;239;255m██[38;2;132;214;255m██[38;2;132;214;255m██[38;2;0;0;0m██
  [38;2;0;0;0m██[38;2;132;214;255m██[38;2;99;148;255m██[38;2;99;148;255m██[38;2;132;214;255m██[38;2;132;214;255m██[38;2;132;214;255m██[38;2;99;148;255m██[38;2;189;239;255m██[38;2;132;214;255m██[38;2;132;214;255m██[38;2;132;214;255m██[38;2;0;0;0m██
  [38;2;0;0;0m██[38;2;99;148;255m██[38;2;99;148;255m██[38;2;99;148;255m██[38;2;132;214;255m██[38;2;132;214;255m██[38;2;132;214;255m██[38;2;132;214;255m██[38;2;132;214;255m██[38;2;132;214;255m██[38;2;132;214;255m██[38;2;132;214;255m██[38;2;0;0;0m██
[38;2;0;0;0m██[38;2;99;148;255m██[38;2;99;148;255m██[38;2;99;148;255m██[38;2;99;148;255m██[38;2;99;148;255m██[38;2;132;214;255m██[38;2;255;255;255m██[38;2;0;0;0m██[38;2;132;214;255m██[38;2;132;214;255m██[38;2;132;214;255m██[38;2;0;0;0m██  
[38;2;0;0;0m██[38;2;99;148;255m██[38;2;65;65;65m██[38;2;65;65;65m██[38;2;99;148;255m██[38;2;99;148;255m██[38;2;132;214;255m██[38;2;65;65;65m██[38;2;0;0;0m██[38;2;132;214;255m██[38;2;65;65;65m██[38;2;0;0;0m██    
  [38;2;0;0;0m██[38;2;99;148;255m██[38;2;132;214;255m██[38;2;65;65;65m██[38;2;99;148;255m██[38;2;132;214;255m██[38;2;189;189;206m██[38;2;65;65;65m██[38;2;132;214;255m██[38;2;132;214;255m██[38;2;0;0;0m██    
    [38;2;0;0;0m██[38;2;132;214;255m██[38;2;65;65;65m██[38;2;132;214;255m██[38;2;132;214;255m██[38;2;132;214;255m██[38;2;132;214;255m██[38;2;99;148;255m██[38;2;0;0;0m██      
  [38;2;0;0;0m██[38;2;132;214;255m██[38;2;132;214;255m██[38;2;132;214;255m██[38;2;65;65;65m██[38;2;99;148;255m██[38;2;132;214;255m██[38;2;99;148;255m██[38;2;99;148;255m██[38;2;189;189;206m██[38;2;0;0;0m██    
  [38;2;0;0;0m██[38;2;255;255;255m██[38;2;255;255;255m██[38;2;255;255;255m██[38;2;65;65;65m██[38;2;99;148;255m██[38;2;99;148;255m██[38;2;189;189;206m██[38;2;255;255;255m██[38;2;255;255;255m██[38;2;255;255;255m██[38;2;0;0;0m██  
[38;2;0;0;0m██[38;2;189;189;206m██[38;2;65;65;65m██[38;2;255;255;255m██[38;2;123;132;140m██[38;2;255;255;255m██[38;2;255;255;255m██[38;2;189;189;206m██[38;2;189;189;206m██[38;2;65;65;65m██[38;2;255;255;255m██[38;2;255;255;255m██[38;2;0;0;0m██  
[38;2;0;0;0m██[38;2;65;65;65m██[38;2;189;189;206m██[38;2;65;65;65m██[38;2;189;189;206m██[38;2;189;189;206m██[38;2;65;65;65m██[38;2;65;65;65m██[38;2;123;132;140m██[38;2;189;189;206m██[38;2;0;0;0m██[38;2;0;0;0m██    
  [38;2;0;0;0m██[38;2;0;0;0m██[38;2;0;0;0m██[38;2;0;0;0m██[38;2;0;0;0m██[38;2;255;255;255m██[38;2;255;255;255m██[38;2;255;255;255m██[38;2;189;189;206m██[38;2;0;0;0m██      
          [38;2;0;0;0m██[38;2;255;255;255m██[38;2;65;65;65m██[38;2;189;189;206m██[38;2;0;0;0m██        
            [38;2;0;0;0m██[38;2;0;0;0m██[38;2;0;0;0m██          
