                  [38;2;0;0;0m██[38;2;0;0;0m██                  
                [38;2;0;0;0m██[38;2;189;189;189m██[38;2;189;189;189m██[38;2;0;0;0m██[38;2;0;0;0m██[38;2;0;0;0m██[38;2;0;0;0m██[38;2;0;0;0m██  [38;2;0;0;0m██[38;2;0;0;0m██  
                [38;2;0;0;0m██[38;2;189;189;189m██[38;2;65;65;65m██[38;2;189;189;189m██[38;2;255;255;255m██[38;2;255;255;255m██[38;2;189;189;189m██[38;2;65;65;65m██[38;2;0;0;0m██[38;2;189;189;189m██[38;2;255;255;255m██[38;2;0;0;0m██
                  [38;2;0;0;0m██[38;2;255;255;255m██[38;2;255;255;255m██[38;2;255;255;255m██[38;2;255;255;255m██[38;2;255;255;255m██[38;2;255;255;255m██[38;2;255;255;255m██[38;2;255;255;255m██[38;2;189;189;189m██[38;2;0;0;0m██
                [38;2;0;0;0m██[38;2;189;189;189m██[38;2;255;255;255m██[38;2;255;255;255m██[38;2;255;255;255m██[38;2;189;189;189m██[38;2;189;189;189m██[38;2;255;255;255m██[38;2;255;255;255m██[38;2;189;189;189m██[38;2;0;0;0m██  
                [38;2;0;0;0m██[38;2;255;255;255m██[38;2;255;255;255m██[38;2;255;255;255m██[38;2;189;189;189m██[38;2;189;189;189m██[38;2;65;65;65m██[38;2;65;65;65m██[38;2;189;189;189m██[38;2;189;189;189m██[38;2;0;0;0m██  
                [38;2;0;0;0m██[38;2;255;255;255m██[38;2;255;255;255m██[38;2;255;255;255m██[38;2;189;189;189m██[38;2;65;65;65m██[38;2;156;123;90m██[38;2;156;123;90m██[38;2;65;65;65m██[38;2;189;189;189m██[38;2;0;0;0m██  
              [38;2;0;0;0m██[38;2;255;255;255m██[38;2;255;255;255m██[38;2;255;255;255m██[38;2;255;255;255m██[38;2;123;123;132m██[38;2;156;123;90m██[38;2;0;0;0m██[38;2;255;255;255m██[38;2;189;148;90m██[38;2;189;189;189m██[38;2;189;189;189m██[38;2;0;0;0m██
            [38;2;0;0;0m██[38;2;255;255;255m██[38;2;255;255;255m██[38;2;255;255;255m██[38;2;255;255;255m██[38;2;255;255;255m██[38;2;65;65;65m██[38;2;255;255;255m██[38;2;0;0;0m██[38;2;255;255;255m██[38;2;65;65;65m██[38;2;123;123;132m██[38;2;189;189;189m██[38;2;0;0;0m██
            [38;2;0;0;0m██[38;2;255;255;255m██[38;2;255;255;255m██[38;2;189;189;189m██[38;2;0;0;0m██[38;2;189;189;189m██[38;2;189;189;189m██[38;2;65;65;65m██[38;2;189;148;90m██[38;2;189;189;189m██[38;2;189;189;189m██[38;2;123;123;132m██[38;2;65;65;65m██[38;2;0;0;0m██
            [38;2;0;0;0m██[38;2;189;189;189m██[38;2;255;255;255m██[38;2;65;65;65m██[38;2;123;123;132m██[38;2;189;189;189m██[38;2;189;189;189m██[38;2;189;189;189m██[38;2;189;189;189m██[38;2;65;65;65m██[38;2;189;189;189m██[38;2;189;189;189m██[38;2;0;0;0m██  
              [38;2;0;0;0m██[38;2;189;189;189m██[38;2;189;189;189m██[38;2;189;189;189m██[38;2;189;189;189m██[38;2;65;65;65m██[38;2;65;65;65m██[38;2;65;65;65m██[38;2;189;148;90m██[38;2;65;65;65m██[38;2;0;0;0m██    
              [38;2;0;0;0m██[38;2;65;65;65m██[38;2;189;189;189m██[38;2;65;65;65m██[38;2;65;65;65m██[38;2;222;206;165m██[38;2;189;148;90m██[38;2;189;148;90m██[38;2;189;148;90m██[38;2;189;148;90m██[38;2;189;148;90m██[38;2;0;0;0m██  
  [38;2;0;0;0m██[38;2;0;0;0m██    [38;2;0;0;0m██[38;2;0;0;0m██[38;2;189;148;90m██[38;2;65;65;65m██[38;2;65;65;65m██[38;2;255;230;189m██[38;2;255;230;189m██[38;2;255;230;189m██[38;2;222;206;165m██[38;2;189;148;90m██[38;2;65;65;65m██[38;2;189;148;90m██[38;2;189;148;90m██[38;2;189;148;90m██[38;2;0;0;0m██
[38;2;0;0;0m██[38;2;189;189;189m██[38;2;255;255;255m██[38;2;0;0;0m██[38;2;0;0;0m██[38;2;189;189;189m██[38;2;255;255;255m██[38;2;65;65;65m██[38;2;156;123;90m██[38;2;65;65;65m██[38;2;255;230;189m██[38;2;255;230;189m██[38;2;255;230;189m██[38;2;65;65;65m██[38;2;189;148;90m██[38;2;189;148;90m██[38;2;65;65;65m██[38;2;65;65;65m██[38;2;189;148;90m██[38;2;0;0;0m██
[38;2;0;0;0m██[38;2;255;255;255m██[38;2;255;255;255m██[38;2;255;255;255m██[38;2;255;255;255m██[38;2;189;189;189m██[38;2;0;0;0m██[38;2;0;0;0m██[38;2;65;65;65m██[38;2;156;123;90m██[38;2;65;65;65m██[38;2;222;206;165m██[38;2;222;206;165m██[38;2;65;65;65m██[38;2;189;148;90m██[38;2;189;148;90m██[38;2;189;148;90m██[38;2;156;123;90m██[38;2;0;0;0m██  
  [38;2;0;0;0m██[38;2;255;255;255m██[38;2;255;255;255m██[38;2;0;0;0m██[38;2;0;0;0m██    [38;2;0;0;0m██[38;2;0;0;0m██[38;2;0;0;0m██[38;2;65;65;65m██[38;2;222;206;165m██[38;2;222;206;165m██[38;2;65;65;65m██[38;2;156;123;90m██[38;2;156;123;90m██[38;2;156;123;90m██[38;2;0;0;0m██  
  [38;2;0;0;0m██[38;2;255;255;255m██[38;2;189;189;189m██[38;2;0;0;0m██              [38;2;0;0;0m██[38;2;0;0;0m██[38;2;0;0;0m██[38;2;255;255;255m██[38;2;255;255;255m██[38;2;0;0;0m██    
    [38;2;0;0;0m██[38;2;0;0;0m██                      [38;2;0;0;0m██[38;2;0;0;0m██      
