          [38;2;0;0;0m██[38;2;0;0;0m██  [38;2;0;0;0m██[38;2;0;0;0m██[38;2;0;0;0m██[38;2;0;0;0m██          
        [38;2;0;0;0m██[38;2;247;189;41m██[38;2;247;189;41m██[38;2;0;0;0m██[38;2;214;74;82m██[38;2;214;74;82m██[38;2;214;74;82m██[38;2;214;74;82m██[38;2;0;0;0m██[38;2;0;0;0m██      
    [38;2;0;0;0m██  [38;2;0;0;0m██[38;2;247;189;41m██[38;2;189;123;66m██[38;2;247;189;41m██[38;2;214;74;82m██[38;2;214;74;82m██[38;2;165;58;66m██[38;2;165;58;66m██[38;2;214;74;82m██[38;2;214;74;82m██[38;2;0;0;0m██    
  [38;2;0;0;0m██[38;2;255;132;58m██[38;2;0;0;0m██[38;2;214;74;82m██[38;2;247;189;41m██[38;2;247;189;41m██[38;2;247;189;41m██[38;2;255;132;58m██[38;2;214;74;82m██[38;2;247;189;41m██[38;2;247;189;41m██[38;2;165;58;66m██[38;2;214;74;82m██[38;2;214;74;82m██[38;2;0;0;0m██  
[38;2;0;0;0m██[38;2;255;132;58m██[38;2;255;132;58m██[38;2;0;0;0m██[38;2;214;74;82m██[38;2;0;0;0m██[38;2;255;255;255m██[38;2;255;132;58m██[38;2;255;132;58m██[38;2;247;189;41m██[38;2;189;123;66m██[38;2;247;189;41m██[38;2;165;58;66m██[38;2;214;74;82m██[38;2;214;74;82m██[38;2;0;0;0m██  
  [38;2;0;0;0m██[38;2;214;74;82m██[38;2;214;74;82m██[38;2;165;58;66m██[38;2;255;255;255m██[38;2;255;255;255m██[38;2;255;132;58m██[38;2;255;132;58m██[38;2;247;189;41m██[38;2;247;189;41m██[38;2;247;189;41m██[38;2;165;58;66m██[38;2;214;74;82m██[38;2;214;74;82m██[38;2;214;74;82m██[38;2;0;0;0m██
  [38;2;0;0;0m██[38;2;165;58;66m██[38;2;214;74;82m██[38;2;214;74;82m██[38;2;214;74;82m██[38;2;214;74;82m██[38;2;255;132;58m██[38;2;255;132;58m██[38;2;0;0;0m██[38;2;255;255;255m██[38;2;165;58;66m██[38;2;214;74;82m██[38;2;214;74;82m██[38;2;65;65;65m██[38;2;214;74;82m██[38;2;0;0;0m██
    [38;2;0;0;0m██[38;2;214;74;82m██[38;2;214;74;82m██[38;2;214;74;82m██[38;2;214;74;82m██[38;2;214;74;82m██[38;2;214;74;82m██[38;2;255;255;255m██[38;2;255;255;255m██[38;2;214;74;82m██[38;2;214;74;82m██[38;2;65;65;65m██[38;2;255;132;58m██[38;2;65;65;65m██[38;2;0;0;0m██
    [38;2;0;0;0m██[38;2;214;74;82m██[38;2;247;189;41m██[38;2;214;74;82m██[38;2;214;74;82m██[38;2;214;74;82m██[38;2;214;74;82m██[38;2;214;74;82m██[38;2;214;74;82m██[38;2;214;74;82m██[38;2;165;58;66m██[38;2;214;74;82m██[38;2;255;132;58m██[38;2;255;132;58m██[38;2;0;0;0m██
      [38;2;0;0;0m██[38;2;189;123;66m██[38;2;214;74;82m██[38;2;247;189;41m██[38;2;214;74;82m██[38;2;247;189;41m██[38;2;214;74;82m██[38;2;214;74;82m██[38;2;214;74;82m██[38;2;165;58;66m██[38;2;214;74;82m██[38;2;214;74;82m██[38;2;255;132;58m██[38;2;0;0;0m██
    [38;2;0;0;0m██[38;2;255;132;58m██[38;2;165;58;66m██[38;2;214;74;82m██[38;2;189;123;66m██[38;2;214;74;82m██[38;2;189;123;66m██[38;2;214;74;82m██[38;2;214;74;82m██[38;2;214;74;82m██[38;2;214;74;82m██[38;2;214;74;82m██[38;2;165;58;66m██[38;2;0;0;0m██  
      [38;2;0;0;0m██[38;2;0;0;0m██[38;2;165;58;66m██[38;2;165;58;66m██[38;2;214;74;82m██[38;2;214;74;82m██[38;2;214;74;82m██[38;2;214;74;82m██[38;2;214;74;82m██[38;2;165;58;66m██[38;2;165;58;66m██[38;2;165;58;66m██[38;2;0;0;0m██  
          [38;2;0;0;0m██[38;2;0;0;0m██[38;2;165;58;66m██[38;2;165;58;66m██[38;2;165;58;66m██[38;2;165;58;66m██[38;2;165;58;66m██[38;2;165;58;66m██[38;2;0;0;0m██[38;2;0;0;0m██    
              [38;2;0;0;0m██[38;2;0;0;0m██[38;2;0;0;0m██[38;2;0;0;0m██[38;2;255;132;58m██[38;2;255;132;58m██[38;2;0;0;0m██      
                      [38;2;0;0;0m██[38;2;0;0;0m██        
