    [38;2;0;0;0m██                              
  [38;2;0;0;0m██[38;2;140;206;115m██[38;2;0;0;0m██            [38;2;0;0;0m██              
  [38;2;0;0;0m██[38;2;140;206;115m██[38;2;140;206;115m██[38;2;0;0;0m██  [38;2;0;0;0m██    [38;2;0;0;0m██[38;2;140;206;115m██[38;2;0;0;0m██            
  [38;2;0;0;0m██[38;2;140;206;115m██[38;2;140;206;115m██[38;2;65;65;65m██[38;2;0;0;0m██[38;2;255;222;41m██[38;2;0;0;0m██[38;2;0;0;0m██[38;2;140;206;115m██[38;2;140;206;115m██[38;2;0;0;0m██            
  [38;2;0;0;0m██[38;2;140;206;115m██[38;2;99;173;90m██[38;2;255;222;41m██[38;2;65;65;65m██[38;2;255;222;41m██[38;2;255;222;41m██[38;2;99;173;90m██[38;2;140;206;115m██[38;2;206;165;90m██[38;2;0;0;0m██            
    [38;2;0;0;0m██[38;2;99;173;90m██[38;2;206;165;90m██[38;2;255;222;41m██[38;2;255;222;41m██[38;2;115;115;115m██[38;2;140;206;115m██[38;2;206;165;90m██[38;2;255;222;41m██[38;2;0;0;0m██      [38;2;0;0;0m██    
    [38;2;0;0;0m██[38;2;255;222;41m██[38;2;255;222;41m██[38;2;115;115;115m██[38;2;255;222;41m██[38;2;115;115;115m██[38;2;140;206;115m██[38;2;255;222;41m██[38;2;255;222;41m██[38;2;0;0;0m██    [38;2;0;0;0m██[38;2;140;206;115m██[38;2;0;0;0m██  
  [38;2;0;0;0m██[38;2;99;173;90m██[38;2;115;115;115m██[38;2;115;115;115m██[38;2;140;206;115m██[38;2;115;115;115m██[38;2;140;206;115m██[38;2;99;173;90m██[38;2;255;222;41m██[38;2;0;0;0m██      [38;2;0;0;0m██[38;2;140;206;115m██[38;2;0;0;0m██  
  [38;2;0;0;0m██[38;2;140;206;115m██[38;2;140;206;115m██[38;2;140;206;115m██[38;2;247;247;197m██[38;2;247;247;197m██[38;2;140;206;115m██[38;2;140;206;115m██[38;2;115;115;115m██[38;2;0;0;0m██    [38;2;0;0;0m██[38;2;140;206;115m██[38;2;140;206;115m██[38;2;140;206;115m██[38;2;0;0;0m██
  [38;2;0;0;0m██[38;2;140;206;115m██[38;2;140;206;115m██[38;2;255;255;255m██[38;2;206;165;90m██[38;2;247;247;197m██[38;2;247;247;197m██[38;2;140;206;115m██[38;2;140;206;115m██[38;2;0;0;0m██    [38;2;0;0;0m██[38;2;140;206;115m██[38;2;140;206;115m██[38;2;0;0;0m██  
[38;2;0;0;0m██[38;2;247;247;197m██[38;2;247;247;197m██[38;2;247;247;197m██[38;2;0;0;0m██[38;2;247;247;197m██[38;2;206;197;165m██[38;2;247;247;197m██[38;2;140;206;115m██[38;2;99;173;90m██[38;2;0;0;0m██  [38;2;0;0;0m██[38;2;65;65;65m██[38;2;140;206;115m██[38;2;0;0;0m██    
[38;2;0;0;0m██[38;2;206;165;90m██[38;2;247;247;197m██[38;2;247;247;197m██[38;2;0;0;0m██[38;2;247;247;197m██[38;2;206;197;165m██[38;2;206;197;165m██[38;2;99;173;90m██[38;2;0;0;0m██  [38;2;0;0;0m██[38;2;140;206;115m██[38;2;140;206;115m██[38;2;99;173;90m██[38;2;0;0;0m██    
  [38;2;0;0;0m██[38;2;0;0;0m██[38;2;247;247;197m██[38;2;247;247;197m██[38;2;206;197;165m██[38;2;99;173;90m██[38;2;99;173;90m██[38;2;99;173;90m██[38;2;0;0;0m██[38;2;0;0;0m██[38;2;140;206;115m██[38;2;140;206;115m██[38;2;255;222;41m██[38;2;140;206;115m██[38;2;99;173;90m██[38;2;0;0;0m██  
      [38;2;0;0;0m██[38;2;0;0;0m██[38;2;115;115;115m██[38;2;99;173;90m██[38;2;99;173;90m██[38;2;140;206;115m██[38;2;140;206;115m██[38;2;140;206;115m██[38;2;140;206;115m██[38;2;140;206;115m██[38;2;140;206;115m██[38;2;140;206;115m██[38;2;255;222;41m██[38;2;0;0;0m██  
          [38;2;0;0;0m██[38;2;140;206;115m██[38;2;255;222;41m██[38;2;140;206;115m██[38;2;140;206;115m██[38;2;255;222;41m██[38;2;255;222;41m██[38;2;206;197;165m██[38;2;255;222;41m██[38;2;255;222;41m██[38;2;206;197;165m██[38;2;0;0;0m██  
          [38;2;0;0;0m██[38;2;255;222;41m██[38;2;206;197;165m██[38;2;255;222;41m██[38;2;255;222;41m██[38;2;206;197;165m██[38;2;206;197;165m██[38;2;247;247;197m██[38;2;173;165;132m██[38;2;206;197;165m██[38;2;247;247;197m██[38;2;65;65;65m██  
          [38;2;0;0;0m██[38;2;173;165;132m██[38;2;247;247;197m██[38;2;206;197;165m██[38;2;206;197;165m██[38;2;247;247;197m██[38;2;247;247;197m██[38;2;173;165;132m██[38;2;0;0;0m██[38;2;0;0;0m██[38;2;247;247;197m██[38;2;206;197;165m██[38;2;0;0;0m██
            [38;2;0;0;0m██[38;2;173;165;132m██[38;2;247;247;197m██[38;2;247;247;197m██[38;2;247;247;197m██[38;2;206;197;165m██[38;2;0;0;0m██    [38;2;0;0;0m██[38;2;206;197;165m██[38;2;0;0;0m██
            [38;2;0;0;0m██[38;2;206;197;165m██[38;2;115;115;115m██[38;2;173;165;132m██[38;2;247;247;197m██[38;2;0;0;0m██      [38;2;0;0;0m██[38;2;115;115;115m██[38;2;0;0;0m██
            [38;2;0;0;0m██[38;2;115;115;115m██[38;2;0;0;0m██[38;2;0;0;0m██[38;2;247;247;197m██[38;2;0;0;0m██      [38;2;0;0;0m██[38;2;0;0;0m██  
            [38;2;0;0;0m██[38;2;0;0;0m██  [38;2;0;0;0m██[38;2;115;115;115m██[38;2;0;0;0m██            
                  [38;2;0;0;0m██[38;2;0;0;0m██              
