                  [38;2;0;0;0m██[38;2;0;0;0m██          
                [38;2;0;0;0m██[38;2;132;115;115m██[38;2;0;0;0m██          
              [38;2;0;0;0m██[38;2;132;115;115m██[38;2;132;115;115m██[38;2;0;0;0m██          
        [38;2;0;0;0m██[38;2;0;0;0m██[38;2;0;0;0m██[38;2;132;115;115m██[38;2;132;115;115m██[38;2;0;0;0m██            
    [38;2;0;0;0m██[38;2;0;0;0m██[38;2;90;74;74m██[38;2;107;90;90m██[38;2;132;115;115m██[38;2;132;115;115m██[38;2;90;74;74m██[38;2;0;0;0m██            
  [38;2;0;0;0m██[38;2;132;115;115m██[38;2;132;115;115m██[38;2;132;115;115m██[38;2;132;115;115m██[38;2;132;115;115m██[38;2;132;115;115m██[38;2;132;115;115m██[38;2;107;90;90m██[38;2;0;0;0m██          
  [38;2;0;0;0m██[38;2;156;140;140m██[38;2;156;140;140m██[38;2;132;115;115m██[38;2;132;115;115m██[38;2;132;115;115m██[38;2;132;115;115m██[38;2;132;115;115m██[38;2;132;115;115m██[38;2;107;90;90m██[38;2;0;0;0m██        
[38;2;0;0;0m██[38;2;132;115;115m██[38;2;132;115;115m██[38;2;156;140;140m██[38;2;156;140;140m██[38;2;156;140;140m██[38;2;156;140;140m██[38;2;132;115;115m██[38;2;132;115;115m██[38;2;132;115;115m██[38;2;132;115;115m██[38;2;0;0;0m██        
[38;2;0;0;0m██[38;2;132;115;115m██[38;2;107;90;90m██[38;2;132;115;115m██[38;2;132;115;115m██[38;2;90;74;74m██[38;2;132;115;115m██[38;2;156;140;140m██[38;2;156;140;140m██[38;2;156;140;140m██[38;2;132;115;115m██[38;2;0;0;0m██        
[38;2;0;0;0m██[38;2;90;74;74m██[38;2;107;90;90m██[38;2;132;115;115m██[38;2;90;74;74m██[38;2;132;173;247m██[38;2;107;90;90m██[38;2;90;74;74m██[38;2;107;90;90m██[38;2;132;115;115m██[38;2;132;115;115m██[38;2;0;0;0m██        
  [38;2;0;0;0m██[38;2;132;173;247m██[38;2;107;90;90m██[38;2;132;173;247m██[38;2;132;173;247m██[38;2;90;74;74m██[38;2;132;173;247m██[38;2;107;90;90m██[38;2;132;115;115m██[38;2;0;0;0m██    [38;2;0;0;0m██[38;2;0;0;0m██  
  [38;2;0;0;0m██[38;2;132;173;247m██[38;2;132;173;247m██[38;2;132;173;247m██[38;2;132;173;247m██[38;2;132;173;247m██[38;2;107;90;90m██[38;2;107;90;90m██[38;2;65;65;65m██[38;2;0;0;0m██[38;2;0;0;0m██[38;2;0;0;0m██[38;2;132;173;247m██[38;2;0;0;0m██[38;2;0;0;0m██
    [38;2;0;0;0m██[38;2;156;115;206m██[38;2;156;115;206m██[38;2;132;173;247m██[38;2;90;132;206m██[38;2;90;74;74m██[38;2;90;74;74m██[38;2;132;115;115m██[38;2;107;90;90m██[38;2;90;74;74m██[38;2;132;173;247m██[38;2;90;132;206m██[38;2;132;173;247m██[38;2;0;0;0m██
      [38;2;0;0;0m██[38;2;0;0;0m██[38;2;90;74;74m██[38;2;90;74;74m██[38;2;107;90;90m██[38;2;132;115;115m██[38;2;132;115;115m██[38;2;189;66;165m██[38;2;107;90;90m██[38;2;90;74;74m██[38;2;132;173;247m██[38;2;0;0;0m██  
        [38;2;0;0;0m██[38;2;189;66;165m██[38;2;107;90;90m██[38;2;132;115;115m██[38;2;189;66;165m██[38;2;132;115;115m██[38;2;90;74;74m██[38;2;90;74;74m██[38;2;132;173;247m██[38;2;132;173;247m██[38;2;90;132;206m██[38;2;0;0;0m██
        [38;2;0;0;0m██[38;2;90;74;74m██[38;2;107;90;90m██[38;2;90;74;74m██[38;2;107;90;90m██[38;2;90;74;74m██[38;2;90;132;206m██[38;2;90;132;206m██[38;2;132;173;247m██[38;2;132;173;247m██[38;2;132;173;247m██[38;2;0;0;0m██
      [38;2;0;0;0m██[38;2;132;173;247m██[38;2;132;173;247m██[38;2;0;0;0m██[38;2;90;132;206m██[38;2;90;74;74m██[38;2;90;74;74m██[38;2;90;132;206m██[38;2;0;0;0m██[38;2;0;0;0m██[38;2;132;173;247m██[38;2;132;173;247m██[38;2;0;0;0m██
        [38;2;0;0;0m██[38;2;0;0;0m██  [38;2;0;0;0m██[38;2;90;132;206m██[38;2;132;173;247m██[38;2;0;0;0m██    [38;2;0;0;0m██[38;2;0;0;0m██  
              [38;2;0;0;0m██[38;2;132;173;247m██[38;2;132;173;247m██[38;2;0;0;0m██          
                [38;2;0;0;0m██[38;2;0;0;0m██            
