          [38;2;0;0;0m██[38;2;0;0;0m██[38;2;0;0;0m██[38;2;0;0;0m██          
      [38;2;0;0;0m██[38;2;0;0;0m██[38;2;180;222;238m██[38;2;180;222;238m██[38;2;180;222;238m██[38;2;180;222;238m██[38;2;0;0;0m██[38;2;0;0;0m██      
    [38;2;0;0;0m██[38;2;180;222;238m██[38;2;180;222;238m██[38;2;180;222;238m██[38;2;98;131;139m██[38;2;98;131;139m██[38;2;180;222;238m██[38;2;180;222;238m██[38;2;180;222;238m██[38;2;0;0;0m██    
  [38;2;0;0;0m██[38;2;164;205;82m██[38;2;180;222;238m██[38;2;180;222;238m██[38;2;98;131;139m██[38;2;82;180;205m██[38;2;98;131;139m██[38;2;98;131;139m██[38;2;98;131;139m██[38;2;180;222;238m██[38;2;180;222;238m██[38;2;0;0;0m██  
  [38;2;0;0;0m██[38;2;180;222;238m██[38;2;180;222;238m██[38;2;98;131;139m██[38;2;123;156;172m██[38;2;98;131;139m██[38;2;98;131;139m██[38;2;82;180;205m██[38;2;82;180;205m██[38;2;98;131;139m██[38;2;65;65;65m██[38;2;0;0;0m██  
[38;2;0;0;0m██[38;2;164;205;82m██[38;2;180;222;238m██[38;2;98;131;139m██[38;2;123;156;172m██[38;2;123;156;172m██[38;2;123;156;172m██[38;2;123;156;172m██[38;2;98;131;139m██[38;2;98;131;139m██[38;2;65;65;65m██[38;2;164;205;82m██[38;2;65;65;65m██[38;2;0;0;0m██
[38;2;0;0;0m██[38;2;164;205;82m██[38;2;98;131;139m██[38;2;82;180;205m██[38;2;98;131;139m██[38;2;123;156;172m██[38;2;123;156;172m██[38;2;123;156;172m██[38;2;123;156;172m██[38;2;123;156;172m██[38;2;65;65;65m██[38;2;164;205;82m██[38;2;65;65;65m██[38;2;0;0;0m██
[38;2;0;0;0m██[38;2;164;205;82m██[38;2;98;131;139m██[38;2;82;180;205m██[38;2;98;131;139m██[38;2;123;156;172m██[38;2;123;156;172m██[38;2;98;131;139m██[38;2;98;131;139m██[38;2;98;131;139m██[38;2;65;65;65m██[38;2;164;205;82m██[38;2;65;65;65m██[38;2;0;0;0m██
  [38;2;0;0;0m██[38;2;98;131;139m██[38;2;82;180;205m██[38;2;180;222;238m██[38;2;98;131;139m██[38;2;98;131;139m██[38;2;82;180;205m██[38;2;82;180;205m██[38;2;82;180;205m██[38;2;65;65;65m██[38;2;164;205;82m██[38;2;0;0;0m██  
  [38;2;0;0;0m██[38;2;131;172;82m██[38;2;98;131;139m██[38;2;82;180;205m██[38;2;98;131;139m██[38;2;180;222;238m██[38;2;82;180;205m██[38;2;82;180;205m██[38;2;65;65;65m██[38;2;164;205;82m██[38;2;65;65;65m██[38;2;0;0;0m██  
    [38;2;0;0;0m██[38;2;131;172;82m██[38;2;65;65;65m██[38;2;123;156;172m██[38;2;98;131;139m██[38;2;82;180;205m██[38;2;82;180;205m██[38;2;65;65;65m██[38;2;131;172;82m██[38;2;0;0;0m██    
      [38;2;0;0;0m██[38;2;0;0;0m██[38;2;65;65;65m██[38;2;123;156;172m██[38;2;98;131;139m██[38;2;65;65;65m██[38;2;131;172;82m██[38;2;0;0;0m██      
        [38;2;0;0;0m██[38;2;131;172;82m██[38;2;65;65;65m██[38;2;65;65;65m██[38;2;131;172;82m██[38;2;0;0;0m██        
      [38;2;0;0;0m██[38;2;131;172;82m██[38;2;65;65;65m██[38;2;131;172;82m██[38;2;164;205;82m██[38;2;65;65;65m██[38;2;164;205;82m██[38;2;0;0;0m██      
    [38;2;0;0;0m██[38;2;131;172;82m██[38;2;65;65;65m██[38;2;0;0;0m██[38;2;164;205;82m██[38;2;98;131;139m██[38;2;164;205;82m██[38;2;65;65;65m██[38;2;164;205;82m██[38;2;0;0;0m██    
    [38;2;0;0;0m██[38;2;131;172;82m██[38;2;0;0;0m██  [38;2;0;0;0m██[38;2;98;131;139m██[38;2;98;131;139m██[38;2;0;0;0m██[38;2;65;65;65m██[38;2;164;205;82m██[38;2;0;0;0m██  
      [38;2;0;0;0m██      [38;2;0;0;0m██[38;2;0;0;0m██  [38;2;0;0;0m██[38;2;164;205;82m██[38;2;0;0;0m██  
                    [38;2;0;0;0m██[38;2;164;205;82m██[38;2;0;0;0m██  
                    [38;2;0;0;0m██[38;2;164;205;82m██[38;2;0;0;0m██  
                      [38;2;0;0;0m██    
