                      [38;2;0;0;0m██                                    
                [38;2;0;0;0m██  [38;2;0;0;0m██[38;2;255;172;180m██[38;2;0;0;0m██            [38;2;0;0;0m██                    
              [38;2;0;0;0m██[38;2;255;172;180m██[38;2;0;0;0m██[38;2;65;65;65m██[38;2;230;131;139m██[38;2;65;65;65m██[38;2;0;0;0m██  [38;2;0;0;0m██[38;2;0;0;0m██  [38;2;0;0;0m██[38;2;255;213;255m██[38;2;0;0;0m██                  
              [38;2;0;0;0m██[38;2;230;131;139m██[38;2;255;172;180m██[38;2;230;131;139m██[38;2;65;65;65m██[38;2;255;172;180m██[38;2;230;131;139m██[38;2;0;0;0m██[38;2;255;172;180m██[38;2;230;131;139m██[38;2;0;0;0m██[38;2;255;172;180m██[38;2;255;172;180m██[38;2;0;0;0m██                  
                [38;2;0;0;0m██[38;2;230;131;139m██[38;2;65;65;65m██[38;2;255;172;180m██[38;2;255;255;255m██[38;2;255;255;255m██[38;2;255;213;255m██[38;2;255;172;180m██[38;2;255;213;255m██[38;2;230;131;139m██[38;2;65;65;65m██[38;2;65;65;65m██[38;2;255;213;255m██[38;2;0;0;0m██                
                [38;2;0;0;0m██[38;2;65;65;65m██[38;2;255;172;180m██[38;2;255;255;255m██[38;2;255;255;255m██[38;2;255;213;255m██[38;2;255;213;255m██[38;2;255;213;255m██[38;2;255;172;180m██[38;2;230;131;139m██[38;2;65;65;65m██[38;2;255;172;180m██[38;2;230;131;139m██[38;2;0;0;0m██                
                  [38;2;0;0;0m██[38;2;255;213;255m██[38;2;230;131;139m██[38;2;255;213;255m██[38;2;255;213;255m██[38;2;255;213;255m██[38;2;230;131;139m██[38;2;255;213;255m██[38;2;65;65;65m██[38;2;65;65;65m██[38;2;230;131;139m██[38;2;65;65;65m██[38;2;0;0;0m██                
                [38;2;131;131;139m██[38;2;0;0;0m██[38;2;230;131;139m██[38;2;255;213;255m██[38;2;230;131;139m██[38;2;230;131;139m██[38;2;230;131;139m██[38;2;255;172;180m██[38;2;65;65;65m██[38;2;65;65;65m██[38;2;131;131;139m██[38;2;131;131;139m██[38;2;0;0;0m██                  
              [38;2;131;131;139m██[38;2;0;0;0m██[38;2;230;131;139m██[38;2;65;65;65m██[38;2;230;131;139m██[38;2;255;172;180m██[38;2;255;213;255m██[38;2;65;65;65m██[38;2;65;65;65m██[38;2;222;49;65m██[38;2;65;65;65m██[38;2;131;131;139m██[38;2;0;0;0m██[38;2;205;189;180m██[38;2;131;131;139m██                
            [38;2;131;131;139m██[38;2;205;189;180m██[38;2;0;0;0m██[38;2;230;131;139m██[38;2;0;0;0m██[38;2;246;230;98m██[38;2;246;230;98m██[38;2;131;131;139m██[38;2;222;49;65m██[38;2;255;213;255m██[38;2;222;49;65m██[38;2;65;65;65m██[38;2;255;172;180m██[38;2;0;0;0m██[38;2;205;189;180m██[38;2;131;131;139m██                
          [38;2;131;131;139m██[38;2;205;189;180m██[38;2;0;0;0m██[38;2;230;131;139m██[38;2;0;0;0m██  [38;2;0;0;0m██[38;2;205;189;180m██[38;2;205;189;180m██[38;2;131;131;139m██[38;2;222;49;65m██[38;2;131;131;139m██[38;2;0;0;0m██[38;2;255;172;180m██[38;2;230;131;139m██[38;2;0;0;0m██[38;2;205;189;180m██[38;2;131;131;139m██              
        [38;2;131;131;139m██[38;2;255;255;255m██[38;2;205;189;180m██[38;2;0;0;0m██[38;2;230;131;139m██[38;2;0;0;0m██    [38;2;0;0;0m██[38;2;65;65;65m██[38;2;131;131;139m██[38;2;65;65;65m██[38;2;0;0;0m██  [38;2;0;0;0m██[38;2;255;172;180m██[38;2;0;0;0m██[38;2;205;189;180m██[38;2;205;189;180m██[38;2;131;131;139m██            
        [38;2;131;131;139m██[38;2;205;189;180m██[38;2;205;189;180m██[38;2;0;0;0m██[38;2;0;0;0m██      [38;2;0;0;0m██[38;2;255;255;255m██[38;2;230;131;139m██[38;2;65;65;65m██[38;2;131;131;139m██[38;2;0;0;0m██[38;2;65;65;65m██[38;2;255;172;180m██[38;2;0;0;0m██[38;2;205;189;180m██[38;2;205;189;180m██[38;2;255;255;255m██[38;2;131;131;139m██          
      [38;2;131;131;139m██[38;2;255;255;255m██[38;2;205;189;180m██[38;2;131;131;139m██      [38;2;0;0;0m██[38;2;0;0;0m██[38;2;255;255;255m██[38;2;255;172;180m██[38;2;255;172;180m██[38;2;230;131;139m██[38;2;65;65;65m██[38;2;131;131;139m██[38;2;65;65;65m██[38;2;0;0;0m██  [38;2;131;131;139m██[38;2;255;255;255m██[38;2;255;255;255m██[38;2;255;255;255m██[38;2;131;131;139m██        
      [38;2;131;131;139m██[38;2;255;255;255m██[38;2;205;189;180m██[38;2;131;131;139m██    [38;2;0;0;0m██[38;2;131;131;139m██[38;2;65;65;65m██[38;2;230;131;139m██[38;2;255;172;180m██[38;2;230;131;139m██[38;2;246;230;98m██[38;2;246;230;98m██[38;2;65;65;65m██[38;2;131;131;139m██[38;2;65;65;65m██[38;2;0;0;0m██  [38;2;131;131;139m██[38;2;255;255;255m██[38;2;255;255;255m██[38;2;255;255;255m██[38;2;131;131;139m██      
        [38;2;131;131;139m██[38;2;255;255;255m██[38;2;205;189;180m██[38;2;0;0;0m██[38;2;0;0;0m██[38;2;255;255;255m██[38;2;65;65;65m██[38;2;131;131;139m██[38;2;65;65;65m██[38;2;230;131;139m██[38;2;246;230;98m██[38;2;246;230;98m██[38;2;65;65;65m██[38;2;131;131;139m██[38;2;65;65;65m██[38;2;205;197;205m██[38;2;0;0;0m██  [38;2;131;131;139m██[38;2;255;255;255m██[38;2;255;255;255m██[38;2;255;255;255m██[38;2;131;131;139m██      
        [38;2;131;131;139m██[38;2;255;255;255m██[38;2;0;0;0m██[38;2;255;255;255m██[38;2;255;255;255m██[38;2;205;197;205m██[38;2;255;255;255m██[38;2;65;65;65m██[38;2;65;65;65m██[38;2;255;255;255m██[38;2;189;172;57m██[38;2;189;172;57m██[38;2;65;65;65m██[38;2;65;65;65m██[38;2;205;197;205m██[38;2;205;197;205m██[38;2;205;197;205m██[38;2;0;0;0m██[38;2;0;0;0m██[38;2;255;255;255m██[38;2;255;255;255m██[38;2;131;131;139m██        
  [38;2;131;131;139m██[38;2;131;131;139m██[38;2;131;131;139m██[38;2;255;255;255m██[38;2;205;189;180m██[38;2;205;189;180m██[38;2;0;0;0m██[38;2;65;65;65m██[38;2;65;65;65m██[38;2;255;255;255m██[38;2;255;255;255m██[38;2;255;255;255m██[38;2;255;255;255m██[38;2;255;255;255m██[38;2;255;255;255m██[38;2;255;255;255m██[38;2;255;255;255m██[38;2;205;197;205m██[38;2;65;65;65m██[38;2;205;197;205m██[38;2;205;197;205m██[38;2;205;197;205m██[38;2;0;0;0m██[38;2;255;255;255m██[38;2;131;131;139m██        
[38;2;131;131;139m██[38;2;205;189;180m██[38;2;205;189;180m██[38;2;205;189;180m██[38;2;205;189;180m██[38;2;205;189;180m██[38;2;0;0;0m██[38;2;230;131;139m██[38;2;65;65;65m██[38;2;255;172;180m██[38;2;65;65;65m██[38;2;65;65;65m██[38;2;255;255;255m██[38;2;255;255;255m██[38;2;65;65;65m██[38;2;255;255;255m██[38;2;255;255;255m██[38;2;65;65;65m██[38;2;65;65;65m██[38;2;230;131;139m██[38;2;65;65;65m██[38;2;65;65;65m██[38;2;0;0;0m██[38;2;255;255;255m██[38;2;255;255;255m██[38;2;131;131;139m██        
  [38;2;131;131;139m██[38;2;205;189;180m██[38;2;205;189;180m██[38;2;205;189;180m██[38;2;0;0;0m██[38;2;230;131;139m██[38;2;65;65;65m██[38;2;255;172;180m██[38;2;230;131;139m██[38;2;255;172;180m██[38;2;65;65;65m██[38;2;65;65;65m██[38;2;65;65;65m██[38;2;230;131;139m██[38;2;65;65;65m██[38;2;65;65;65m██[38;2;230;131;139m██[38;2;255;172;180m██[38;2;65;65;65m██[38;2;230;131;139m██[38;2;230;131;139m██[38;2;0;0;0m██[38;2;255;255;255m██[38;2;255;255;255m██[38;2;255;255;255m██[38;2;131;131;139m██[38;2;131;131;139m██[38;2;131;131;139m██  
[38;2;131;131;139m██[38;2;205;189;180m██[38;2;205;189;180m██[38;2;205;189;180m██[38;2;131;131;139m██[38;2;0;0;0m██[38;2;65;65;65m██[38;2;255;213;255m██[38;2;230;131;139m██[38;2;255;172;180m██[38;2;0;0;0m██[38;2;0;0;0m██[38;2;255;172;180m██[38;2;230;131;139m██[38;2;230;131;139m██[38;2;230;131;139m██[38;2;0;0;0m██[38;2;255;172;180m██[38;2;230;131;139m██[38;2;255;213;255m██[38;2;65;65;65m██[38;2;230;131;139m██[38;2;230;131;139m██[38;2;0;0;0m██[38;2;255;255;255m██[38;2;255;255;255m██[38;2;255;255;255m██[38;2;255;255;255m██[38;2;255;255;255m██[38;2;131;131;139m██
  [38;2;131;131;139m██[38;2;131;131;139m██[38;2;131;131;139m██    [38;2;0;0;0m██[38;2;230;131;139m██[38;2;255;172;180m██[38;2;0;0;0m██    [38;2;0;0;0m██[38;2;255;172;180m██[38;2;255;172;180m██[38;2;0;0;0m██  [38;2;0;0;0m██[38;2;255;172;180m██[38;2;230;131;139m██[38;2;255;213;255m██[38;2;65;65;65m██[38;2;230;131;139m██[38;2;230;131;139m██[38;2;8;8;8m██[38;2;255;255;255m██[38;2;255;255;255m██[38;2;255;255;255m██[38;2;131;131;139m██  
              [38;2;0;0;0m██[38;2;0;0;0m██        [38;2;0;0;0m██[38;2;0;0;0m██      [38;2;0;0;0m██[38;2;255;172;180m██[38;2;230;131;139m██[38;2;255;213;255m██[38;2;65;65;65m██[38;2;230;131;139m██[38;2;8;8;8m██[38;2;131;131;139m██[38;2;255;255;255m██[38;2;255;255;255m██[38;2;255;255;255m██[38;2;131;131;139m██
                                      [38;2;0;0;0m██[38;2;255;172;180m██[38;2;230;131;139m██[38;2;8;8;8m██[38;2;8;8;8m██    [38;2;131;131;139m██[38;2;131;131;139m██[38;2;131;131;139m██  
                                        [38;2;0;0;0m██[38;2;0;0;0m██                
