            [38;2;0;0;0m██[38;2;0;0;0m██[38;2;0;0;0m██[38;2;0;0;0m██          
          [38;2;0;0;0m██[38;2;181;132;90m██[38;2;181;132;90m██[38;2;181;132;90m██[38;2;140;99;58m██[38;2;0;0;0m██        
        [38;2;0;0;0m██[38;2;181;132;90m██[38;2;181;132;90m██[38;2;181;132;90m██[38;2;181;132;90m██[38;2;181;132;90m██[38;2;140;99;58m██[38;2;0;0;0m██      
        [38;2;0;0;0m██[38;2;140;99;58m██[38;2;181;132;90m██[38;2;0;0;0m██[38;2;181;132;90m██[38;2;181;132;90m██[38;2;181;132;90m██[38;2;0;0;0m██      
      [38;2;0;0;0m██[38;2;247;123;140m██[38;2;255;206;214m██[38;2;140;99;58m██[38;2;0;0;0m██[38;2;181;132;90m██[38;2;181;132;90m██[38;2;181;132;90m██[38;2;0;0;0m██      
      [38;2;0;0;0m██[38;2;65;65;65m██[38;2;206;99;115m██[38;2;206;99;115m██[38;2;140;99;58m██[38;2;181;132;90m██[38;2;181;132;90m██[38;2;181;132;90m██[38;2;0;0;0m██      
    [38;2;0;0;0m██[38;2;65;65;65m██[38;2;181;132;90m██[38;2;65;65;65m██[38;2;65;65;65m██[38;2;181;132;90m██[38;2;181;132;90m██[38;2;181;132;90m██[38;2;140;99;58m██[38;2;0;0;0m██      
  [38;2;0;0;0m██[38;2;189;181;165m██[38;2;65;65;65m██[38;2;140;99;58m██[38;2;181;132;90m██[38;2;181;132;90m██[38;2;181;132;90m██[38;2;140;99;58m██[38;2;140;99;58m██[38;2;140;99;58m██[38;2;65;65;65m██[38;2;0;0;0m██[38;2;0;0;0m██  
[38;2;0;0;0m██[38;2;132;132;115m██[38;2;107;107;82m██[38;2;107;107;82m██[38;2;65;65;65m██[38;2;65;65;65m██[38;2;140;99;58m██[38;2;140;99;58m██[38;2;140;99;58m██[38;2;140;99;58m██[38;2;140;99;58m██[38;2;65;65;65m██[38;2;107;107;82m██[38;2;65;65;65m██[38;2;0;0;0m██
[38;2;0;0;0m██[38;2;107;107;82m██[38;2;107;107;82m██[38;2;65;65;65m██[38;2;189;181;165m██[38;2;189;181;165m██[38;2;65;65;65m██[38;2;140;99;58m██[38;2;140;99;58m██[38;2;65;65;65m██[38;2;65;65;65m██[38;2;189;181;165m██[38;2;107;107;82m██[38;2;107;107;82m██[38;2;0;0;0m██
  [38;2;0;0;0m██[38;2;0;0;0m██[38;2;189;181;165m██[38;2;189;181;165m██[38;2;107;107;82m██[38;2;65;65;65m██[38;2;189;181;165m██[38;2;189;181;165m██[38;2;107;107;82m██[38;2;132;132;115m██[38;2;107;107;82m██[38;2;107;107;82m██[38;2;0;0;0m██  
      [38;2;0;0;0m██[38;2;132;132;115m██[38;2;132;132;115m██[38;2;107;107;82m██[38;2;107;107;82m██[38;2;132;132;115m██[38;2;132;132;115m██[38;2;0;0;0m██[38;2;132;132;115m██[38;2;65;65;65m██[38;2;0;0;0m██  
        [38;2;0;0;0m██[38;2;0;0;0m██[38;2;107;107;82m██[38;2;107;107;82m██[38;2;0;0;0m██[38;2;0;0;0m██  [38;2;0;0;0m██[38;2;0;0;0m██    
            [38;2;0;0;0m██[38;2;0;0;0m██              
