          [38;2;0;0;0m██[38;2;0;0;0m██                  
        [38;2;0;0;0m██[38;2;197;165;206m██[38;2;148;123;206m██[38;2;0;0;0m██  [38;2;0;0;0m██[38;2;0;0;0m██[38;2;0;0;0m██        
    [38;2;0;0;0m██[38;2;0;0;0m██[38;2;148;123;206m██[38;2;148;123;206m██[38;2;148;123;206m██[38;2;148;123;206m██[38;2;0;0;0m██[38;2;123;90;173m██[38;2;197;165;206m██[38;2;148;123;206m██[38;2;0;0;0m██      
  [38;2;0;0;0m██[38;2;148;123;206m██[38;2;65;65;65m██[38;2;148;123;206m██[38;2;0;0;0m██[38;2;148;123;206m██[38;2;148;123;206m██[38;2;148;123;206m██[38;2;148;123;206m██[38;2;148;123;206m██[38;2;148;123;206m██[38;2;148;123;206m██[38;2;0;0;0m██    
  [38;2;0;0;0m██[38;2;148;123;206m██[38;2;148;123;206m██[38;2;148;123;206m██[38;2;148;123;206m██[38;2;148;123;206m██[38;2;148;123;206m██[38;2;148;123;206m██[38;2;0;0;0m██[38;2;148;123;206m██[38;2;148;123;206m██[38;2;148;123;206m██[38;2;0;0;0m██    
  [38;2;0;0;0m██[38;2;148;123;206m██[38;2;148;123;206m██[38;2;65;65;65m██[38;2;65;65;65m██[38;2;148;123;206m██[38;2;148;123;206m██[38;2;148;123;206m██[38;2;148;123;206m██[38;2;148;123;206m██[38;2;148;123;206m██[38;2;148;123;206m██[38;2;148;123;206m██[38;2;0;0;0m██  
[38;2;0;0;0m██[38;2;123;90;173m██[38;2;148;123;206m██[38;2;148;123;206m██[38;2;148;123;206m██[38;2;148;123;206m██[38;2;65;65;65m██[38;2;65;65;65m██[38;2;65;65;65m██[38;2;65;65;65m██[38;2;65;65;65m██[38;2;148;123;206m██[38;2;148;123;206m██[38;2;148;123;206m██[38;2;0;0;0m██  
[38;2;0;0;0m██[38;2;123;90;173m██[38;2;123;90;173m██[38;2;148;123;206m██[38;2;123;90;173m██[38;2;148;123;206m██[38;2;148;123;206m██[38;2;148;123;206m██[38;2;148;123;206m██[38;2;148;123;206m██[38;2;148;123;206m██[38;2;148;123;206m██[38;2;148;123;206m██[38;2;123;90;173m██[38;2;123;90;173m██[38;2;0;0;0m██
[38;2;0;0;0m██[38;2;65;65;65m██[38;2;123;90;173m██[38;2;123;90;173m██[38;2;123;90;173m██[38;2;123;90;173m██[38;2;148;123;206m██[38;2;148;123;206m██[38;2;148;123;206m██[38;2;123;90;173m██[38;2;123;90;173m██[38;2;148;123;206m██[38;2;123;90;173m██[38;2;123;90;173m██[38;2;123;90;173m██[38;2;0;0;0m██
  [38;2;0;0;0m██[38;2;0;0;0m██[38;2;65;65;65m██[38;2;123;90;173m██[38;2;123;90;173m██[38;2;123;90;173m██[38;2;123;90;173m██[38;2;123;90;173m██[38;2;123;90;173m██[38;2;123;90;173m██[38;2;123;90;173m██[38;2;123;90;173m██[38;2;123;90;173m██[38;2;123;90;173m██[38;2;0;0;0m██
      [38;2;0;0;0m██[38;2;0;0;0m██[38;2;65;65;65m██[38;2;123;90;173m██[38;2;123;90;173m██[38;2;123;90;173m██[38;2;123;90;173m██[38;2;65;65;65m██[38;2;123;90;173m██[38;2;65;65;65m██[38;2;0;0;0m██[38;2;0;0;0m██  
          [38;2;0;0;0m██[38;2;65;65;65m██[38;2;123;90;173m██[38;2;123;90;173m██[38;2;65;65;65m██[38;2;0;0;0m██[38;2;0;0;0m██[38;2;0;0;0m██      
            [38;2;0;0;0m██[38;2;0;0;0m██[38;2;0;0;0m██[38;2;0;0;0m██            
