                            [38;2;0;0;0m██[38;2;0;0;0m██[38;2;0;0;0m██[38;2;0;0;0m██                      
                        [38;2;0;0;0m██[38;2;0;0;0m██[38;2;107;107;123m██[38;2;148;165;173m██[38;2;148;165;173m██[38;2;107;107;123m██[38;2;0;0;0m██[38;2;0;0;0m██[38;2;0;0;0m██                
                    [38;2;0;0;0m██[38;2;0;0;0m██[38;2;107;107;123m██[38;2;148;165;173m██[38;2;148;165;173m██[38;2;148;165;173m██[38;2;148;165;173m██[38;2;148;165;173m██[38;2;148;165;173m██[38;2;65;65;65m██[38;2;132;140;148m██[38;2;0;0;0m██[38;2;0;0;0m██            
  [38;2;0;0;0m██[38;2;0;0;0m██[38;2;0;0;0m██[38;2;0;0;0m██[38;2;0;0;0m██      [38;2;0;0;0m██[38;2;107;107;123m██[38;2;132;140;148m██[38;2;132;140;148m██[38;2;107;107;123m██[38;2;107;107;123m██[38;2;148;165;173m██[38;2;148;165;173m██[38;2;148;165;173m██[38;2;148;165;173m██[38;2;148;165;173m██[38;2;107;107;123m██[38;2;132;140;148m██[38;2;65;65;65m██[38;2;0;0;0m██          
[38;2;0;0;0m██[38;2;148;165;173m██[38;2;148;165;173m██[38;2;148;165;173m██[38;2;148;165;173m██[38;2;107;107;123m██[38;2;0;0;0m██[38;2;0;0;0m██[38;2;0;0;0m██[38;2;65;65;65m██[38;2;132;140;148m██[38;2;132;140;148m██[38;2;132;140;148m██[38;2;132;140;148m██[38;2;132;140;148m██[38;2;107;107;123m██[38;2;107;107;123m██[38;2;148;165;173m██[38;2;148;165;173m██[38;2;107;107;123m██[38;2;107;107;123m██[38;2;107;107;123m██[38;2;132;140;148m██[38;2;107;107;123m██[38;2;0;0;0m██        
  [38;2;0;0;0m██[38;2;0;0;0m██[38;2;148;165;173m██[38;2;148;165;173m██[38;2;148;165;173m██[38;2;132;140;148m██[38;2;65;65;65m██[38;2;148;165;173m██[38;2;148;165;173m██[38;2;65;65;65m██[38;2;65;65;65m██[38;2;132;140;148m██[38;2;132;140;148m██[38;2;132;140;148m██[38;2;132;140;148m██[38;2;107;107;123m██[38;2;107;107;123m██[38;2;107;107;123m██[38;2;107;107;123m██[38;2;107;107;123m██[38;2;107;107;123m██[38;2;107;107;123m██[38;2;107;107;123m██[38;2;107;107;123m██[38;2;0;0;0m██      
      [38;2;0;0;0m██[38;2;0;0;0m██[38;2;132;140;148m██[38;2;107;107;123m██[38;2;148;165;173m██[38;2;148;165;173m██[38;2;148;165;173m██[38;2;148;165;173m██[38;2;148;165;173m██[38;2;65;65;65m██[38;2;107;107;123m██[38;2;132;140;148m██[38;2;107;107;123m██[38;2;107;107;123m██[38;2;107;107;123m██[38;2;107;107;123m██[38;2;107;107;123m██[38;2;65;65;65m██[38;2;65;65;65m██[38;2;65;65;65m██[38;2;65;65;65m██[38;2;107;107;123m██[38;2;107;107;123m██[38;2;0;0;0m██    
          [38;2;0;0;0m██[38;2;107;107;123m██[38;2;65;65;65m██[38;2;148;165;173m██[38;2;148;165;173m██[38;2;148;165;173m██[38;2;148;165;173m██[38;2;148;165;173m██[38;2;107;107;123m██[38;2;107;107;123m██[38;2;107;107;123m██[38;2;107;107;123m██[38;2;107;107;123m██[38;2;65;65;65m██[38;2;65;65;65m██[38;2;140;165;206m██[38;2;173;206;255m██[38;2;173;206;255m██[38;2;140;165;206m██[38;2;65;65;65m██[38;2;107;107;123m██[38;2;0;0;0m██    
          [38;2;0;0;0m██[38;2;132;140;148m██[38;2;132;140;148m██[38;2;65;65;65m██[38;2;65;65;65m██[38;2;148;165;173m██[38;2;148;165;173m██[38;2;65;65;65m██[38;2;107;107;123m██[38;2;107;107;123m██[38;2;107;107;123m██[38;2;65;65;65m██[38;2;65;65;65m██[38;2;140;165;206m██[38;2;173;206;255m██[38;2;173;206;255m██[38;2;173;206;255m██[38;2;173;206;255m██[38;2;173;206;255m██[38;2;173;206;255m██[38;2;65;65;65m██[38;2;65;65;65m██[38;2;0;0;0m██  
          [38;2;0;0;0m██[38;2;65;65;65m██[38;2;132;140;148m██[38;2;132;140;148m██[38;2;132;140;148m██[38;2;65;65;65m██[38;2;65;65;65m██[38;2;107;107;123m██[38;2;107;107;123m██[38;2;107;107;123m██[38;2;132;140;148m██[38;2;148;165;173m██[38;2;132;140;148m██[38;2;65;65;65m██[38;2;173;206;255m██[38;2;173;206;255m██[38;2;173;206;255m██[38;2;173;206;255m██[38;2;173;206;255m██[38;2;173;206;255m██[38;2;173;206;255m██[38;2;65;65;65m██[38;2;0;0;0m██  
  [38;2;0;0;0m██    [38;2;0;0;0m██[38;2;148;165;173m██[38;2;148;165;173m██[38;2;65;65;65m██[38;2;65;65;65m██[38;2;132;140;148m██[38;2;132;140;148m██[38;2;107;107;123m██[38;2;107;107;123m██[38;2;132;140;148m██[38;2;148;165;173m██[38;2;148;165;173m██[38;2;148;165;173m██[38;2;148;165;173m██[38;2;148;165;173m██[38;2;65;65;65m██[38;2;65;65;65m██[38;2;173;206;255m██[38;2;173;206;255m██[38;2;173;206;255m██[38;2;173;206;255m██[38;2;173;206;255m██[38;2;140;165;206m██[38;2;65;65;65m██[38;2;0;0;0m██
[38;2;0;0;0m██[38;2;255;255;255m██[38;2;0;0;0m██[38;2;0;0;0m██[38;2;0;0;0m██[38;2;148;165;173m██[38;2;148;165;173m██[38;2;148;165;173m██[38;2;148;165;173m██[38;2;65;65;65m██[38;2;107;107;123m██[38;2;107;107;123m██[38;2;107;107;123m██[38;2;107;107;123m██[38;2;65;65;65m██[38;2;65;65;65m██[38;2;148;165;173m██[38;2;148;165;173m██[38;2;148;165;173m██[38;2;148;165;173m██[38;2;148;165;173m██[38;2;65;65;65m██[38;2;65;65;65m██[38;2;173;206;255m██[38;2;173;206;255m██[38;2;140;165;206m██[38;2;140;165;206m██[38;2;65;65;65m██[38;2;0;0;0m██
[38;2;0;0;0m██[38;2;255;255;255m██[38;2;255;255;255m██[38;2;197;206;206m██[38;2;65;65;65m██[38;2;65;65;65m██[38;2;148;165;173m██[38;2;148;165;173m██[38;2;148;165;173m██[38;2;65;65;65m██[38;2;107;107;123m██[38;2;107;107;123m██[38;2;107;107;123m██[38;2;0;0;0m██[38;2;255;255;255m██[38;2;140;165;206m██[38;2;65;65;65m██[38;2;65;65;65m██[38;2;148;165;173m██[38;2;148;165;173m██[38;2;148;165;173m██[38;2;148;165;173m██[38;2;148;165;173m██[38;2;65;65;65m██[38;2;140;165;206m██[38;2;140;165;206m██[38;2;140;165;206m██[38;2;140;165;206m██[38;2;0;0;0m██
  [38;2;0;0;0m██[38;2;255;255;255m██[38;2;255;255;255m██[38;2;65;65;65m██[38;2;132;140;148m██[38;2;107;107;123m██[38;2;107;107;123m██[38;2;65;65;65m██[38;2;107;107;123m██[38;2;107;107;123m██[38;2;65;65;65m██[38;2;107;107;123m██[38;2;255;255;255m██[38;2;65;65;65m██[38;2;65;65;65m██[38;2;173;206;255m██[38;2;173;206;255m██[38;2;65;65;65m██[38;2;65;65;65m██[38;2;65;65;65m██[38;2;148;165;173m██[38;2;148;165;173m██[38;2;148;165;173m██[38;2;65;65;65m██[38;2;140;165;206m██[38;2;140;165;206m██[38;2;65;65;65m██[38;2;0;0;0m██
    [38;2;0;0;0m██[38;2;0;0;0m██[38;2;197;206;206m██[38;2;65;65;65m██[38;2;132;140;148m██[38;2;132;140;148m██[38;2;132;140;148m██[38;2;107;107;123m██[38;2;65;65;65m██[38;2;255;255;255m██[38;2;65;65;65m██[38;2;65;65;65m██[38;2;255;255;255m██[38;2;197;206;206m██[38;2;65;65;65m██[38;2;173;206;255m██[38;2;173;206;255m██[38;2;173;206;255m██[38;2;140;165;206m██[38;2;65;65;65m██[38;2;65;65;65m██[38;2;148;165;173m██[38;2;65;65;65m██[38;2;140;165;206m██[38;2;107;107;123m██[38;2;65;65;65m██[38;2;0;0;0m██
        [38;2;0;0;0m██[38;2;0;0;0m██[38;2;65;65;65m██[38;2;65;65;65m██[38;2;132;140;148m██[38;2;107;107;123m██[38;2;65;65;65m██[38;2;255;255;255m██[38;2;255;255;255m██[38;2;255;255;255m██[38;2;255;255;255m██[38;2;197;206;206m██[38;2;65;65;65m██[38;2;173;206;255m██[38;2;173;206;255m██[38;2;173;206;255m██[38;2;140;165;206m██[38;2;140;165;206m██[38;2;140;165;206m██[38;2;65;65;65m██[38;2;107;107;123m██[38;2;140;165;206m██[38;2;107;107;123m██[38;2;0;0;0m██  
          [38;2;0;0;0m██[38;2;148;165;173m██[38;2;148;165;173m██[38;2;107;107;123m██[38;2;107;107;123m██[38;2;65;65;65m██[38;2;65;65;65m██[38;2;255;255;255m██[38;2;255;255;255m██[38;2;197;206;206m██[38;2;0;0;0m██[38;2;140;165;206m██[38;2;173;206;255m██[38;2;173;206;255m██[38;2;140;165;206m██[38;2;140;165;206m██[38;2;65;65;65m██[38;2;0;0;0m██[38;2;0;0;0m██[38;2;255;255;255m██[38;2;140;165;206m██[38;2;197;206;206m██[38;2;0;0;0m██  
            [38;2;0;0;0m██[38;2;148;165;173m██[38;2;148;165;173m██[38;2;107;107;123m██[38;2;107;107;123m██[38;2;65;65;65m██[38;2;0;0;0m██[38;2;0;0;0m██[38;2;0;0;0m██[38;2;0;0;0m██[38;2;65;65;65m██[38;2;107;107;123m██[38;2;107;107;123m██[38;2;140;165;206m██[38;2;107;107;123m██[38;2;0;0;0m██    [38;2;0;0;0m██[38;2;0;0;0m██[38;2;0;0;0m██    
            [38;2;0;0;0m██[38;2;107;107;123m██[38;2;107;107;123m██[38;2;107;107;123m██[38;2;107;107;123m██[38;2;107;107;123m██[38;2;0;0;0m██    [38;2;0;0;0m██[38;2;65;65;65m██[38;2;107;107;123m██[38;2;107;107;123m██[38;2;140;165;206m██[38;2;107;107;123m██[38;2;0;0;0m██              
              [38;2;0;0;0m██[38;2;148;165;173m██[38;2;148;165;173m██[38;2;132;140;148m██[38;2;107;107;123m██[38;2;107;107;123m██[38;2;0;0;0m██    [38;2;0;0;0m██[38;2;255;255;255m██[38;2;140;165;206m██[38;2;197;206;206m██[38;2;0;0;0m██                
                [38;2;0;0;0m██[38;2;0;0;0m██[38;2;132;140;148m██[38;2;132;140;148m██[38;2;107;107;123m██[38;2;0;0;0m██      [38;2;0;0;0m██[38;2;0;0;0m██[38;2;0;0;0m██                  
                    [38;2;0;0;0m██[38;2;0;0;0m██[38;2;0;0;0m██                                
