            [38;2;0;0;0m██[38;2;0;0;0m██[38;2;0;0;0m██                                            
          [38;2;0;0;0m██[38;2;140;58;115m██[38;2;140;58;115m██[38;2;140;58;115m██[38;2;0;0;0m██                                          
          [38;2;0;0;0m██[38;2;140;58;115m██[38;2;0;0;0m██[38;2;0;0;0m██[38;2;0;0;0m██[38;2;0;0;0m██                      [38;2;0;0;0m██[38;2;0;0;0m██              
        [38;2;0;0;0m██[38;2;140;58;115m██[38;2;0;0;0m██  [38;2;0;0;0m██[38;2;107;82;49m██[38;2;107;82;49m██[38;2;0;0;0m██      [38;2;0;0;0m██[38;2;0;0;0m██      [38;2;0;0;0m██[38;2;0;0;0m██[38;2;181;74;156m██[38;2;181;74;156m██[38;2;0;0;0m██            
        [38;2;0;0;0m██[38;2;140;58;115m██[38;2;0;0;0m██  [38;2;0;0;0m██[38;2;107;82;49m██[38;2;65;65;65m██[38;2;107;82;49m██[38;2;0;0;0m██[38;2;0;0;0m██[38;2;0;0;0m██[38;2;189;197;165m██[38;2;189;197;165m██[38;2;0;0;0m██[38;2;0;0;0m██[38;2;0;0;0m██[38;2;148;148;115m██[38;2;189;197;165m██[38;2;0;0;0m██[38;2;0;0;0m██[38;2;181;74;156m██[38;2;0;0;0m██          
      [38;2;0;0;0m██[38;2;140;58;115m██[38;2;0;0;0m██      [38;2;0;0;0m██[38;2;255;123;173m██[38;2;65;65;65m██[38;2;65;65;65m██[38;2;107;82;49m██[38;2;0;0;0m██[38;2;189;197;165m██[38;2;189;197;165m██[38;2;189;197;165m██[38;2;65;65;65m██[38;2;148;148;115m██[38;2;189;197;165m██[38;2;148;148;115m██[38;2;0;0;0m██  [38;2;0;0;0m██[38;2;181;74;156m██[38;2;0;0;0m██        
      [38;2;0;0;0m██[38;2;140;58;115m██[38;2;0;0;0m██      [38;2;0;0;0m██[38;2;65;65;65m██[38;2;65;65;65m██[38;2;189;189;189m██[38;2;65;65;65m██[38;2;0;0;0m██[38;2;132;107;82m██[38;2;189;197;165m██[38;2;132;107;82m██[38;2;132;107;82m██[38;2;189;197;165m██[38;2;148;148;115m██[38;2;0;0;0m██      [38;2;0;0;0m██[38;2;181;74;156m██[38;2;0;0;0m██      
    [38;2;0;0;0m██[38;2;140;58;115m██[38;2;0;0;0m██        [38;2;0;0;0m██[38;2;189;189;189m██[38;2;65;65;65m██[38;2;65;65;65m██[38;2;0;0;0m██[38;2;189;189;189m██[38;2;255;255;255m██[38;2;132;107;82m██[38;2;255;123;173m██[38;2;214;90;165m██[38;2;132;107;82m██[38;2;0;0;0m██        [38;2;0;0;0m██[38;2;181;74;156m██[38;2;181;74;156m██[38;2;0;0;0m██    
  [38;2;0;0;0m██[38;2;140;58;115m██[38;2;140;58;115m██[38;2;0;0;0m██      [38;2;0;0;0m██[38;2;107;82;49m██[38;2;65;65;65m██[38;2;107;82;49m██[38;2;107;82;49m██[38;2;0;0;0m██[38;2;255;255;255m██[38;2;189;189;189m██[38;2;107;82;49m██[38;2;214;90;165m██[38;2;255;123;173m██[38;2;107;82;49m██[38;2;0;0;0m██          [38;2;0;0;0m██[38;2;181;74;156m██[38;2;181;74;156m██[38;2;0;0;0m██  
[38;2;0;0;0m██[38;2;140;58;115m██[38;2;140;58;115m██[38;2;0;0;0m██        [38;2;0;0;0m██[38;2;107;82;49m██[38;2;0;0;0m██[38;2;107;82;49m██[38;2;107;82;49m██[38;2;0;0;0m██[38;2;107;82;49m██[38;2;107;82;49m██[38;2;132;107;82m██[38;2;107;82;49m██[38;2;107;82;49m██[38;2;132;107;82m██[38;2;148;148;115m██[38;2;0;0;0m██        [38;2;0;0;0m██[38;2;181;74;156m██[38;2;181;74;156m██[38;2;0;0;0m██  
[38;2;0;0;0m██[38;2;140;58;115m██[38;2;140;58;115m██[38;2;0;0;0m██        [38;2;0;0;0m██[38;2;0;0;0m██  [38;2;0;0;0m██[38;2;0;0;0m██[38;2;255;255;255m██[38;2;132;107;82m██[38;2;132;107;82m██[38;2;189;189;189m██[38;2;255;255;255m██[38;2;132;107;82m██[38;2;189;197;165m██[38;2;189;197;165m██[38;2;0;0;0m██          [38;2;0;0;0m██[38;2;181;74;156m██[38;2;181;74;156m██[38;2;0;0;0m██
[38;2;0;0;0m██[38;2;140;58;115m██[38;2;140;58;115m██[38;2;140;58;115m██[38;2;0;0;0m██            [38;2;0;0;0m██[38;2;173;140;107m██[38;2;65;65;65m██[38;2;255;255;255m██[38;2;107;82;49m██[38;2;255;255;255m██[38;2;189;189;189m██[38;2;107;82;49m██[38;2;189;197;165m██[38;2;189;197;165m██[38;2;0;0;0m██          [38;2;0;0;0m██[38;2;181;74;156m██[38;2;181;74;156m██[38;2;0;0;0m██
  [38;2;0;0;0m██[38;2;140;58;115m██[38;2;140;58;115m██[38;2;0;0;0m██          [38;2;0;0;0m██[38;2;173;140;107m██[38;2;107;82;49m██[38;2;173;140;107m██[38;2;132;107;82m██[38;2;0;0;0m██[38;2;0;0;0m██[38;2;0;0;0m██[38;2;0;0;0m██[38;2;0;0;0m██[38;2;189;197;165m██[38;2;0;0;0m██          [38;2;0;0;0m██[38;2;181;74;156m██[38;2;181;74;156m██[38;2;0;0;0m██
  [38;2;0;0;0m██[38;2;140;58;115m██[38;2;140;58;115m██[38;2;140;58;115m██[38;2;0;0;0m██      [38;2;0;0;0m██[38;2;173;140;107m██[38;2;173;140;107m██[38;2;173;140;107m██[38;2;132;107;82m██[38;2;0;0;0m██[38;2;107;82;49m██[38;2;132;107;82m██[38;2;0;0;0m██  [38;2;0;0;0m██[38;2;189;197;165m██[38;2;0;0;0m██        [38;2;0;0;0m██[38;2;181;74;156m██[38;2;181;74;156m██[38;2;181;74;156m██[38;2;0;0;0m██
    [38;2;0;0;0m██[38;2;140;58;115m██[38;2;140;58;115m██[38;2;140;58;115m██[38;2;0;0;0m██  [38;2;0;0;0m██[38;2;173;140;107m██[38;2;132;107;82m██[38;2;173;140;107m██[38;2;132;107;82m██[38;2;0;0;0m██[38;2;0;0;0m██[38;2;132;107;82m██[38;2;107;82;49m██[38;2;132;107;82m██[38;2;0;0;0m██  [38;2;0;0;0m██          [38;2;0;0;0m██[38;2;181;74;156m██[38;2;181;74;156m██[38;2;181;74;156m██[38;2;0;0;0m██
    [38;2;0;0;0m██[38;2;140;58;115m██[38;2;181;74;156m██[38;2;140;58;115m██[38;2;140;58;115m██[38;2;0;0;0m██[38;2;173;140;107m██[38;2;132;107;82m██[38;2;173;140;107m██[38;2;132;107;82m██[38;2;0;0;0m██[38;2;107;82;49m██[38;2;107;82;49m██[38;2;0;0;0m██[38;2;132;107;82m██[38;2;107;82;49m██[38;2;132;107;82m██[38;2;0;0;0m██          [38;2;0;0;0m██[38;2;255;123;173m██[38;2;181;74;156m██[38;2;255;123;173m██[38;2;0;0;0m██  
      [38;2;0;0;0m██[38;2;140;58;115m██[38;2;181;74;156m██[38;2;181;74;156m██[38;2;0;0;0m██[38;2;173;140;107m██[38;2;173;140;107m██[38;2;132;107;82m██[38;2;0;0;0m██  [38;2;0;0;0m██[38;2;107;82;49m██[38;2;0;0;0m██[38;2;0;0;0m██[38;2;132;107;82m██[38;2;107;82;49m██[38;2;132;107;82m██[38;2;0;0;0m██        [38;2;0;0;0m██[38;2;181;74;156m██[38;2;255;123;173m██[38;2;255;123;173m██[38;2;0;0;0m██  
      [38;2;0;0;0m██[38;2;181;74;156m██[38;2;181;74;156m██[38;2;181;74;156m██[38;2;0;0;0m██[38;2;0;0;0m██[38;2;0;0;0m██[38;2;0;0;0m██    [38;2;0;0;0m██[38;2;107;82;49m██[38;2;107;82;49m██[38;2;0;0;0m██[38;2;0;0;0m██[38;2;132;107;82m██[38;2;132;107;82m██[38;2;0;0;0m██      [38;2;0;0;0m██[38;2;255;123;173m██[38;2;255;123;173m██[38;2;255;123;173m██[38;2;255;123;173m██[38;2;0;0;0m██  
      [38;2;0;0;0m██[38;2;181;74;156m██[38;2;181;74;156m██[38;2;181;74;156m██[38;2;181;74;156m██[38;2;181;74;156m██[38;2;0;0;0m██        [38;2;0;0;0m██[38;2;107;82;49m██[38;2;0;0;0m██  [38;2;0;0;0m██[38;2;0;0;0m██[38;2;0;0;0m██      [38;2;0;0;0m██[38;2;255;123;173m██[38;2;255;123;173m██[38;2;255;123;173m██[38;2;255;123;173m██[38;2;0;0;0m██  
        [38;2;0;0;0m██[38;2;181;74;156m██[38;2;181;74;156m██[38;2;0;0;0m██[38;2;0;0;0m██            [38;2;0;0;0m██              [38;2;0;0;0m██[38;2;255;123;173m██[38;2;181;74;156m██[38;2;255;123;173m██[38;2;181;74;156m██[38;2;255;123;173m██[38;2;0;0;0m██  
          [38;2;0;0;0m██[38;2;0;0;0m██                              [38;2;0;0;0m██[38;2;255;123;173m██[38;2;65;65;65m██[38;2;255;123;173m██[38;2;65;65;65m██[38;2;255;123;173m██[38;2;0;0;0m██    
                                              [38;2;0;0;0m██[38;2;0;0;0m██[38;2;255;123;173m██[38;2;65;65;65m██[38;2;255;123;173m██[38;2;0;0;0m██    
                                                  [38;2;0;0;0m██[38;2;0;0;0m██[38;2;0;0;0m██      
