                [38;2;0;0;0m██[38;2;0;0;0m██                        
                [38;2;0;0;0m██[38;2;189;189;189m██[38;2;0;0;0m██            [38;2;0;0;0m██        
                [38;2;0;0;0m██[38;2;189;189;189m██[38;2;0;0;0m██            [38;2;255;255;255m██[38;2;0;0;0m██      
          [38;2;0;0;0m██[38;2;0;0;0m██  [38;2;0;0;0m██[38;2;189;189;189m██[38;2;189;189;189m██[38;2;0;0;0m██        [38;2;0;0;0m██[38;2;255;255;255m██[38;2;255;255;255m██[38;2;0;0;0m██    
      [38;2;0;0;0m██[38;2;0;0;0m██[38;2;123;173;255m██[38;2;0;0;0m██  [38;2;0;0;0m██[38;2;132;132;115m██[38;2;189;189;189m██[38;2;0;0;0m██[38;2;0;0;0m██[38;2;0;0;0m██    [38;2;0;0;0m██[38;2;255;255;255m██[38;2;255;255;255m██[38;2;0;0;0m██    
    [38;2;0;0;0m██[38;2;255;255;255m██[38;2;74;132;206m██[38;2;0;0;0m██      [38;2;0;0;0m██[38;2;0;0;0m██[38;2;123;173;255m██[38;2;123;173;255m██[38;2;123;173;255m██[38;2;0;0;0m██[38;2;0;0;0m██[38;2;255;255;255m██[38;2;255;255;255m██[38;2;189;189;189m██[38;2;0;0;0m██[38;2;0;0;0m██  
    [38;2;0;0;0m██[38;2;74;132;206m██[38;2;66;90;173m██[38;2;0;0;0m██    [38;2;0;0;0m██[38;2;255;255;255m██[38;2;189;189;189m██[38;2;74;132;206m██[38;2;123;173;255m██[38;2;123;173;255m██[38;2;123;173;255m██[38;2;65;65;65m██[38;2;255;255;255m██[38;2;255;255;255m██[38;2;132;132;115m██[38;2;255;255;255m██[38;2;0;0;0m██  
  [38;2;0;0;0m██[38;2;65;65;65m██[38;2;65;65;65m██[38;2;0;0;0m██        [38;2;0;0;0m██[38;2;255;255;255m██[38;2;123;173;255m██[38;2;123;173;255m██[38;2;0;0;0m██[38;2;65;65;65m██[38;2;255;255;255m██[38;2;255;255;255m██[38;2;189;189;189m██[38;2;255;255;255m██[38;2;0;0;0m██    
[38;2;0;0;0m██[38;2;255;255;255m██[38;2;74;132;206m██[38;2;0;0;0m██          [38;2;0;0;0m██[38;2;74;132;206m██[38;2;123;173;255m██[38;2;255;255;255m██[38;2;0;0;0m██[38;2;65;65;65m██[38;2;255;255;255m██[38;2;255;255;255m██[38;2;255;255;255m██[38;2;255;255;255m██[38;2;0;0;0m██    
[38;2;0;0;0m██[38;2;74;132;206m██[38;2;66;90;173m██[38;2;0;0;0m██        [38;2;0;0;0m██[38;2;123;173;255m██[38;2;123;173;255m██[38;2;123;173;255m██[38;2;0;0;0m██[38;2;156;66;82m██[38;2;74;132;206m██[38;2;65;65;65m██[38;2;255;255;255m██[38;2;189;189;189m██[38;2;0;0;0m██      
  [38;2;0;0;0m██[38;2;65;65;65m██[38;2;0;0;0m██        [38;2;0;0;0m██[38;2;123;173;255m██[38;2;123;173;255m██[38;2;123;173;255m██[38;2;123;173;255m██[38;2;123;173;255m██[38;2;74;132;206m██[38;2;65;65;65m██[38;2;0;0;0m██[38;2;0;0;0m██        
  [38;2;0;0;0m██[38;2;123;173;255m██[38;2;123;173;255m██[38;2;0;0;0m██        [38;2;0;0;0m██[38;2;123;173;255m██[38;2;123;173;255m██[38;2;123;173;255m██[38;2;65;65;65m██[38;2;74;132;206m██[38;2;0;0;0m██            
  [38;2;0;0;0m██[38;2;74;132;206m██[38;2;123;173;255m██[38;2;123;173;255m██[38;2;0;0;0m██[38;2;0;0;0m██      [38;2;0;0;0m██[38;2;65;65;65m██[38;2;65;65;65m██[38;2;189;189;189m██[38;2;74;132;206m██[38;2;0;0;0m██[38;2;0;0;0m██[38;2;0;0;0m██        
    [38;2;0;0;0m██[38;2;255;255;255m██[38;2;74;132;206m██[38;2;74;132;206m██[38;2;74;132;206m██[38;2;0;0;0m██[38;2;0;0;0m██[38;2;0;0;0m██[38;2;74;132;206m██[38;2;65;65;65m██[38;2;255;255;255m██[38;2;189;189;189m██[38;2;65;65;65m██[38;2;74;132;206m██[38;2;74;132;206m██[38;2;74;132;206m██[38;2;0;0;0m██[38;2;0;0;0m██    
      [38;2;0;0;0m██[38;2;189;189;189m██[38;2;189;189;189m██[38;2;74;132;206m██[38;2;74;132;206m██[38;2;74;132;206m██[38;2;74;132;206m██[38;2;65;65;65m██[38;2;255;255;255m██[38;2;255;255;255m██[38;2;74;132;206m██[38;2;65;65;65m██[38;2;74;132;206m██[38;2;74;132;206m██[38;2;74;132;206m██[38;2;74;132;206m██[38;2;74;132;206m██[38;2;0;0;0m██  
        [38;2;0;0;0m██[38;2;0;0;0m██[38;2;189;189;189m██[38;2;189;189;189m██[38;2;189;189;189m██[38;2;65;65;65m██[38;2;255;255;255m██[38;2;255;255;255m██[38;2;189;189;189m██[38;2;65;65;65m██[38;2;74;132;206m██[38;2;74;132;206m██[38;2;74;132;206m██[38;2;74;132;206m██[38;2;74;132;206m██[38;2;74;132;206m██[38;2;74;132;206m██[38;2;0;0;0m██
            [38;2;0;0;0m██[38;2;0;0;0m██[38;2;0;0;0m██[38;2;255;255;255m██[38;2;255;255;255m██[38;2;255;255;255m██[38;2;74;132;206m██[38;2;65;65;65m██[38;2;74;132;206m██[38;2;74;132;206m██[38;2;74;132;206m██[38;2;66;90;173m██[38;2;74;132;206m██[38;2;74;132;206m██[38;2;74;132;206m██[38;2;0;0;0m██
                [38;2;0;0;0m██[38;2;255;255;255m██[38;2;255;255;255m██[38;2;255;255;255m██[38;2;74;132;206m██[38;2;74;132;206m██[38;2;65;65;65m██[38;2;66;90;173m██[38;2;66;90;173m██[38;2;74;132;206m██[38;2;74;132;206m██[38;2;74;132;206m██[38;2;74;132;206m██[38;2;0;0;0m██
                [38;2;0;0;0m██[38;2;189;189;189m██[38;2;255;255;255m██[38;2;255;255;255m██[38;2;189;189;189m██[38;2;74;132;206m██[38;2;74;132;206m██[38;2;74;132;206m██[38;2;74;132;206m██[38;2;74;132;206m██[38;2;74;132;206m██[38;2;189;189;189m██[38;2;0;0;0m██  
                  [38;2;0;0;0m██[38;2;189;189;189m██[38;2;189;189;189m██[38;2;189;189;189m██[38;2;189;189;189m██[38;2;74;132;206m██[38;2;74;132;206m██[38;2;74;132;206m██[38;2;189;189;189m██[38;2;189;189;189m██[38;2;0;0;0m██    
                    [38;2;0;0;0m██[38;2;0;0;0m██[38;2;189;189;189m██[38;2;189;189;189m██[38;2;189;189;189m██[38;2;189;189;189m██[38;2;189;189;189m██[38;2;0;0;0m██[38;2;0;0;0m██      
                        [38;2;0;0;0m██[38;2;0;0;0m██[38;2;0;0;0m██[38;2;0;0;0m██[38;2;0;0;0m██          
