  [38;2;0;0;0m██                                                                    
[38;2;0;0;0m██[38;2;255;238;180m██[38;2;0;0;0m██                                [38;2;0;0;0m██[38;2;0;0;0m██                              
[38;2;0;0;0m██[38;2;255;238;180m██[38;2;0;0;0m██                              [38;2;0;0;0m██[38;2;255;238;180m██[38;2;0;0;0m██                              
  [38;2;0;0;0m██[38;2;255;238;180m██[38;2;0;0;0m██                          [38;2;0;0;0m██[38;2;255;238;180m██[38;2;0;0;0m██                                
  [38;2;0;0;0m██[38;2;255;238;180m██[38;2;0;0;0m██                          [38;2;0;0;0m██[38;2;255;238;180m██[38;2;0;0;0m██                                
  [38;2;0;0;0m██[38;2;255;238;180m██[38;2;65;65;65m██[38;2;0;0;0m██                      [38;2;0;0;0m██[38;2;255;238;180m██[38;2;65;65;65m██[38;2;0;0;0m██                                
    [38;2;0;0;0m██[38;2;255;238;180m██[38;2;65;65;65m██[38;2;0;0;0m██[38;2;0;0;0m██      [38;2;0;0;0m██[38;2;0;0;0m██  [38;2;0;0;0m██[38;2;0;0;0m██[38;2;0;0;0m██[38;2;255;238;180m██[38;2;65;65;65m██[38;2;0;0;0m██                                  
      [38;2;0;0;0m██[38;2;255;238;180m██[38;2;222;205;164m██[38;2;222;205;164m██[38;2;0;0;0m██  [38;2;0;0;0m██[38;2;255;189;82m██[38;2;255;189;82m██[38;2;0;0;0m██[38;2;255;238;180m██[38;2;255;238;180m██[38;2;255;238;180m██[38;2;0;0;0m██[38;2;0;0;0m██                                    
        [38;2;0;0;0m██[38;2;0;0;0m██[38;2;65;65;65m██[38;2;222;205;164m██[38;2;0;0;0m██[38;2;255;189;82m██[38;2;255;189;82m██[38;2;65;65;65m██[38;2;255;238;180m██[38;2;65;65;65m██[38;2;0;0;0m██[38;2;0;0;0m██                                        
            [38;2;0;0;0m██[38;2;222;205;164m██[38;2;65;65;65m██[38;2;205;139;57m██[38;2;65;65;65m██[38;2;255;238;180m██[38;2;65;65;65m██[38;2;255;189;82m██[38;2;0;0;0m██                  [38;2;0;0;0m██[38;2;0;0;0m██                    
            [38;2;65;65;65m██[38;2;65;65;65m██[38;2;255;189;82m██[38;2;255;189;82m██[38;2;65;65;65m██[38;2;255;238;180m██[38;2;65;65;65m██[38;2;255;189;82m██[38;2;255;189;82m██[38;2;0;0;0m██              [38;2;0;0;0m██[38;2;255;189;82m██[38;2;255;189;82m██[38;2;0;0;0m██                  
            [38;2;0;0;0m██[38;2;255;189;82m██[38;2;255;189;82m██[38;2;255;189;82m██[38;2;65;65;65m██[38;2;65;65;65m██[38;2;255;189;82m██[38;2;255;189;82m██[38;2;255;189;82m██[38;2;255;189;82m██[38;2;0;0;0m██            [38;2;0;0;0m██[38;2;255;189;82m██[38;2;82;131;139m██[38;2;255;189;82m██[38;2;0;0;0m██                
          [38;2;0;0;0m██[38;2;255;189;82m██[38;2;255;189;82m██[38;2;255;189;82m██[38;2;255;189;82m██[38;2;255;189;82m██[38;2;255;189;82m██[38;2;255;189;82m██[38;2;255;189;82m██[38;2;255;189;82m██[38;2;255;189;82m██[38;2;0;0;0m██            [38;2;0;0;0m██[38;2;255;189;82m██[38;2;82;131;139m██[38;2;82;131;139m██[38;2;255;189;82m██[38;2;0;0;0m██              
          [38;2;0;0;0m██[38;2;255;189;82m██[38;2;255;189;82m██[38;2;255;189;82m██[38;2;255;189;82m██[38;2;255;189;82m██[38;2;148;106;49m██[38;2;148;106;49m██[38;2;255;189;82m██[38;2;255;189;82m██[38;2;255;189;82m██[38;2;255;189;82m██[38;2;0;0;0m██        [38;2;0;0;0m██[38;2;255;189;82m██[38;2;255;189;82m██[38;2;82;131;139m██[38;2;65;172;156m██[38;2;255;189;82m██[38;2;0;0;0m██              
        [38;2;0;0;0m██[38;2;255;189;82m██[38;2;255;189;82m██[38;2;255;189;82m██[38;2;255;189;82m██[38;2;255;189;82m██[38;2;255;255;255m██[38;2;0;0;0m██[38;2;255;255;255m██[38;2;148;106;49m██[38;2;255;189;82m██[38;2;255;189;82m██[38;2;255;189;82m██[38;2;0;0;0m██        [38;2;0;0;0m██[38;2;255;189;82m██[38;2;82;131;139m██[38;2;82;131;139m██[38;2;65;172;156m██[38;2;65;172;156m██[38;2;255;189;82m██[38;2;0;0;0m██            
        [38;2;0;0;0m██[38;2;255;189;82m██[38;2;255;189;82m██[38;2;255;189;82m██[38;2;255;189;82m██[38;2;255;189;82m██[38;2;0;0;0m██[38;2;0;0;0m██[38;2;255;255;255m██[38;2;148;106;49m██[38;2;255;189;82m██[38;2;255;189;82m██[38;2;255;189;82m██[38;2;0;0;0m██      [38;2;0;0;0m██[38;2;205;139;57m██[38;2;82;131;139m██[38;2;65;172;156m██[38;2;82;131;139m██[38;2;65;172;156m██[38;2;65;172;156m██[38;2;255;189;82m██[38;2;0;0;0m██            
      [38;2;0;0;0m██[38;2;255;213;131m██[38;2;255;213;131m██[38;2;255;213;131m██[38;2;255;189;82m██[38;2;255;189;82m██[38;2;255;189;82m██[38;2;65;65;65m██[38;2;0;0;0m██[38;2;255;255;255m██[38;2;205;139;57m██[38;2;255;189;82m██[38;2;255;189;82m██[38;2;255;189;82m██[38;2;0;0;0m██      [38;2;0;0;0m██[38;2;205;139;57m██[38;2;82;131;139m██[38;2;65;172;156m██[38;2;82;131;139m██[38;2;0;0;0m██[38;2;0;0;0m██[38;2;65;172;156m██[38;2;255;189;82m██[38;2;0;0;0m██          
    [38;2;0;0;0m██[38;2;255;213;131m██[38;2;255;213;131m██[38;2;255;213;131m██[38;2;255;213;131m██[38;2;255;213;131m██[38;2;255;189;82m██[38;2;255;189;82m██[38;2;65;65;65m██[38;2;189;164;131m██[38;2;255;255;255m██[38;2;255;189;82m██[38;2;255;189;82m██[38;2;255;189;82m██[38;2;255;189;82m██[38;2;255;189;82m██[38;2;0;0;0m██  [38;2;0;0;0m██[38;2;205;139;57m██[38;2;82;131;139m██[38;2;65;172;156m██[38;2;0;0;0m██[38;2;0;0;0m██    [38;2;0;0;0m██[38;2;255;189;82m██[38;2;0;0;0m██          
    [38;2;0;0;0m██[38;2;255;189;82m██[38;2;255;213;131m██[38;2;255;213;131m██[38;2;255;213;131m██[38;2;255;189;82m██[38;2;255;189;82m██[38;2;255;189;82m██[38;2;255;189;82m██[38;2;255;189;82m██[38;2;255;189;82m██[38;2;255;189;82m██[38;2;205;139;57m██[38;2;255;189;82m██[38;2;255;189;82m██[38;2;255;189;82m██[38;2;65;65;65m██[38;2;0;0;0m██[38;2;205;139;57m██[38;2;82;131;139m██[38;2;82;131;139m██[38;2;0;0;0m██          [38;2;0;0;0m██            
    [38;2;0;0;0m██[38;2;255;189;82m██[38;2;255;189;82m██[38;2;255;189;82m██[38;2;255;189;82m██[38;2;255;189;82m██[38;2;255;189;82m██[38;2;255;189;82m██[38;2;255;189;82m██[38;2;255;189;82m██[38;2;255;189;82m██[38;2;148;106;49m██[38;2;205;139;57m██[38;2;255;189;82m██[38;2;255;189;82m██[38;2;255;189;82m██[38;2;255;189;82m██[38;2;65;65;65m██[38;2;82;131;139m██[38;2;82;131;139m██[38;2;82;131;139m██[38;2;0;0;0m██                        
    [38;2;0;0;0m██[38;2;255;189;82m██[38;2;255;189;82m██[38;2;255;189;82m██[38;2;255;189;82m██[38;2;255;189;82m██[38;2;255;189;82m██[38;2;255;189;82m██[38;2;255;189;82m██[38;2;255;189;82m██[38;2;255;189;82m██[38;2;65;65;65m██[38;2;255;189;82m██[38;2;255;189;82m██[38;2;255;189;82m██[38;2;255;189;82m██[38;2;255;189;82m██[38;2;255;189;82m██[38;2;65;65;65m██[38;2;82;131;139m██[38;2;0;0;0m██                          
      [38;2;0;0;0m██[38;2;255;189;82m██[38;2;255;189;82m██[38;2;148;106;49m██[38;2;255;189;82m██[38;2;255;189;82m██[38;2;255;189;82m██[38;2;255;189;82m██[38;2;255;189;82m██[38;2;65;65;65m██[38;2;189;164;131m██[38;2;255;189;82m██[38;2;255;189;82m██[38;2;255;189;82m██[38;2;255;189;82m██[38;2;255;189;82m██[38;2;255;189;82m██[38;2;255;189;82m██[38;2;65;65;65m██[38;2;0;0;0m██[38;2;0;0;0m██                        
        [38;2;0;0;0m██[38;2;255;189;82m██[38;2;255;189;82m██[38;2;255;189;82m██[38;2;255;189;82m██[38;2;255;189;82m██[38;2;65;65;65m██[38;2;65;65;65m██[38;2;255;238;180m██[38;2;255;238;180m██[38;2;189;164;131m██[38;2;255;189;82m██[38;2;255;189;82m██[38;2;255;189;82m██[38;2;255;189;82m██[38;2;255;189;82m██[38;2;255;189;82m██[38;2;255;189;82m██[38;2;255;189;82m██[38;2;255;189;82m██[38;2;0;0;0m██[38;2;0;0;0m██              [38;2;0;0;0m██[38;2;0;0;0m██  
      [38;2;0;0;0m██[38;2;205;139;57m██[38;2;65;65;65m██[38;2;65;65;65m██[38;2;65;65;65m██[38;2;65;65;65m██[38;2;65;65;65m██[38;2;255;238;180m██[38;2;255;238;180m██[38;2;255;238;180m██[38;2;189;164;131m██[38;2;189;164;131m██[38;2;255;189;82m██[38;2;255;189;82m██[38;2;255;189;82m██[38;2;255;189;82m██[38;2;255;189;82m██[38;2;255;189;82m██[38;2;255;189;82m██[38;2;255;189;82m██[38;2;255;213;131m██[38;2;255;213;131m██[38;2;255;213;131m██[38;2;0;0;0m██        [38;2;0;0;0m██[38;2;0;0;0m██[38;2;205;139;57m██[38;2;205;139;57m██[38;2;0;0;0m██
    [38;2;0;0;0m██[38;2;205;139;57m██[38;2;205;139;57m██[38;2;205;139;57m██[38;2;205;139;57m██[38;2;205;139;57m██[38;2;205;139;57m██[38;2;148;106;49m██[38;2;189;164;131m██[38;2;189;164;131m██[38;2;189;164;131m██[38;2;255;238;180m██[38;2;255;238;180m██[38;2;189;164;131m██[38;2;255;189;82m██[38;2;255;189;82m██[38;2;65;65;65m██[38;2;65;65;65m██[38;2;65;65;65m██[38;2;255;189;82m██[38;2;255;189;82m██[38;2;255;213;131m██[38;2;255;213;131m██[38;2;255;213;131m██[38;2;255;213;131m██[38;2;0;0;0m██[38;2;0;0;0m██[38;2;0;0;0m██[38;2;0;0;0m██[38;2;205;139;57m██[38;2;205;139;57m██[38;2;205;139;57m██[38;2;205;139;57m██[38;2;0;0;0m██
    [38;2;0;0;0m██[38;2;65;65;65m██[38;2;205;139;57m██[38;2;205;139;57m██[38;2;205;139;57m██[38;2;0;0;0m██[38;2;0;0;0m██[38;2;148;106;49m██[38;2;255;238;180m██[38;2;255;238;180m██[38;2;255;238;180m██[38;2;255;238;180m██[38;2;189;164;131m██[38;2;255;238;180m██[38;2;189;164;131m██[38;2;255;189;82m██[38;2;255;189;82m██[38;2;255;189;82m██[38;2;148;106;49m██[38;2;65;65;65m██[38;2;255;189;82m██[38;2;255;189;82m██[38;2;255;213;131m██[38;2;255;213;131m██[38;2;255;213;131m██[38;2;255;189;82m██[38;2;65;65;65m██[38;2;205;139;57m██[38;2;205;139;57m██[38;2;205;139;57m██[38;2;205;139;57m██[38;2;205;139;57m██[38;2;0;0;0m██  
      [38;2;0;0;0m██[38;2;0;0;0m██[38;2;0;0;0m██[38;2;0;0;0m██    [38;2;0;0;0m██[38;2;189;164;131m██[38;2;189;164;131m██[38;2;189;164;131m██[38;2;189;164;131m██[38;2;255;238;180m██[38;2;255;238;180m██[38;2;255;238;180m██[38;2;189;164;131m██[38;2;255;189;82m██[38;2;255;189;82m██[38;2;255;189;82m██[38;2;65;65;65m██[38;2;255;189;82m██[38;2;255;189;82m██[38;2;255;189;82m██[38;2;255;189;82m██[38;2;255;189;82m██[38;2;205;139;57m██[38;2;65;65;65m██[38;2;205;139;57m██[38;2;205;139;57m██[38;2;205;139;57m██[38;2;205;139;57m██[38;2;205;139;57m██[38;2;0;0;0m██  
                  [38;2;0;0;0m██[38;2;255;238;180m██[38;2;255;238;180m██[38;2;255;238;180m██[38;2;255;238;180m██[38;2;255;238;180m██[38;2;255;238;180m██[38;2;189;164;131m██[38;2;189;164;131m██[38;2;189;164;131m██[38;2;255;189;82m██[38;2;255;189;82m██[38;2;255;189;82m██[38;2;65;65;65m██[38;2;255;189;82m██[38;2;255;189;82m██[38;2;205;139;57m██[38;2;205;139;57m██[38;2;255;255;255m██[38;2;65;65;65m██[38;2;205;139;57m██[38;2;205;139;57m██[38;2;205;139;57m██[38;2;205;139;57m██[38;2;0;0;0m██    
                [38;2;0;0;0m██[38;2;205;139;57m██[38;2;65;65;65m██[38;2;255;238;180m██[38;2;255;238;180m██[38;2;255;238;180m██[38;2;255;238;180m██[38;2;189;164;131m██[38;2;189;164;131m██[38;2;255;238;180m██[38;2;255;238;180m██[38;2;189;164;131m██[38;2;148;106;49m██[38;2;255;189;82m██[38;2;255;189;82m██[38;2;65;65;65m██[38;2;65;65;65m██[38;2;255;255;255m██[38;2;65;65;65m██[38;2;65;65;65m██[38;2;205;139;57m██[38;2;205;139;57m██[38;2;205;139;57m██[38;2;205;139;57m██[38;2;0;0;0m██      
              [38;2;0;0;0m██[38;2;205;139;57m██[38;2;205;139;57m██[38;2;65;65;65m██[38;2;189;164;131m██[38;2;189;164;131m██[38;2;189;164;131m██[38;2;189;164;131m██[38;2;255;238;180m██[38;2;255;238;180m██[38;2;255;238;180m██[38;2;189;164;131m██[38;2;148;106;49m██[38;2;255;189;82m██[38;2;255;213;131m██[38;2;255;213;131m██[38;2;255;189;82m██[38;2;255;189;82m██[38;2;65;65;65m██[38;2;65;65;65m██[38;2;205;139;57m██[38;2;205;139;57m██[38;2;205;139;57m██[38;2;205;139;57m██[38;2;0;0;0m██        
              [38;2;0;0;0m██[38;2;205;139;57m██[38;2;205;139;57m██[38;2;205;139;57m██[38;2;65;65;65m██[38;2;255;238;180m██[38;2;255;238;180m██[38;2;255;238;180m██[38;2;255;238;180m██[38;2;189;164;131m██[38;2;189;164;131m██[38;2;222;205;164m██[38;2;148;106;49m██[38;2;255;213;131m██[38;2;255;213;131m██[38;2;255;213;131m██[38;2;255;213;131m██[38;2;255;189;82m██[38;2;255;189;82m██[38;2;65;65;65m██[38;2;205;139;57m██[38;2;205;139;57m██[38;2;0;0;0m██[38;2;0;0;0m██          
              [38;2;0;0;0m██[38;2;205;139;57m██[38;2;205;139;57m██[38;2;205;139;57m██[38;2;205;139;57m██[38;2;65;65;65m██[38;2;189;164;131m██[38;2;189;164;131m██[38;2;189;164;131m██[38;2;189;164;131m██[38;2;222;205;164m██[38;2;148;106;49m██[38;2;255;189;82m██[38;2;255;213;131m██[38;2;255;213;131m██[38;2;255;213;131m██[38;2;255;213;131m██[38;2;255;189;82m██[38;2;255;189;82m██[38;2;255;189;82m██[38;2;65;65;65m██[38;2;0;0;0m██              
                [38;2;0;0;0m██[38;2;205;139;57m██[38;2;205;139;57m██[38;2;205;139;57m██[38;2;205;139;57m██[38;2;65;65;65m██[38;2;65;65;65m██[38;2;222;205;164m██[38;2;222;205;164m██[38;2;222;205;164m██[38;2;148;106;49m██[38;2;255;189;82m██[38;2;255;189;82m██[38;2;255;213;131m██[38;2;255;213;131m██[38;2;255;189;82m██[38;2;255;189;82m██[38;2;255;189;82m██[38;2;255;189;82m██[38;2;0;0;0m██                
                  [38;2;0;0;0m██[38;2;205;139;57m██[38;2;205;139;57m██[38;2;205;139;57m██[38;2;205;139;57m██[38;2;205;139;57m██[38;2;65;65;65m██[38;2;0;0;0m██[38;2;0;0;0m██[38;2;0;0;0m██[38;2;255;189;82m██[38;2;255;189;82m██[38;2;255;189;82m██[38;2;255;189;82m██[38;2;255;189;82m██[38;2;255;189;82m██[38;2;255;189;82m██[38;2;205;139;57m██[38;2;0;0;0m██                
                    [38;2;0;0;0m██[38;2;65;65;65m██[38;2;205;139;57m██[38;2;205;139;57m██[38;2;205;139;57m██[38;2;0;0;0m██      [38;2;0;0;0m██[38;2;255;189;82m██[38;2;255;189;82m██[38;2;255;189;82m██[38;2;255;189;82m██[38;2;255;189;82m██[38;2;205;139;57m██[38;2;0;0;0m██                  
                  [38;2;0;0;0m██[38;2;148;106;49m██[38;2;205;139;57m██[38;2;205;139;57m██[38;2;0;0;0m██[38;2;0;0;0m██          [38;2;0;0;0m██[38;2;65;65;65m██[38;2;205;139;57m██[38;2;205;139;57m██[38;2;255;189;82m██[38;2;255;189;82m██[38;2;0;0;0m██                  
                  [38;2;0;0;0m██[38;2;213;213;213m██[38;2;205;139;57m██[38;2;0;0;0m██                [38;2;0;0;0m██[38;2;255;189;82m██[38;2;255;189;82m██[38;2;255;189;82m██[38;2;205;139;57m██[38;2;0;0;0m██                  
                    [38;2;0;0;0m██[38;2;0;0;0m██                  [38;2;0;0;0m██[38;2;255;255;255m██[38;2;205;139;57m██[38;2;205;139;57m██[38;2;255;255;255m██[38;2;0;0;0m██                  
                                          [38;2;0;0;0m██[38;2;65;65;65m██[38;2;255;255;255m██[38;2;255;255;255m██[38;2;0;0;0m██                    
                                            [38;2;0;0;0m██[38;2;0;0;0m██[38;2;0;0;0m██                      
