                [38;2;0;0;0m██[38;2;0;0;0m██[38;2;0;0;0m██                    
            [38;2;0;0;0m██[38;2;0;0;0m██[38;2;140;123;107m██[38;2;140;123;107m██[38;2;140;123;107m██[38;2;0;0;0m██[38;2;0;0;0m██                
          [38;2;0;0;0m██[38;2;107;99;82m██[38;2;140;123;107m██[38;2;140;123;107m██[38;2;140;123;107m██[38;2;140;123;107m██[38;2;140;123;107m██[38;2;140;123;107m██[38;2;0;0;0m██              
          [38;2;0;0;0m██[38;2;140;123;107m██[38;2;140;123;107m██[38;2;140;123;107m██[38;2;140;123;107m██[38;2;140;123;107m██[38;2;140;123;107m██[38;2;140;123;107m██[38;2;107;99;82m██[38;2;0;0;0m██            
        [38;2;0;0;0m██[38;2;189;189;189m██[38;2;255;255;255m██[38;2;140;123;107m██[38;2;140;123;107m██[38;2;140;123;107m██[38;2;140;123;107m██[38;2;140;123;107m██[38;2;140;123;107m██[38;2;140;123;107m██[38;2;0;0;0m██            
        [38;2;0;0;0m██[38;2;255;255;255m██[38;2;255;255;255m██[38;2;255;255;255m██[38;2;189;189;189m██[38;2;255;255;255m██[38;2;189;189;189m██[38;2;140;123;107m██[38;2;140;123;107m██[38;2;140;123;107m██[38;2;107;99;82m██[38;2;0;0;0m██          
      [38;2;0;0;0m██[38;2;255;255;255m██[38;2;255;255;255m██[38;2;255;255;255m██[38;2;255;255;255m██[38;2;255;255;255m██[38;2;0;0;0m██[38;2;255;255;255m██[38;2;140;123;107m██[38;2;140;123;107m██[38;2;140;123;107m██[38;2;140;123;107m██[38;2;0;0;0m██          
    [38;2;0;0;0m██[38;2;255;181;165m██[38;2;239;115;156m██[38;2;255;255;255m██[38;2;255;255;255m██[38;2;255;255;255m██[38;2;189;189;189m██[38;2;255;255;255m██[38;2;255;255;255m██[38;2;140;123;107m██[38;2;140;123;107m██[38;2;140;123;107m██[38;2;107;99;82m██[38;2;82;107;189m██[38;2;0;0;0m██[38;2;0;0;0m██      
  [38;2;0;0;0m██[38;2;65;65;65m██[38;2;181;82;107m██[38;2;239;115;156m██[38;2;189;189;189m██[38;2;255;255;255m██[38;2;255;255;255m██[38;2;181;82;107m██[38;2;189;189;189m██[38;2;65;65;65m██[38;2;107;99;82m██[38;2;140;123;107m██[38;2;140;123;107m██[38;2;115;132;222m██[38;2;115;132;222m██[38;2;140;123;107m██[38;2;107;99;82m██[38;2;0;0;0m██    
  [38;2;0;0;0m██[38;2;255;255;255m██[38;2;65;65;65m██[38;2;65;65;65m██[38;2;65;65;65m██[38;2;0;0;0m██[38;2;0;0;0m██[38;2;65;65;65m██[38;2;65;65;65m██[38;2;115;132;222m██[38;2;115;132;222m██[38;2;65;65;65m██[38;2;115;132;222m██[38;2;115;132;222m██[38;2;140;123;107m██[38;2;140;123;107m██[38;2;115;132;222m██[38;2;82;107;189m██[38;2;0;0;0m██  
[38;2;0;0;0m██[38;2;255;255;255m██[38;2;189;189;189m██[38;2;82;107;189m██[38;2;0;0;0m██[38;2;0;0;0m██  [38;2;0;0;0m██[38;2;107;99;82m██[38;2;115;132;222m██[38;2;115;132;222m██[38;2;115;132;222m██[38;2;65;65;65m██[38;2;115;132;222m██[38;2;140;123;107m██[38;2;140;123;107m██[38;2;115;132;222m██[38;2;115;132;222m██[38;2;107;99;82m██[38;2;0;0;0m██  
[38;2;0;0;0m██[38;2;255;255;255m██[38;2;0;0;0m██[38;2;0;0;0m██    [38;2;0;0;0m██[38;2;107;99;82m██[38;2;115;132;222m██[38;2;115;132;222m██[38;2;115;132;222m██[38;2;107;99;82m██[38;2;107;99;82m██[38;2;65;65;65m██[38;2;140;123;107m██[38;2;140;123;107m██[38;2;107;99;82m██[38;2;107;99;82m██[38;2;189;189;189m██[38;2;255;255;255m██[38;2;0;0;0m██
[38;2;0;0;0m██[38;2;0;0;0m██        [38;2;0;0;0m██[38;2;65;65;65m██[38;2;115;132;222m██[38;2;115;132;222m██[38;2;107;99;82m██[38;2;107;99;82m██[38;2;107;99;82m██[38;2;65;65;65m██[38;2;107;99;82m██[38;2;107;99;82m██[38;2;189;189;189m██[38;2;255;255;255m██[38;2;189;189;189m██[38;2;255;255;255m██[38;2;0;0;0m██
            [38;2;0;0;0m██[38;2;140;123;107m██[38;2;107;99;82m██[38;2;0;0;0m██[38;2;0;0;0m██[38;2;107;99;82m██[38;2;115;132;222m██[38;2;115;132;222m██[38;2;65;65;65m██[38;2;255;255;255m██[38;2;189;189;189m██[38;2;255;255;255m██[38;2;189;189;189m██[38;2;255;255;255m██[38;2;0;0;0m██
              [38;2;0;0;0m██[38;2;0;0;0m██    [38;2;0;0;0m██[38;2;65;65;65m██[38;2;65;65;65m██[38;2;65;65;65m██[38;2;65;65;65m██[38;2;255;255;255m██[38;2;189;189;189m██[38;2;255;255;255m██[38;2;0;0;0m██  
                        [38;2;0;0;0m██[38;2;107;99;82m██[38;2;140;123;107m██[38;2;0;0;0m██[38;2;0;0;0m██[38;2;140;123;107m██[38;2;255;255;255m██[38;2;0;0;0m██  
                          [38;2;0;0;0m██[38;2;0;0;0m██    [38;2;0;0;0m██[38;2;0;0;0m██    
