            [38;2;0;0;0m██[38;2;0;0;0m██[38;2;0;0;0m██                              
          [38;2;0;0;0m██[38;2;197;173;49m██[38;2;197;173;49m██[38;2;197;173;49m██[38;2;0;0;0m██[38;2;0;0;0m██[38;2;0;0;0m██[38;2;0;0;0m██[38;2;0;0;0m██                    
            [38;2;0;0;0m██[38;2;197;173;49m██[38;2;140;123;49m██[38;2;140;123;49m██[38;2;247;222;66m██[38;2;247;222;66m██[38;2;247;222;66m██[38;2;247;222;66m██[38;2;0;0;0m██[38;2;0;0;0m██  [38;2;0;0;0m██[38;2;0;0;0m██[38;2;0;0;0m██        
              [38;2;0;0;0m██[38;2;247;222;66m██[38;2;247;222;66m██[38;2;247;222;66m██[38;2;247;222;66m██[38;2;247;222;66m██[38;2;247;222;66m██[38;2;247;222;66m██[38;2;140;123;49m██[38;2;0;0;0m██[38;2;247;222;66m██[38;2;247;222;66m██[38;2;247;222;66m██[38;2;0;0;0m██      
            [38;2;0;0;0m██[38;2;247;222;66m██[38;2;247;222;66m██[38;2;247;222;66m██[38;2;247;222;66m██[38;2;247;222;66m██[38;2;247;222;66m██[38;2;247;222;66m██[38;2;140;123;49m██[38;2;247;222;66m██[38;2;247;222;66m██[38;2;107;90;82m██[38;2;140;115;99m██[38;2;0;0;0m██        
    [38;2;0;0;0m██[38;2;0;0;0m██[38;2;0;0;0m██[38;2;0;0;0m██[38;2;197;173;49m██[38;2;197;173;49m██[38;2;197;173;49m██[38;2;247;222;66m██[38;2;247;222;66m██[38;2;197;173;49m██[38;2;140;123;49m██[38;2;140;123;49m██[38;2;247;222;66m██[38;2;247;222;66m██[38;2;107;90;82m██[38;2;140;115;99m██[38;2;0;0;0m██          
  [38;2;0;0;0m██[38;2;247;222;66m██[38;2;247;222;66m██[38;2;247;222;66m██[38;2;65;65;65m██[38;2;247;222;66m██[38;2;247;222;66m██[38;2;247;222;66m██[38;2;247;222;66m██[38;2;140;123;49m██[38;2;255;255;255m██[38;2;0;0;0m██[38;2;255;255;255m██[38;2;197;173;49m██[38;2;247;222;66m██[38;2;65;65;65m██[38;2;0;0;0m██            
[38;2;0;0;0m██[38;2;247;222;66m██[38;2;197;173;49m██[38;2;247;222;66m██[38;2;65;65;65m██[38;2;197;173;49m██[38;2;197;173;49m██[38;2;197;173;49m██[38;2;247;222;66m██[38;2;247;222;66m██[38;2;197;173;49m██[38;2;197;173;49m██[38;2;197;173;49m██[38;2;247;222;66m██[38;2;247;222;66m██[38;2;197;173;49m██[38;2;197;173;49m██[38;2;0;0;0m██            
[38;2;0;0;0m██[38;2;247;222;66m██[38;2;197;173;49m██[38;2;247;222;66m██[38;2;65;65;65m██[38;2;247;222;66m██[38;2;247;222;66m██[38;2;247;222;66m██[38;2;247;222;66m██[38;2;247;222;66m██[38;2;247;222;66m██[38;2;247;222;66m██[38;2;247;222;66m██[38;2;247;222;66m██[38;2;140;123;49m██[38;2;197;173;49m██[38;2;197;173;49m██[38;2;247;222;66m██[38;2;0;0;0m██          
  [38;2;0;0;0m██[38;2;247;222;66m██[38;2;0;0;0m██[38;2;0;0;0m██[38;2;140;123;49m██[38;2;140;123;49m██[38;2;140;123;49m██[38;2;247;222;66m██[38;2;247;222;66m██[38;2;247;222;66m██[38;2;140;123;49m██[38;2;140;123;49m██[38;2;65;65;65m██[38;2;197;173;49m██[38;2;197;173;49m██[38;2;197;173;49m██[38;2;247;222;66m██[38;2;247;222;66m██[38;2;0;0;0m██[38;2;0;0;0m██      
    [38;2;0;0;0m██    [38;2;0;0;0m██[38;2;197;173;49m██[38;2;197;173;49m██[38;2;197;173;49m██[38;2;197;173;49m██[38;2;140;123;49m██[38;2;65;65;65m██[38;2;65;65;65m██[38;2;197;173;49m██[38;2;197;173;49m██[38;2;197;173;49m██[38;2;247;222;66m██[38;2;247;222;66m██[38;2;247;222;66m██[38;2;247;222;66m██[38;2;197;173;49m██[38;2;0;0;0m██    
            [38;2;0;0;0m██[38;2;0;0;0m██[38;2;197;173;49m██[38;2;197;173;49m██[38;2;65;65;65m██[38;2;197;173;49m██[38;2;197;173;49m██[38;2;197;173;49m██[38;2;197;173;49m██[38;2;247;222;66m██[38;2;247;222;66m██[38;2;247;222;66m██[38;2;247;222;66m██[38;2;247;222;66m██[38;2;247;222;66m██[38;2;247;222;66m██[38;2;0;0;0m██  
                [38;2;0;0;0m██[38;2;0;0;0m██[38;2;197;173;49m██[38;2;197;173;49m██[38;2;197;173;49m██[38;2;247;222;66m██[38;2;247;222;66m██[38;2;65;65;65m██[38;2;247;222;66m██[38;2;247;222;66m██[38;2;247;222;66m██[38;2;247;222;66m██[38;2;65;65;65m██[38;2;107;90;82m██[38;2;0;0;0m██  
                  [38;2;0;0;0m██[38;2;247;222;66m██[38;2;247;222;66m██[38;2;247;222;66m██[38;2;65;65;65m██[38;2;65;65;65m██[38;2;247;222;66m██[38;2;247;222;66m██[38;2;247;222;66m██[38;2;247;222;66m██[38;2;247;222;66m██[38;2;65;65;65m██[38;2;140;115;99m██[38;2;140;115;99m██[38;2;0;0;0m██
                [38;2;0;0;0m██[38;2;65;65;65m██[38;2;107;90;82m██[38;2;247;222;66m██[38;2;107;90;82m██[38;2;65;65;65m██[38;2;247;222;66m██[38;2;197;173;49m██[38;2;247;222;66m██[38;2;247;222;66m██[38;2;197;173;49m██[38;2;65;65;65m██[38;2;140;115;99m██[38;2;140;115;99m██[38;2;140;115;99m██[38;2;0;0;0m██
              [38;2;0;0;0m██[38;2;65;65;65m██[38;2;107;90;82m██[38;2;65;65;65m██[38;2;107;90;82m██[38;2;140;115;99m██[38;2;140;115;99m██[38;2;65;65;65m██[38;2;247;222;66m██[38;2;65;65;65m██[38;2;65;65;65m██[38;2;65;65;65m██[38;2;140;115;99m██[38;2;140;115;99m██[38;2;140;115;99m██[38;2;140;115;99m██[38;2;0;0;0m██
              [38;2;0;0;0m██[38;2;107;90;82m██[38;2;107;90;82m██[38;2;65;65;65m██[38;2;140;115;99m██[38;2;140;115;99m██[38;2;140;115;99m██[38;2;140;115;99m██[38;2;65;65;65m██[38;2;107;90;82m██[38;2;140;115;99m██[38;2;140;115;99m██[38;2;140;115;99m██[38;2;140;115;99m██[38;2;140;115;99m██[38;2;107;90;82m██[38;2;0;0;0m██
                [38;2;0;0;0m██[38;2;107;90;82m██[38;2;107;90;82m██[38;2;65;65;65m██[38;2;107;90;82m██[38;2;140;115;99m██[38;2;107;90;82m██[38;2;107;90;82m██[38;2;65;65;65m██[38;2;107;90;82m██[38;2;140;115;99m██[38;2;140;115;99m██[38;2;140;115;99m██[38;2;107;90;82m██[38;2;0;0;0m██  
              [38;2;0;0;0m██[38;2;197;173;49m██[38;2;197;173;49m██[38;2;107;90;82m██[38;2;107;90;82m██[38;2;0;0;0m██[38;2;0;0;0m██[38;2;107;90;82m██[38;2;107;90;82m██[38;2;107;90;82m██[38;2;0;0;0m██[38;2;107;90;82m██[38;2;107;90;82m██[38;2;107;90;82m██[38;2;107;90;82m██[38;2;65;65;65m██[38;2;0;0;0m██
                [38;2;0;0;0m██[38;2;0;0;0m██[38;2;0;0;0m██[38;2;0;0;0m██    [38;2;0;0;0m██[38;2;0;0;0m██[38;2;0;0;0m██  [38;2;0;0;0m██[38;2;0;0;0m██[38;2;107;90;82m██[38;2;107;90;82m██[38;2;140;115;99m██[38;2;0;0;0m██
                                      [38;2;0;0;0m██[38;2;247;222;66m██[38;2;247;222;66m██[38;2;0;0;0m██  
                                        [38;2;0;0;0m██[38;2;0;0;0m██    
