    [38;2;0;0;0m██[38;2;0;0;0m██[38;2;0;0;0m██                                          
    [38;2;0;0;0m██[38;2;247;230;41m██[38;2;206;156;90m██[38;2;0;0;0m██              [38;2;0;0;0m██[38;2;0;0;0m██[38;2;0;0;0m██                    
    [38;2;0;0;0m██[38;2;247;230;41m██[38;2;206;156;90m██[38;2;247;230;41m██[38;2;0;0;0m██        [38;2;0;0;0m██[38;2;0;0;0m██[38;2;247;230;41m██[38;2;247;230;41m██[38;2;0;0;0m██                    
[38;2;0;0;0m██[38;2;0;0;0m██[38;2;65;65;65m██[38;2;206;156;90m██[38;2;247;230;41m██[38;2;247;230;41m██[38;2;0;0;0m██[38;2;0;0;0m██[38;2;0;0;0m██  [38;2;0;0;0m██[38;2;247;230;41m██[38;2;206;156;90m██[38;2;247;230;41m██[38;2;247;230;41m██[38;2;0;0;0m██                    
[38;2;0;0;0m██[38;2;115;165;90m██[38;2;115;165;90m██[38;2;65;65;65m██[38;2;247;230;41m██[38;2;156;99;165m██[38;2;230;165;239m██[38;2;230;165;239m██[38;2;156;99;165m██[38;2;0;0;0m██[38;2;206;156;90m██[38;2;247;230;41m██[38;2;247;230;41m██[38;2;206;156;90m██[38;2;0;0;0m██              [38;2;0;0;0m██[38;2;0;0;0m██[38;2;0;0;0m██[38;2;0;0;0m██
[38;2;0;0;0m██[38;2;115;165;90m██[38;2;115;165;90m██[38;2;65;65;65m██[38;2;156;99;165m██[38;2;230;165;239m██[38;2;230;165;239m██[38;2;230;165;239m██[38;2;189;132;181m██[38;2;65;65;65m██[38;2;247;230;41m██[38;2;206;156;90m██[38;2;247;230;41m██[38;2;0;0;0m██          [38;2;0;0;0m██[38;2;0;0;0m██[38;2;0;0;0m██[38;2;115;165;90m██[38;2;115;165;90m██[38;2;115;165;90m██[38;2;0;0;0m██
[38;2;0;0;0m██[38;2;115;165;90m██[38;2;115;165;90m██[38;2;115;165;90m██[38;2;65;65;65m██[38;2;230;165;239m██[38;2;230;165;239m██[38;2;189;132;181m██[38;2;189;132;181m██[38;2;65;65;65m██[38;2;206;156;90m██[38;2;206;156;90m██[38;2;65;65;65m██[38;2;0;0;0m██    [38;2;0;0;0m██[38;2;0;0;0m██[38;2;0;0;0m██[38;2;156;206;74m██[38;2;156;206;74m██[38;2;156;206;74m██[38;2;156;206;74m██[38;2;115;165;90m██[38;2;115;165;90m██[38;2;0;0;0m██
  [38;2;0;0;0m██[38;2;65;65;65m██[38;2;65;65;65m██[38;2;230;165;239m██[38;2;230;165;239m██[38;2;230;165;239m██[38;2;189;132;181m██[38;2;189;132;181m██[38;2;189;132;181m██[38;2;65;65;65m██[38;2;65;65;65m██[38;2;189;132;181m██[38;2;65;65;65m██[38;2;0;0;0m██[38;2;0;0;0m██[38;2;156;206;74m██[38;2;156;206;74m██[38;2;156;206;74m██[38;2;156;206;74m██[38;2;156;206;74m██[38;2;156;206;74m██[38;2;156;206;74m██[38;2;115;165;90m██[38;2;115;165;90m██[38;2;0;0;0m██
  [38;2;0;0;0m██[38;2;115;165;90m██[38;2;65;65;65m██[38;2;230;165;239m██[38;2;230;165;239m██[38;2;189;132;181m██[38;2;189;132;181m██[38;2;189;132;181m██[38;2;156;99;165m██[38;2;156;99;165m██[38;2;156;99;165m██[38;2;189;132;181m██[38;2;189;132;181m██[38;2;65;65;65m██[38;2;156;206;74m██[38;2;156;206;74m██[38;2;230;74;41m██[38;2;230;74;41m██[38;2;230;74;41m██[38;2;230;74;41m██[38;2;230;74;41m██[38;2;156;206;74m██[38;2;115;165;90m██[38;2;115;165;90m██[38;2;0;0;0m██
  [38;2;0;0;0m██[38;2;115;165;90m██[38;2;65;65;65m██[38;2;189;132;181m██[38;2;230;165;239m██[38;2;189;132;181m██[38;2;156;99;165m██[38;2;156;99;165m██[38;2;247;230;41m██[38;2;206;156;90m██[38;2;65;65;65m██[38;2;189;132;181m██[38;2;189;132;181m██[38;2;65;65;65m██[38;2;156;206;74m██[38;2;230;74;41m██[38;2;230;74;41m██[38;2;156;206;74m██[38;2;156;206;74m██[38;2;230;74;41m██[38;2;230;74;41m██[38;2;65;65;65m██[38;2;65;65;65m██[38;2;0;0;0m██  
    [38;2;0;0;0m██[38;2;65;65;65m██[38;2;189;132;181m██[38;2;189;132;181m██[38;2;189;132;181m██[38;2;65;65;65m██[38;2;247;230;41m██[38;2;206;156;90m██[38;2;247;230;41m██[38;2;65;65;65m██[38;2;189;132;181m██[38;2;189;132;181m██[38;2;156;99;165m██[38;2;65;65;65m██[38;2;156;206;74m██[38;2;230;74;41m██[38;2;230;74;41m██[38;2;230;74;41m██[38;2;230;74;41m██[38;2;156;206;74m██[38;2;156;206;74m██[38;2;0;0;0m██    
    [38;2;0;0;0m██[38;2;115;165;90m██[38;2;65;65;65m██[38;2;189;132;181m██[38;2;189;132;181m██[38;2;65;65;65m██[38;2;156;99;165m██[38;2;247;230;41m██[38;2;206;156;90m██[38;2;65;65;65m██[38;2;189;132;181m██[38;2;65;65;65m██[38;2;65;65;65m██[38;2;65;65;65m██[38;2;156;206;74m██[38;2;156;206;74m██[38;2;156;206;74m██[38;2;156;206;74m██[38;2;156;206;74m██[38;2;156;206;74m██[38;2;115;165;90m██[38;2;115;165;90m██[38;2;0;0;0m██  
      [38;2;0;0;0m██[38;2;65;65;65m██[38;2;65;65;65m██[38;2;65;65;65m██[38;2;189;132;181m██[38;2;156;99;165m██[38;2;65;65;65m██[38;2;65;65;65m██[38;2;189;132;181m██[38;2;65;65;65m██[38;2;230;74;41m██[38;2;230;74;41m██[38;2;65;65;65m██[38;2;156;206;74m██[38;2;230;74;41m██[38;2;230;74;41m██[38;2;230;74;41m██[38;2;156;206;74m██[38;2;156;206;74m██[38;2;115;165;90m██[38;2;115;165;90m██[38;2;0;0;0m██  
        [38;2;0;0;0m██[38;2;65;65;65m██[38;2;189;132;181m██[38;2;189;132;181m██[38;2;189;132;181m██[38;2;189;132;181m██[38;2;156;99;165m██[38;2;65;65;65m██[38;2;230;74;41m██[38;2;230;74;41m██[38;2;65;65;65m██[38;2;65;65;65m██[38;2;65;65;65m██[38;2;156;206;74m██[38;2;156;206;74m██[38;2;156;206;74m██[38;2;156;206;74m██[38;2;115;165;90m██[38;2;65;65;65m██[38;2;65;65;65m██[38;2;0;0;0m██  
        [38;2;0;0;0m██[38;2;230;74;41m██[38;2;65;65;65m██[38;2;156;99;165m██[38;2;156;99;165m██[38;2;156;99;165m██[38;2;189;132;181m██[38;2;189;132;181m██[38;2;65;65;65m██[38;2;65;65;65m██[38;2;230;74;41m██[38;2;65;65;65m██[38;2;189;132;181m██[38;2;65;65;65m██[38;2;156;206;74m██[38;2;156;206;74m██[38;2;115;165;90m██[38;2;115;165;90m██[38;2;115;165;90m██[38;2;0;0;0m██    
          [38;2;0;0;0m██[38;2;230;74;41m██[38;2;65;65;65m██[38;2;65;65;65m██[38;2;189;132;181m██[38;2;189;132;181m██[38;2;65;65;65m██[38;2;230;74;41m██[38;2;230;74;41m██[38;2;65;65;65m██[38;2;156;99;165m██[38;2;65;65;65m██[38;2;65;65;65m██[38;2;115;165;90m██[38;2;115;165;90m██[38;2;115;165;90m██[38;2;115;165;90m██[38;2;0;0;0m██      
            [38;2;0;0;0m██[38;2;0;0;0m██[38;2;0;0;0m██[38;2;65;65;65m██[38;2;65;65;65m██[38;2;65;65;65m██[38;2;65;65;65m██[38;2;65;65;65m██[38;2;156;99;165m██[38;2;189;132;181m██[38;2;65;65;65m██[38;2;115;165;90m██[38;2;115;165;90m██[38;2;115;165;90m██[38;2;0;0;0m██[38;2;0;0;0m██        
                  [38;2;0;0;0m██[38;2;0;0;0m██[38;2;0;0;0m██[38;2;156;99;165m██[38;2;65;65;65m██[38;2;0;0;0m██[38;2;0;0;0m██[38;2;65;65;65m██[38;2;115;165;90m██[38;2;0;0;0m██[38;2;0;0;0m██            
                        [38;2;0;0;0m██[38;2;0;0;0m██  [38;2;0;0;0m██[38;2;0;0;0m██[38;2;0;0;0m██                
