                        [38;2;0;0;0m██[38;2;0;0;0m██[38;2;0;0;0m██[38;2;0;0;0m██      
                      [38;2;0;0;0m██[38;2;197;189;189m██[38;2;132;123;115m██[38;2;173;156;156m██[38;2;173;156;156m██[38;2;0;0;0m██    
                  [38;2;0;0;0m██[38;2;0;0;0m██[38;2;65;65;65m██[38;2;107;99;90m██[38;2;107;99;90m██[38;2;173;156;156m██[38;2;132;123;115m██[38;2;132;123;115m██[38;2;0;0;0m██  
                [38;2;0;0;0m██[38;2;132;123;115m██[38;2;173;156;156m██[38;2;173;156;156m██[38;2;132;123;115m██[38;2;173;156;156m██[38;2;107;99;90m██[38;2;173;156;156m██[38;2;173;156;156m██[38;2;0;0;0m██  
        [38;2;0;0;0m██[38;2;0;0;0m██  [38;2;0;0;0m██[38;2;173;156;156m██[38;2;132;123;115m██[38;2;132;123;115m██[38;2;132;123;115m██[38;2;173;156;156m██[38;2;173;156;156m██[38;2;173;156;156m██[38;2;107;99;90m██[38;2;107;99;90m██[38;2;0;0;0m██  
        [38;2;0;0;0m██[38;2;255;255;255m██[38;2;0;0;0m██[38;2;65;65;65m██[38;2;132;123;115m██[38;2;173;156;156m██[38;2;173;156;156m██[38;2;173;156;156m██[38;2;173;156;156m██[38;2;173;156;156m██[38;2;132;123;115m██[38;2;173;156;156m██[38;2;132;123;115m██[38;2;0;0;0m██  
      [38;2;0;0;0m██[38;2;65;65;65m██[38;2;0;0;0m██[38;2;65;65;65m██[38;2;173;156;156m██[38;2;0;0;0m██[38;2;0;0;0m██[38;2;173;156;156m██[38;2;173;156;156m██[38;2;173;156;156m██[38;2;132;123;115m██[38;2;197;189;189m██[38;2;107;99;90m██[38;2;132;123;115m██[38;2;132;123;115m██[38;2;0;0;0m██
    [38;2;0;0;0m██[38;2;255;140;41m██[38;2;65;65;65m██[38;2;255;140;41m██[38;2;65;65;65m██[38;2;65;65;65m██[38;2;0;0;0m██[38;2;255;255;255m██[38;2;0;0;0m██[38;2;107;99;90m██[38;2;173;156;156m██[38;2;173;156;156m██[38;2;107;99;90m██[38;2;132;123;115m██[38;2;132;123;115m██[38;2;132;123;115m██[38;2;0;0;0m██
  [38;2;0;0;0m██[38;2;255;140;41m██[38;2;255;140;41m██[38;2;255;140;41m██[38;2;65;65;65m██[38;2;255;140;41m██[38;2;255;140;41m██[38;2;65;65;65m██[38;2;0;0;0m██[38;2;0;0;0m██[38;2;65;65;65m██[38;2;65;65;65m██[38;2;173;156;156m██[38;2;173;156;156m██[38;2;132;123;115m██[38;2;132;123;115m██[38;2;132;123;115m██[38;2;0;0;0m██
  [38;2;0;0;0m██[38;2;173;82;49m██[38;2;255;140;41m██[38;2;65;65;65m██[38;2;255;140;41m██[38;2;255;140;41m██[38;2;255;140;41m██[38;2;65;65;65m██[38;2;255;140;41m██[38;2;65;65;65m██[38;2;65;65;65m██[38;2;65;65;65m██[38;2;173;156;156m██[38;2;107;99;90m██[38;2;107;99;90m██[38;2;107;99;90m██[38;2;107;99;90m██[38;2;0;0;0m██
[38;2;0;0;0m██[38;2;255;140;41m██[38;2;255;140;41m██[38;2;173;82;49m██[38;2;65;65;65m██[38;2;206;115;66m██[38;2;173;82;49m██[38;2;255;140;41m██[38;2;255;140;41m██[38;2;65;65;65m██[38;2;255;140;41m██[38;2;255;140;41m██[38;2;65;65;65m██[38;2;65;65;65m██[38;2;107;99;90m██[38;2;107;99;90m██[38;2;107;99;90m██[38;2;0;0;0m██  
[38;2;0;0;0m██[38;2;255;140;41m██[38;2;206;115;66m██[38;2;0;0;0m██[38;2;0;0;0m██[38;2;0;0;0m██[38;2;206;115;66m██[38;2;206;115;66m██[38;2;65;65;65m██[38;2;255;140;41m██[38;2;255;140;41m██[38;2;255;140;41m██[38;2;255;140;41m██[38;2;65;65;65m██[38;2;65;65;65m██[38;2;107;99;90m██[38;2;0;0;0m██    
[38;2;0;0;0m██[38;2;255;140;41m██[38;2;0;0;0m██      [38;2;0;0;0m██[38;2;0;0;0m██[38;2;65;65;65m██[38;2;173;82;49m██[38;2;173;82;49m██[38;2;255;140;41m██[38;2;255;140;41m██[38;2;65;65;65m██[38;2;206;115;66m██[38;2;0;0;0m██      
  [38;2;0;0;0m██            [38;2;0;0;0m██[38;2;255;140;41m██[38;2;255;140;41m██[38;2;173;82;49m██[38;2;255;140;41m██[38;2;0;0;0m██[38;2;206;115;66m██[38;2;0;0;0m██      
                [38;2;0;0;0m██[38;2;255;140;41m██[38;2;206;115;66m██[38;2;0;0;0m██[38;2;0;0;0m██  [38;2;0;0;0m██        
                [38;2;0;0;0m██[38;2;255;140;41m██[38;2;0;0;0m██                
                  [38;2;0;0;0m██                  
