                                [38;2;0;0;0m██    
                              [38;2;0;0;0m██[38;2;247;230;41m██[38;2;0;0;0m██  
              [38;2;0;0;0m██[38;2;0;0;0m██[38;2;0;0;0m██[38;2;0;0;0m██[38;2;0;0;0m██      [38;2;0;0;0m██[38;2;247;230;41m██[38;2;0;0;0m██  
          [38;2;0;0;0m██[38;2;0;0;0m██[38;2;132;206;107m██[38;2;132;206;107m██[38;2;132;206;107m██[38;2;132;206;107m██[38;2;132;206;107m██[38;2;0;0;0m██  [38;2;0;0;0m██[38;2;247;230;41m██[38;2;99;156;107m██[38;2;0;0;0m██  
      [38;2;0;0;0m██[38;2;0;0;0m██[38;2;132;206;107m██[38;2;132;206;107m██[38;2;132;206;107m██[38;2;132;206;107m██[38;2;132;206;107m██[38;2;65;65;65m██[38;2;65;65;65m██[38;2;65;65;65m██[38;2;0;0;0m██[38;2;0;0;0m██[38;2;99;156;107m██[38;2;99;156;107m██[38;2;0;0;0m██  
    [38;2;0;0;0m██[38;2;132;206;107m██[38;2;132;206;107m██[38;2;132;206;107m██[38;2;132;206;107m██[38;2;132;206;107m██[38;2;65;65;65m██[38;2;65;65;65m██[38;2;132;206;107m██[38;2;132;206;107m██[38;2;132;206;107m██[38;2;247;230;41m██[38;2;65;65;65m██[38;2;65;65;65m██[38;2;99;156;107m██[38;2;0;0;0m██[38;2;0;0;0m██
  [38;2;0;0;0m██[38;2;132;206;107m██[38;2;132;206;107m██[38;2;132;206;107m██[38;2;132;206;107m██[38;2;132;206;107m██[38;2;65;65;65m██[38;2;99;156;107m██[38;2;132;206;107m██[38;2;132;206;107m██[38;2;132;206;107m██[38;2;132;206;107m██[38;2;247;230;41m██[38;2;65;65;65m██[38;2;99;156;107m██[38;2;65;65;65m██[38;2;99;156;107m██[38;2;0;0;0m██
[38;2;0;0;0m██[38;2;132;206;107m██[38;2;132;206;107m██[38;2;132;206;107m██[38;2;132;206;107m██[38;2;132;206;107m██[38;2;65;65;65m██[38;2;247;230;41m██[38;2;132;206;107m██[38;2;132;206;107m██[38;2;132;206;107m██[38;2;132;206;107m██[38;2;247;230;41m██[38;2;65;65;65m██[38;2;99;156;107m██[38;2;115;181;107m██[38;2;99;156;107m██[38;2;99;156;107m██[38;2;0;0;0m██
[38;2;0;0;0m██[38;2;132;206;107m██[38;2;132;206;107m██[38;2;99;156;107m██[38;2;99;156;107m██[38;2;132;206;107m██[38;2;247;230;41m██[38;2;247;230;41m██[38;2;132;206;107m██[38;2;132;206;107m██[38;2;247;230;41m██[38;2;247;230;41m██[38;2;65;65;65m██[38;2;99;156;107m██[38;2;115;181;107m██[38;2;115;181;107m██[38;2;115;181;107m██[38;2;0;0;0m██  
  [38;2;0;0;0m██[38;2;99;156;107m██[38;2;247;230;41m██[38;2;99;156;107m██[38;2;99;156;107m██[38;2;255;255;255m██[38;2;189;165;90m██[38;2;247;230;41m██[38;2;247;230;41m██[38;2;65;65;65m██[38;2;65;65;65m██[38;2;99;156;107m██[38;2;65;65;65m██[38;2;115;181;107m██[38;2;115;181;107m██[38;2;99;156;107m██[38;2;0;0;0m██  
  [38;2;0;0;0m██[38;2;247;230;41m██[38;2;247;230;41m██[38;2;247;230;41m██[38;2;0;0;0m██[38;2;255;255;255m██[38;2;132;206;107m██[38;2;132;206;107m██[38;2;99;156;107m██[38;2;115;181;107m██[38;2;115;181;107m██[38;2;115;181;107m██[38;2;99;156;107m██[38;2;0;0;0m██[38;2;99;156;107m██[38;2;99;156;107m██[38;2;0;0;0m██  
[38;2;0;0;0m██[38;2;247;230;41m██[38;2;247;230;41m██[38;2;132;206;107m██[38;2;132;206;107m██[38;2;132;206;107m██[38;2;132;206;107m██[38;2;132;206;107m██[38;2;99;156;107m██[38;2;65;65;65m██[38;2;99;156;107m██[38;2;115;181;107m██[38;2;99;156;107m██[38;2;0;0;0m██[38;2;0;0;0m██[38;2;115;181;107m██[38;2;132;206;107m██[38;2;0;0;0m██  
[38;2;0;0;0m██[38;2;247;230;41m██[38;2;132;206;107m██[38;2;132;206;107m██[38;2;189;66;99m██[38;2;189;66;99m██[38;2;132;206;107m██[38;2;99;156;107m██[38;2;0;0;0m██[38;2;0;0;0m██[38;2;65;65;65m██[38;2;99;156;107m██[38;2;99;156;107m██[38;2;0;0;0m██  [38;2;0;0;0m██[38;2;0;0;0m██    
  [38;2;0;0;0m██[38;2;0;0;0m██[38;2;189;66;99m██[38;2;189;66;99m██[38;2;255;255;255m██[38;2;99;156;107m██[38;2;0;0;0m██  [38;2;0;0;0m██[38;2;132;206;107m██[38;2;115;181;107m██[38;2;0;0;0m██            
      [38;2;0;0;0m██[38;2;0;0;0m██[38;2;0;0;0m██[38;2;0;0;0m██      [38;2;0;0;0m██[38;2;0;0;0m██              
