            [38;2;0;0;0m██[38;2;0;0;0m██[38;2;0;0;0m██[38;2;0;0;0m██            
        [38;2;0;0;0m██[38;2;0;0;0m██[38;2;255;255;255m██[38;2;255;255;255m██[38;2;255;255;255m██[38;2;255;255;255m██[38;2;0;0;0m██[38;2;0;0;0m██        
    [38;2;0;0;0m██[38;2;0;0;0m██[38;2;255;255;255m██[38;2;255;255;255m██[38;2;255;255;255m██[38;2;255;255;255m██[38;2;255;255;255m██[38;2;255;255;255m██[38;2;255;255;255m██[38;2;255;255;255m██[38;2;0;0;0m██[38;2;0;0;0m██    
    [38;2;0;0;0m██[38;2;255;255;255m██[38;2;255;255;255m██[38;2;255;255;255m██[38;2;255;255;255m██[38;2;255;255;255m██[38;2;255;255;255m██[38;2;255;255;255m██[38;2;255;255;255m██[38;2;255;255;255m██[38;2;255;255;255m██[38;2;0;0;0m██    
  [38;2;0;0;0m██[38;2;255;255;255m██[38;2;255;255;255m██[38;2;255;255;255m██[38;2;255;255;255m██[38;2;255;255;255m██[38;2;255;255;255m██[38;2;255;255;255m██[38;2;255;255;255m██[38;2;255;255;255m██[38;2;255;255;255m██[38;2;255;255;255m██[38;2;255;255;255m██[38;2;0;0;0m██  
  [38;2;0;0;0m██[38;2;65;65;65m██[38;2;255;255;255m██[38;2;255;255;255m██[38;2;255;255;255m██[38;2;255;255;255m██[38;2;255;255;255m██[38;2;255;255;255m██[38;2;255;255;255m██[38;2;255;255;255m██[38;2;255;255;255m██[38;2;255;255;255m██[38;2;255;255;255m██[38;2;0;0;0m██  
[38;2;0;0;0m██[38;2;255;255;255m██[38;2;255;255;255m██[38;2;255;255;255m██[38;2;255;255;255m██[38;2;255;255;255m██[38;2;255;255;255m██[38;2;65;65;65m██[38;2;65;65;65m██[38;2;255;255;255m██[38;2;255;255;255m██[38;2;255;255;255m██[38;2;255;255;255m██[38;2;255;255;255m██[38;2;189;189;189m██[38;2;0;0;0m██
[38;2;0;0;0m██[38;2;255;255;255m██[38;2;0;0;0m██[38;2;255;255;255m██[38;2;65;65;65m██[38;2;255;255;255m██[38;2;65;65;65m██[38;2;255;255;255m██[38;2;255;255;255m██[38;2;65;65;65m██[38;2;255;255;255m██[38;2;255;255;255m██[38;2;255;255;255m██[38;2;189;189;189m██[38;2;189;189;189m██[38;2;0;0;0m██
[38;2;0;0;0m██[38;2;255;181;156m██[38;2;0;0;0m██[38;2;255;255;255m██[38;2;255;255;255m██[38;2;65;65;65m██[38;2;255;255;255m██[38;2;255;255;255m██[38;2;255;255;255m██[38;2;255;255;255m██[38;2;255;255;255m██[38;2;255;255;255m██[38;2;255;255;255m██[38;2;189;189;189m██[38;2;197;140;140m██[38;2;0;0;0m██
[38;2;0;0;0m██[38;2;230;82;49m██[38;2;255;181;156m██[38;2;255;255;255m██[38;2;255;255;255m██[38;2;255;255;255m██[38;2;255;255;255m██[38;2;0;0;0m██[38;2;255;255;255m██[38;2;255;255;255m██[38;2;255;255;255m██[38;2;255;255;255m██[38;2;189;189;189m██[38;2;197;140;140m██[38;2;197;82;82m██[38;2;0;0;0m██
  [38;2;0;0;0m██[38;2;230;82;49m██[38;2;255;181;156m██[38;2;255;255;255m██[38;2;255;255;255m██[38;2;255;255;255m██[38;2;0;0;0m██[38;2;255;255;255m██[38;2;255;255;255m██[38;2;189;189;189m██[38;2;189;189;189m██[38;2;197;140;140m██[38;2;197;82;82m██[38;2;0;0;0m██  
  [38;2;0;0;0m██[38;2;230;82;49m██[38;2;65;65;65m██[38;2;230;82;49m██[38;2;255;181;156m██[38;2;255;181;156m██[38;2;255;181;156m██[38;2;197;140;140m██[38;2;197;140;140m██[38;2;197;140;140m██[38;2;197;82;82m██[38;2;197;82;82m██[38;2;197;82;82m██[38;2;0;0;0m██  
    [38;2;0;0;0m██[38;2;255;255;255m██[38;2;65;65;65m██[38;2;65;65;65m██[38;2;65;65;65m██[38;2;65;65;65m██[38;2;65;65;65m██[38;2;197;82;82m██[38;2;197;82;82m██[38;2;197;82;82m██[38;2;197;82;82m██[38;2;0;0;0m██    
    [38;2;0;0;0m██[38;2;0;0;0m██[38;2;255;255;255m██[38;2;189;189;189m██[38;2;255;255;255m██[38;2;189;189;189m██[38;2;255;255;255m██[38;2;65;65;65m██[38;2;197;82;82m██[38;2;197;82;82m██[38;2;0;0;0m██[38;2;0;0;0m██    
        [38;2;0;0;0m██[38;2;0;0;0m██[38;2;255;255;255m██[38;2;189;189;189m██[38;2;65;65;65m██[38;2;197;82;82m██[38;2;0;0;0m██[38;2;0;0;0m██        
            [38;2;0;0;0m██[38;2;0;0;0m██[38;2;0;0;0m██[38;2;0;0;0m██            
