                [38;2;0;0;0m██[38;2;0;0;0m██                      
              [38;2;0;0;0m██[38;2;247;247;173m██[38;2;247;230;41m██[38;2;0;0;0m██                    
            [38;2;0;0;0m██[38;2;247;247;173m██[38;2;65;65;65m██[38;2;239;189;16m██[38;2;0;0;0m██      [38;2;0;0;0m██[38;2;0;0;0m██          
            [38;2;0;0;0m██[38;2;247;247;173m██[38;2;65;65;65m██[38;2;239;189;16m██[38;2;0;0;0m██    [38;2;0;0;0m██[38;2;247;247;173m██[38;2;247;230;41m██[38;2;0;0;0m██        
            [38;2;0;0;0m██[38;2;247;230;41m██[38;2;239;189;16m██[38;2;239;189;16m██[38;2;0;0;0m██[38;2;0;0;0m██[38;2;0;0;0m██[38;2;247;247;173m██[38;2;65;65;65m██[38;2;239;189;16m██[38;2;0;0;0m██        
            [38;2;0;0;0m██[38;2;247;230;41m██[38;2;132;99;16m██[38;2;132;99;16m██[38;2;239;189;16m██[38;2;239;189;16m██[38;2;65;65;65m██[38;2;247;247;173m██[38;2;65;65;65m██[38;2;239;189;16m██[38;2;0;0;0m██        
            [38;2;0;0;0m██[38;2;132;99;16m██[38;2;247;230;41m██[38;2;247;247;173m██[38;2;247;247;173m██[38;2;239;189;16m██[38;2;65;65;65m██[38;2;247;247;173m██[38;2;239;189;16m██[38;2;239;189;16m██[38;2;0;0;0m██        
          [38;2;0;0;0m██[38;2;239;189;16m██[38;2;247;230;41m██[38;2;247;230;41m██[38;2;247;230;41m██[38;2;247;230;41m██[38;2;65;65;65m██[38;2;247;247;173m██[38;2;247;230;41m██[38;2;247;230;41m██[38;2;65;65;65m██[38;2;0;0;0m██        
        [38;2;0;0;0m██[38;2;132;99;16m██[38;2;255;255;255m██[38;2;239;189;16m██[38;2;247;230;41m██[38;2;247;230;41m██[38;2;247;230;41m██[38;2;247;230;41m██[38;2;247;230;41m██[38;2;247;230;41m██[38;2;247;230;41m██[38;2;239;189;16m██[38;2;0;0;0m██        
    [38;2;0;0;0m██[38;2;0;0;0m██[38;2;0;0;0m██[38;2;247;230;41m██[38;2;247;230;41m██[38;2;0;0;0m██[38;2;247;230;41m██[38;2;247;230;41m██[38;2;247;230;41m██[38;2;255;255;255m██[38;2;239;189;16m██[38;2;247;230;41m██[38;2;247;230;41m██[38;2;247;230;41m██[38;2;239;189;16m██[38;2;0;0;0m██      
  [38;2;0;0;0m██[38;2;65;65;65m██[38;2;239;189;16m██[38;2;65;65;65m██[38;2;247;230;41m██[38;2;173;140;66m██[38;2;247;230;41m██[38;2;247;230;41m██[38;2;247;230;41m██[38;2;0;0;0m██[38;2;255;255;255m██[38;2;239;189;16m██[38;2;247;230;41m██[38;2;247;230;41m██[38;2;247;230;41m██[38;2;239;189;16m██[38;2;0;0;0m██      
[38;2;0;0;0m██[38;2;239;189;16m██[38;2;65;65;65m██[38;2;239;189;16m██[38;2;65;65;65m██[38;2;65;65;65m██[38;2;247;230;41m██[38;2;173;140;66m██[38;2;239;189;16m██[38;2;247;230;41m██[38;2;173;140;66m██[38;2;247;230;41m██[38;2;247;230;41m██[38;2;247;230;41m██[38;2;247;230;41m██[38;2;239;189;16m██[38;2;132;99;16m██[38;2;0;0;0m██      
[38;2;0;0;0m██[38;2;255;255;255m██[38;2;239;189;16m██[38;2;65;65;65m██[38;2;0;0;0m██[38;2;239;189;16m██[38;2;239;189;16m██[38;2;247;230;41m██[38;2;247;230;41m██[38;2;173;140;66m██[38;2;247;230;41m██[38;2;247;230;41m██[38;2;247;230;41m██[38;2;247;230;41m██[38;2;65;65;65m██[38;2;65;65;65m██[38;2;65;65;65m██[38;2;239;189;16m██[38;2;0;0;0m██    
  [38;2;0;0;0m██[38;2;255;255;255m██[38;2;239;189;16m██[38;2;0;0;0m██[38;2;65;65;65m██[38;2;239;189;16m██[38;2;65;65;65m██[38;2;65;65;65m██[38;2;247;230;41m██[38;2;247;230;41m██[38;2;65;65;65m██[38;2;65;65;65m██[38;2;65;65;65m██[38;2;239;189;16m██[38;2;65;65;65m██[38;2;65;65;65m██[38;2;247;230;41m██[38;2;247;230;41m██[38;2;0;0;0m██  
    [38;2;0;0;0m██[38;2;0;0;0m██  [38;2;0;0;0m██[38;2;239;189;16m██[38;2;65;65;65m██[38;2;65;65;65m██[38;2;65;65;65m██[38;2;239;189;16m██[38;2;239;189;16m██[38;2;239;189;16m██[38;2;239;189;16m██[38;2;65;65;65m██[38;2;65;65;65m██[38;2;247;230;41m██[38;2;65;65;65m██[38;2;65;65;65m██[38;2;65;65;65m██[38;2;0;0;0m██
        [38;2;0;0;0m██[38;2;132;99;16m██[38;2;65;65;65m██[38;2;239;189;16m██[38;2;65;65;65m██[38;2;239;189;16m██[38;2;239;189;16m██[38;2;65;65;65m██[38;2;65;65;65m██[38;2;65;65;65m██[38;2;132;99;16m██[38;2;0;0;0m██[38;2;65;65;65m██[38;2;247;230;41m██[38;2;247;230;41m██[38;2;247;230;41m██[38;2;0;0;0m██
        [38;2;0;0;0m██[38;2;239;189;16m██[38;2;239;189;16m██[38;2;0;0;0m██[38;2;0;0;0m██[38;2;239;189;16m██[38;2;239;189;16m██[38;2;239;189;16m██[38;2;132;99;16m██[38;2;0;0;0m██[38;2;0;0;0m██  [38;2;0;0;0m██[38;2;239;189;16m██[38;2;255;255;255m██[38;2;239;189;16m██[38;2;0;0;0m██
          [38;2;0;0;0m██[38;2;0;0;0m██    [38;2;0;0;0m██[38;2;0;0;0m██[38;2;0;0;0m██[38;2;65;65;65m██[38;2;239;189;16m██[38;2;0;0;0m██  [38;2;0;0;0m██[38;2;255;255;255m██[38;2;239;189;16m██[38;2;255;255;255m██[38;2;0;0;0m██
                      [38;2;0;0;0m██[38;2;239;189;16m██[38;2;239;189;16m██[38;2;0;0;0m██    [38;2;0;0;0m██[38;2;0;0;0m██[38;2;0;0;0m██  
                        [38;2;0;0;0m██[38;2;0;0;0m██              
