        [38;2;0;0;0m██[38;2;0;0;0m██[38;2;0;0;0m██            
      [38;2;0;0;0m██[38;2;107;189;173m██[38;2;165;230;230m██[38;2;165;230;230m██[38;2;0;0;0m██[38;2;0;0;0m██        
    [38;2;0;0;0m██[38;2;165;230;230m██[38;2;165;230;230m██[38;2;165;230;230m██[38;2;115;148;148m██[38;2;165;230;230m██[38;2;107;189;173m██[38;2;0;0;0m██      
  [38;2;0;0;0m██[38;2;165;230;230m██[38;2;165;230;230m██[38;2;165;230;230m██[38;2;165;230;230m██[38;2;115;148;148m██[38;2;165;230;230m██[38;2;165;230;230m██[38;2;65;65;65m██      
  [38;2;0;0;0m██[38;2;165;230;230m██[38;2;165;230;230m██[38;2;165;230;230m██[38;2;165;230;230m██[38;2;107;189;173m██[38;2;165;230;230m██[38;2;165;230;230m██[38;2;165;230;230m██[38;2;0;0;0m██    
[38;2;0;0;0m██[38;2;165;230;230m██[38;2;115;148;148m██[38;2;165;230;230m██[38;2;115;148;148m██[38;2;165;230;230m██[38;2;165;230;230m██[38;2;107;189;173m██[38;2;165;230;230m██[38;2;165;230;230m██[38;2;0;0;0m██    
[38;2;0;0;0m██[38;2;165;230;230m██[38;2;115;148;148m██[38;2;165;230;230m██[38;2;115;148;148m██[38;2;165;230;230m██[38;2;115;148;148m██[38;2;165;230;230m██[38;2;107;189;173m██[38;2;115;148;148m██[38;2;0;0;0m██    
[38;2;0;0;0m██[38;2;115;148;148m██[38;2;165;230;230m██[38;2;115;148;148m██[38;2;165;230;230m██[38;2;115;148;148m██[38;2;165;230;230m██[38;2;165;230;230m██[38;2;165;230;230m██[38;2;165;230;230m██[38;2;0;0;0m██    
[38;2;0;0;0m██[38;2;165;230;230m██[38;2;165;230;230m██[38;2;115;148;148m██[38;2;165;230;230m██[38;2;115;148;148m██[38;2;165;230;230m██[38;2;165;230;230m██[38;2;165;230;230m██[38;2;107;189;173m██[38;2;0;0;0m██    
[38;2;0;0;0m██[38;2;115;148;148m██[38;2;165;230;230m██[38;2;165;230;230m██[38;2;165;230;230m██[38;2;165;230;230m██[38;2;165;230;230m██[38;2;165;230;230m██[38;2;115;148;148m██[38;2;115;148;148m██[38;2;0;0;0m██    
  [38;2;0;0;0m██[38;2;255;255;255m██[38;2;16;197;16m██[38;2;115;148;148m██[38;2;115;148;148m██[38;2;115;148;148m██[38;2;115;148;148m██[38;2;165;230;230m██[38;2;107;189;173m██[38;2;0;0;0m██    
  [38;2;0;0;0m██[38;2;16;132;16m██[38;2;16;197;16m██[38;2;165;230;230m██[38;2;255;255;255m██[38;2;16;197;16m██[38;2;165;230;230m██[38;2;107;189;173m██[38;2;0;0;0m██      
[38;2;0;0;0m██[38;2;239;115;156m██[38;2;115;148;148m██[38;2;165;230;230m██[38;2;165;230;230m██[38;2;16;132;16m██[38;2;16;197;16m██[38;2;115;148;148m██[38;2;0;0;0m██        
[38;2;0;0;0m██[38;2;247;247;41m██[38;2;165;230;230m██[38;2;115;148;148m██[38;2;115;148;148m██[38;2;115;148;148m██[38;2;115;148;148m██[38;2;165;230;230m██[38;2;165;230;230m██[38;2;0;0;0m██[38;2;0;0;0m██[38;2;0;0;0m██  
  [38;2;0;0;0m██[38;2;0;0;0m██[38;2;0;0;0m██[38;2;107;189;173m██[38;2;165;230;230m██[38;2;165;230;230m██[38;2;65;65;65m██[38;2;165;230;230m██[38;2;165;230;230m██[38;2;165;230;230m██[38;2;239;115;156m██[38;2;0;0;0m██
        [38;2;0;0;0m██[38;2;115;148;148m██[38;2;165;230;230m██[38;2;165;230;230m██[38;2;65;65;65m██[38;2;165;230;230m██[38;2;16;197;16m██[38;2;247;247;41m██[38;2;0;0;0m██
        [38;2;0;0;0m██[38;2;165;230;230m██[38;2;115;148;148m██[38;2;107;189;173m██[38;2;165;230;230m██[38;2;0;0;0m██[38;2;0;0;0m██[38;2;0;0;0m██  
          [38;2;0;0;0m██[38;2;0;0;0m██[38;2;165;230;230m██[38;2;165;230;230m██[38;2;0;0;0m██      
              [38;2;0;0;0m██[38;2;0;0;0m██        
