                        [38;2;0;0;0m██[38;2;0;0;0m██[38;2;0;0;0m██                  
            [38;2;0;0;0m██[38;2;0;0;0m██      [38;2;0;0;0m██[38;2;255;156;148m██[38;2;197;115;107m██[38;2;255;156;148m██[38;2;0;0;0m██                
          [38;2;0;0;0m██[38;2;255;156;148m██[38;2;197;115;107m██[38;2;0;0;0m██  [38;2;0;0;0m██[38;2;255;156;148m██[38;2;255;206;197m██[38;2;197;115;107m██[38;2;255;206;197m██[38;2;255;156;148m██[38;2;0;0;0m██              
        [38;2;0;0;0m██[38;2;255;156;148m██[38;2;247;247;41m██[38;2;247;247;41m██[38;2;255;206;197m██[38;2;0;0;0m██[38;2;65;65;65m██[38;2;65;65;65m██[38;2;255;206;197m██[38;2;255;206;197m██[38;2;197;115;107m██[38;2;197;115;107m██[38;2;0;0;0m██    [38;2;0;0;0m██[38;2;0;0;0m██      
        [38;2;0;0;0m██[38;2;197;115;107m██[38;2;247;247;41m██[38;2;247;247;41m██[38;2;65;65;65m██[38;2;255;206;197m██[38;2;255;206;197m██[38;2;255;206;197m██[38;2;65;65;65m██[38;2;255;206;197m██[38;2;197;115;107m██[38;2;255;156;148m██[38;2;197;115;107m██[38;2;0;0;0m██[38;2;0;0;0m██[38;2;255;206;197m██[38;2;255;206;197m██[38;2;0;0;0m██    
      [38;2;0;0;0m██[38;2;255;156;148m██[38;2;255;156;148m██[38;2;197;115;107m██[38;2;65;65;65m██[38;2;255;206;197m██[38;2;255;206;197m██[38;2;255;206;197m██[38;2;255;206;197m██[38;2;255;206;197m██[38;2;65;65;65m██[38;2;255;156;148m██[38;2;255;156;148m██[38;2;255;156;148m██[38;2;65;65;65m██[38;2;255;206;197m██[38;2;255;206;197m██[38;2;255;206;197m██[38;2;255;156;148m██[38;2;0;0;0m██  
      [38;2;0;0;0m██[38;2;65;65;65m██[38;2;255;156;148m██[38;2;65;65;65m██[38;2;255;255;255m██[38;2;255;206;197m██[38;2;255;206;197m██[38;2;197;115;107m██[38;2;197;115;107m██[38;2;255;206;197m██[38;2;65;65;65m██[38;2;255;156;148m██[38;2;255;156;148m██[38;2;65;65;65m██[38;2;197;115;107m██[38;2;255;206;197m██[38;2;197;115;107m██[38;2;197;115;107m██[38;2;255;206;197m██[38;2;0;0;0m██  
    [38;2;0;0;0m██[38;2;255;206;197m██[38;2;255;206;197m██[38;2;65;65;65m██[38;2;65;65;65m██[38;2;0;0;0m██[38;2;255;206;197m██[38;2;197;115;107m██[38;2;255;255;255m██[38;2;255;255;255m██[38;2;255;206;197m██[38;2;255;206;197m██[38;2;65;65;65m██[38;2;255;156;148m██[38;2;65;65;65m██[38;2;255;206;197m██[38;2;255;206;197m██[38;2;255;255;255m██[38;2;0;0;0m██[38;2;255;255;255m██[38;2;255;156;148m██[38;2;0;0;0m██
  [38;2;0;0;0m██[38;2;255;156;148m██[38;2;255;206;197m██[38;2;255;206;197m██[38;2;255;206;197m██[38;2;65;65;65m██[38;2;255;206;197m██[38;2;255;206;197m██[38;2;255;156;148m██[38;2;0;0;0m██[38;2;255;255;255m██[38;2;255;206;197m██[38;2;255;156;148m██[38;2;65;65;65m██[38;2;197;115;107m██[38;2;65;65;65m██[38;2;65;65;65m██[38;2;255;206;197m██[38;2;255;206;197m██[38;2;255;206;197m██[38;2;255;156;148m██[38;2;255;156;148m██[38;2;0;0;0m██
  [38;2;0;0;0m██[38;2;255;206;197m██[38;2;255;206;197m██[38;2;197;115;107m██[38;2;197;115;107m██[38;2;65;65;65m██[38;2;255;156;148m██[38;2;255;206;197m██[38;2;255;206;197m██[38;2;255;206;197m██[38;2;255;206;197m██[38;2;255;156;148m██[38;2;255;156;148m██[38;2;65;65;65m██[38;2;65;65;65m██[38;2;197;115;107m██[38;2;255;206;197m██[38;2;65;65;65m██[38;2;255;156;148m██[38;2;255;156;148m██[38;2;255;156;148m██[38;2;0;0;0m██  
[38;2;0;0;0m██[38;2;197;115;107m██[38;2;255;206;197m██[38;2;197;115;107m██[38;2;65;65;65m██[38;2;255;255;255m██[38;2;255;156;148m██[38;2;65;65;65m██[38;2;197;115;107m██[38;2;65;65;65m██[38;2;65;65;65m██[38;2;255;156;148m██[38;2;255;156;148m██[38;2;65;65;65m██[38;2;255;206;197m██[38;2;255;206;197m██[38;2;197;115;107m██[38;2;255;206;197m██[38;2;197;115;107m██[38;2;65;65;65m██[38;2;255;156;148m██[38;2;197;115;107m██[38;2;0;0;0m██  
[38;2;0;0;0m██[38;2;255;156;148m██[38;2;255;156;148m██[38;2;255;156;148m██[38;2;255;156;148m██[38;2;255;156;148m██[38;2;255;156;148m██[38;2;65;65;65m██[38;2;255;156;148m██[38;2;255;156;148m██[38;2;255;156;148m██[38;2;255;156;148m██[38;2;255;156;148m██[38;2;65;65;65m██[38;2;255;206;197m██[38;2;255;206;197m██[38;2;255;206;197m██[38;2;197;115;107m██[38;2;255;206;197m██[38;2;65;65;65m██[38;2;0;0;0m██[38;2;0;0;0m██    
[38;2;0;0;0m██[38;2;197;115;107m██[38;2;255;156;148m██[38;2;65;65;65m██[38;2;65;65;65m██[38;2;255;156;148m██[38;2;197;115;107m██[38;2;0;0;0m██[38;2;0;0;0m██[38;2;255;156;148m██[38;2;255;156;148m██[38;2;255;156;148m██[38;2;65;65;65m██[38;2;255;206;197m██[38;2;255;206;197m██[38;2;255;206;197m██[38;2;197;115;107m██[38;2;197;115;107m██[38;2;197;115;107m██[38;2;255;156;148m██[38;2;0;0;0m██      
  [38;2;0;0;0m██[38;2;197;115;107m██[38;2;255;156;148m██[38;2;255;156;148m██[38;2;197;115;107m██[38;2;0;0;0m██    [38;2;0;0;0m██[38;2;0;0;0m██[38;2;0;0;0m██[38;2;65;65;65m██[38;2;255;156;148m██[38;2;255;206;197m██[38;2;255;156;148m██[38;2;255;255;255m██[38;2;0;0;0m██[38;2;255;255;255m██[38;2;255;156;148m██[38;2;0;0;0m██      
    [38;2;0;0;0m██[38;2;0;0;0m██[38;2;0;0;0m██[38;2;0;0;0m██            [38;2;0;0;0m██[38;2;255;156;148m██[38;2;197;115;107m██[38;2;255;156;148m██[38;2;255;156;148m██[38;2;255;156;148m██[38;2;255;156;148m██[38;2;0;0;0m██        
                        [38;2;0;0;0m██[38;2;197;115;107m██[38;2;255;156;148m██[38;2;65;65;65m██[38;2;65;65;65m██[38;2;255;156;148m██[38;2;197;115;107m██[38;2;0;0;0m██        
                          [38;2;0;0;0m██[38;2;197;115;107m██[38;2;255;156;148m██[38;2;255;156;148m██[38;2;197;115;107m██[38;2;0;0;0m██          
                            [38;2;0;0;0m██[38;2;0;0;0m██[38;2;0;0;0m██[38;2;0;0;0m██            
