                  [38;2;0;0;0m██[38;2;0;0;0m██                              
                [38;2;0;0;0m██[38;2;189;148;115m██[38;2;189;148;115m██[38;2;0;0;0m██                            
              [38;2;0;0;0m██[38;2;65;65;65m██[38;2;189;148;115m██[38;2;189;148;115m██[38;2;65;65;65m██[38;2;0;0;0m██                          
            [38;2;0;0;0m██[38;2;189;148;115m██[38;2;65;65;65m██[38;2;189;148;115m██[38;2;189;148;115m██[38;2;65;65;65m██[38;2;189;148;115m██[38;2;0;0;0m██                        
            [38;2;0;0;0m██[38;2;189;148;115m██[38;2;65;65;65m██[38;2;189;148;115m██[38;2;156;115;82m██[38;2;189;148;115m██[38;2;189;148;115m██[38;2;0;0;0m██                        
              [38;2;0;0;0m██[38;2;65;65;65m██[38;2;189;148;115m██[38;2;65;65;65m██[38;2;189;148;115m██[38;2;0;0;0m██              [38;2;0;0;0m██[38;2;0;0;0m██[38;2;0;0;0m██      
            [38;2;0;0;0m██[38;2;189;148;115m██[38;2;189;148;115m██[38;2;189;148;115m██[38;2;189;148;115m██[38;2;189;148;115m██[38;2;189;148;115m██[38;2;0;0;0m██        [38;2;0;0;0m██[38;2;0;0;0m██[38;2;189;148;115m██[38;2;189;148;115m██[38;2;189;148;115m██[38;2;0;0;0m██[38;2;0;0;0m██  
          [38;2;0;0;0m██[38;2;189;148;115m██[38;2;189;148;115m██[38;2;156;115;82m██[38;2;65;65;65m██[38;2;189;148;115m██[38;2;189;148;115m██[38;2;189;148;115m██[38;2;189;148;115m██[38;2;0;0;0m██    [38;2;0;0;0m██[38;2;189;148;115m██[38;2;189;148;115m██[38;2;189;148;115m██[38;2;189;148;115m██[38;2;247;247;173m██[38;2;247;247;173m██[38;2;247;247;173m██[38;2;0;0;0m██
  [38;2;0;0;0m██[38;2;0;0;0m██    [38;2;0;0;0m██[38;2;189;148;115m██[38;2;65;65;65m██[38;2;65;65;65m██[38;2;189;148;115m██[38;2;255;255;255m██[38;2;156;115;82m██[38;2;189;148;115m██[38;2;189;148;115m██[38;2;0;0;0m██    [38;2;189;148;115m██[38;2;189;148;115m██[38;2;189;148;115m██[38;2;247;247;173m██[38;2;247;247;173m██[38;2;247;247;173m██[38;2;247;247;173m██[38;2;165;148;66m██[38;2;0;0;0m██
[38;2;0;0;0m██[38;2;255;255;255m██[38;2;255;255;255m██[38;2;0;0;0m██    [38;2;0;0;0m██[38;2;65;65;65m██[38;2;189;148;115m██[38;2;255;255;255m██[38;2;0;0;0m██[38;2;255;255;255m██[38;2;189;148;115m██[38;2;156;115;82m██[38;2;0;0;0m██  [38;2;0;0;0m██[38;2;189;148;115m██[38;2;189;148;115m██[38;2;247;247;173m██[38;2;247;247;173m██[38;2;247;247;173m██[38;2;165;148;66m██[38;2;65;65;65m██[38;2;0;0;0m██  
[38;2;0;0;0m██[38;2;255;255;255m██[38;2;255;255;255m██[38;2;0;0;0m██    [38;2;0;0;0m██[38;2;189;148;115m██[38;2;189;148;115m██[38;2;255;255;255m██[38;2;65;65;65m██[38;2;255;255;255m██[38;2;189;148;115m██[38;2;65;65;65m██[38;2;0;0;0m██[38;2;0;0;0m██[38;2;189;148;115m██[38;2;189;148;115m██[38;2;247;247;173m██[38;2;247;247;173m██[38;2;165;148;66m██[38;2;165;148;66m██[38;2;247;247;173m██[38;2;247;247;173m██[38;2;0;0;0m██  
  [38;2;0;0;0m██[38;2;255;255;255m██[38;2;255;255;255m██[38;2;0;0;0m██[38;2;0;0;0m██[38;2;247;214;49m██[38;2;247;214;49m██[38;2;165;148;66m██[38;2;165;148;66m██[38;2;255;255;255m██[38;2;156;115;82m██[38;2;156;115;82m██[38;2;65;65;65m██[38;2;189;148;115m██[38;2;189;148;115m██[38;2;189;148;115m██[38;2;247;247;173m██[38;2;247;247;173m██[38;2;247;247;173m██[38;2;247;247;173m██[38;2;247;247;173m██[38;2;247;247;173m██[38;2;247;247;173m██[38;2;0;0;0m██  
    [38;2;0;0;0m██[38;2;65;65;65m██[38;2;247;214;49m██[38;2;247;214;49m██[38;2;247;214;49m██[38;2;247;214;49m██[38;2;247;214;49m██[38;2;247;214;49m██[38;2;165;148;66m██[38;2;156;115;82m██[38;2;156;115;82m██[38;2;156;115;82m██[38;2;189;148;115m██[38;2;247;247;173m██[38;2;247;247;173m██[38;2;247;247;173m██[38;2;247;247;173m██[38;2;247;247;173m██[38;2;247;247;173m██[38;2;165;148;66m██[38;2;165;148;66m██[38;2;0;0;0m██    
    [38;2;0;0;0m██[38;2;247;214;49m██[38;2;247;214;49m██[38;2;247;214;49m██[38;2;165;148;66m██[38;2;165;148;66m██[38;2;255;255;255m██[38;2;255;255;255m██[38;2;255;255;255m██[38;2;65;65;65m██[38;2;65;65;65m██[38;2;247;247;173m██[38;2;247;247;173m██[38;2;247;247;173m██[38;2;247;247;173m██[38;2;247;247;173m██[38;2;247;247;173m██[38;2;165;148;66m██[38;2;165;148;66m██[38;2;247;247;173m██[38;2;247;247;173m██[38;2;0;0;0m██    
      [38;2;0;0;0m██[38;2;247;214;49m██[38;2;165;148;66m██[38;2;247;214;49m██[38;2;0;0;0m██[38;2;0;0;0m██[38;2;255;255;255m██[38;2;255;255;255m██[38;2;148;247;74m██[38;2;148;247;74m██[38;2;65;65;65m██[38;2;65;65;65m██[38;2;65;65;65m██[38;2;247;247;173m██[38;2;247;247;173m██[38;2;247;247;173m██[38;2;247;247;173m██[38;2;247;247;173m██[38;2;0;0;0m██[38;2;0;0;0m██      
        [38;2;0;0;0m██[38;2;0;0;0m██[38;2;0;0;0m██    [38;2;0;0;0m██[38;2;0;0;0m██[38;2;123;156;74m██[38;2;156;206;74m██[38;2;148;247;74m██[38;2;148;247;74m██[38;2;156;206;74m██[38;2;65;65;65m██[38;2;65;65;65m██[38;2;0;0;0m██[38;2;0;0;0m██[38;2;0;0;0m██          
                  [38;2;0;0;0m██[38;2;247;247;173m██[38;2;65;65;65m██[38;2;65;65;65m██[38;2;156;206;74m██[38;2;156;206;74m██[38;2;123;156;74m██[38;2;123;156;74m██[38;2;206;197;123m██[38;2;0;0;0m██              
                  [38;2;0;0;0m██[38;2;65;65;65m██[38;2;247;247;173m██[38;2;247;247;173m██[38;2;65;65;65m██[38;2;65;65;65m██[38;2;65;65;65m██[38;2;65;65;65m██[38;2;0;0;0m██                
                [38;2;0;0;0m██[38;2;165;148;66m██[38;2;165;148;66m██[38;2;0;0;0m██[38;2;206;197;123m██[38;2;206;197;123m██[38;2;206;197;123m██[38;2;65;65;65m██[38;2;65;65;65m██[38;2;247;214;49m██[38;2;0;0;0m██              
                  [38;2;0;0;0m██[38;2;0;0;0m██  [38;2;0;0;0m██[38;2;0;0;0m██[38;2;65;65;65m██[38;2;247;214;49m██[38;2;247;214;49m██[38;2;247;214;49m██[38;2;0;0;0m██              
                            [38;2;0;0;0m██[38;2;247;214;49m██[38;2;0;0;0m██[38;2;247;214;49m██[38;2;0;0;0m██              
                              [38;2;0;0;0m██  [38;2;0;0;0m██                
