        [38;2;0;0;0m██[38;2;0;0;0m██    [38;2;0;0;0m██[38;2;0;0;0m██              
        [38;2;0;0;0m██[38;2;148;181;247m██[38;2;0;0;0m██[38;2;0;0;0m██[38;2;148;181;247m██[38;2;0;0;0m██              
        [38;2;0;0;0m██[38;2;148;181;247m██[38;2;148;181;247m██[38;2;148;181;247m██[38;2;148;181;247m██[38;2;0;0;0m██              
        [38;2;0;0;0m██[38;2;107;156;230m██[38;2;148;181;247m██[38;2;65;65;65m██[38;2;148;181;247m██[38;2;0;0;0m██              
        [38;2;0;0;0m██[38;2;74;132;206m██[38;2;148;181;247m██[38;2;65;65;65m██[38;2;148;181;247m██[38;2;0;0;0m██              
          [38;2;0;0;0m██[38;2;148;181;247m██[38;2;65;65;65m██[38;2;0;0;0m██                
          [38;2;0;0;0m██[38;2;107;156;230m██[38;2;107;156;230m██[38;2;0;0;0m██[38;2;0;0;0m██        [38;2;0;0;0m██    
      [38;2;0;0;0m██[38;2;0;0;0m██[38;2;222;197;123m██[38;2;222;197;123m██[38;2;156;132;82m██[38;2;222;197;123m██[38;2;222;197;123m██[38;2;0;0;0m██[38;2;0;0;0m██  [38;2;0;0;0m██[38;2;148;181;247m██[38;2;0;0;0m██  
    [38;2;0;0;0m██[38;2;222;197;123m██[38;2;222;197;123m██[38;2;222;197;123m██[38;2;222;197;123m██[38;2;222;197;123m██[38;2;156;132;82m██[38;2;222;197;123m██[38;2;222;197;123m██[38;2;156;132;82m██[38;2;0;0;0m██[38;2;148;181;247m██[38;2;148;181;247m██[38;2;0;0;0m██  
  [38;2;0;0;0m██[38;2;189;165;90m██[38;2;222;197;123m██[38;2;222;197;123m██[38;2;189;165;90m██[38;2;189;165;90m██[38;2;222;197;123m██[38;2;222;197;123m██[38;2;156;132;82m██[38;2;222;197;123m██[38;2;222;197;123m██[38;2;65;65;65m██[38;2;148;181;247m██[38;2;0;0;0m██    
  [38;2;0;0;0m██[38;2;189;165;90m██[38;2;189;165;90m██[38;2;222;197;123m██[38;2;222;197;123m██[38;2;65;65;65m██[38;2;65;65;65m██[38;2;222;197;123m██[38;2;156;132;82m██[38;2;222;197;123m██[38;2;222;197;123m██[38;2;222;197;123m██[38;2;74;132;206m██[38;2;0;0;0m██    
[38;2;0;0;0m██[38;2;222;197;123m██[38;2;189;165;90m██[38;2;189;165;90m██[38;2;222;197;123m██[38;2;65;65;65m██[38;2;148;148;148m██[38;2;65;65;65m██[38;2;65;65;65m██[38;2;222;197;123m██[38;2;156;132;82m██[38;2;222;197;123m██[38;2;222;197;123m██[38;2;107;156;230m██[38;2;107;156;230m██[38;2;0;0;0m██  
[38;2;0;0;0m██[38;2;222;197;123m██[38;2;222;197;123m██[38;2;222;197;123m██[38;2;222;197;123m██[38;2;65;65;65m██[38;2;255;255;255m██[38;2;148;148;148m██[38;2;65;65;65m██[38;2;222;197;123m██[38;2;156;132;82m██[38;2;222;197;123m██[38;2;222;197;123m██[38;2;65;65;65m██[38;2;74;132;206m██[38;2;0;0;0m██  
[38;2;0;0;0m██[38;2;222;197;123m██[38;2;222;197;123m██[38;2;222;197;123m██[38;2;189;165;90m██[38;2;255;255;255m██[38;2;65;65;65m██[38;2;255;255;255m██[38;2;65;65;65m██[38;2;65;65;65m██[38;2;156;132;82m██[38;2;222;197;123m██[38;2;189;165;90m██[38;2;65;65;65m██[38;2;0;0;0m██    
  [38;2;0;0;0m██[38;2;222;197;123m██[38;2;222;197;123m██[38;2;189;165;90m██[38;2;255;255;255m██[38;2;0;0;0m██[38;2;255;255;255m██[38;2;65;65;65m██[38;2;65;65;65m██[38;2;156;132;82m██[38;2;189;165;90m██[38;2;156;132;82m██[38;2;65;65;65m██[38;2;107;156;230m██[38;2;0;0;0m██  
  [38;2;0;0;0m██[38;2;222;197;123m██[38;2;156;132;82m██[38;2;222;197;123m██[38;2;65;65;65m██[38;2;255;255;255m██[38;2;148;148;148m██[38;2;65;65;65m██[38;2;189;165;90m██[38;2;156;132;82m██[38;2;65;65;65m██[38;2;65;65;65m██[38;2;107;156;230m██[38;2;107;156;230m██[38;2;0;0;0m██  
[38;2;0;0;0m██[38;2;247;140;140m██[38;2;247;140;140m██[38;2;247;140;140m██[38;2;222;197;123m██[38;2;65;65;65m██[38;2;65;65;65m██[38;2;65;65;65m██[38;2;65;65;65m██[38;2;156;132;82m██[38;2;148;181;247m██[38;2;148;181;247m██[38;2;65;65;65m██[38;2;65;65;65m██[38;2;107;156;230m██[38;2;107;156;230m██[38;2;0;0;0m██
[38;2;0;0;0m██[38;2;65;65;65m██[38;2;214;99;107m██[38;2;214;99;107m██[38;2;214;99;107m██[38;2;222;197;123m██[38;2;65;65;65m██[38;2;65;65;65m██[38;2;156;132;82m██[38;2;107;156;230m██[38;2;148;181;247m██[38;2;74;132;206m██[38;2;148;181;247m██[38;2;148;181;247m██[38;2;0;0;0m██[38;2;0;0;0m██  
  [38;2;0;0;0m██[38;2;189;165;90m██[38;2;247;140;140m██[38;2;247;140;140m██[38;2;214;99;107m██[38;2;189;165;90m██[38;2;189;165;90m██[38;2;156;132;82m██[38;2;65;65;65m██[38;2;148;181;247m██[38;2;148;181;247m██[38;2;74;132;206m██[38;2;0;0;0m██      
    [38;2;0;0;0m██[38;2;0;0;0m██[38;2;189;165;90m██[38;2;189;165;90m██[38;2;65;65;65m██[38;2;0;0;0m██[38;2;0;0;0m██[38;2;0;0;0m██[38;2;0;0;0m██[38;2;148;181;247m██[38;2;148;181;247m██[38;2;0;0;0m██      
        [38;2;0;0;0m██[38;2;0;0;0m██[38;2;0;0;0m██        [38;2;0;0;0m██[38;2;0;0;0m██        
