      [38;2;0;0;0m██                          
    [38;2;0;0;0m██[38;2;247;222;99m██[38;2;0;0;0m██                        
  [38;2;0;0;0m██[38;2;197;58;16m██[38;2;247;222;99m██[38;2;0;0;0m██            [38;2;0;0;0m██[38;2;0;0;0m██[38;2;0;0;0m██      
  [38;2;0;0;0m██[38;2;197;58;16m██[38;2;214;189;90m██[38;2;247;222;99m██[38;2;0;0;0m██      [38;2;0;0;0m██[38;2;0;0;0m██[38;2;247;222;99m██[38;2;247;222;99m██[38;2;0;0;0m██      
[38;2;0;0;0m██[38;2;197;58;16m██[38;2;255;74;41m██[38;2;197;58;16m██[38;2;247;222;99m██[38;2;0;0;0m██    [38;2;0;0;0m██[38;2;247;222;99m██[38;2;247;222;99m██[38;2;247;222;99m██[38;2;197;58;16m██[38;2;197;58;16m██[38;2;0;0;0m██    
[38;2;0;0;0m██[38;2;255;74;41m██[38;2;255;74;41m██[38;2;197;58;16m██[38;2;247;222;99m██[38;2;0;0;0m██  [38;2;0;0;0m██[38;2;247;222;99m██[38;2;247;222;99m██[38;2;197;58;16m██[38;2;197;58;16m██[38;2;255;74;41m██[38;2;255;74;41m██[38;2;0;0;0m██    
[38;2;0;0;0m██[38;2;255;74;41m██[38;2;255;74;41m██[38;2;255;74;41m██[38;2;148;123;58m██[38;2;65;65;65m██[38;2;0;0;0m██[38;2;247;222;99m██[38;2;247;222;99m██[38;2;197;58;16m██[38;2;255;74;41m██[38;2;255;74;41m██[38;2;197;58;16m██[38;2;0;0;0m██      
  [38;2;0;0;0m██[38;2;197;58;16m██[38;2;65;65;65m██[38;2;214;189;90m██[38;2;247;222;99m██[38;2;214;189;90m██[38;2;247;222;99m██[38;2;197;58;16m██[38;2;255;74;41m██[38;2;255;74;41m██[38;2;255;74;41m██[38;2;255;74;41m██[38;2;0;0;0m██  [38;2;0;0;0m██  
    [38;2;0;0;0m██[38;2;247;222;99m██[38;2;247;222;99m██[38;2;247;222;99m██[38;2;247;222;99m██[38;2;247;222;99m██[38;2;197;58;16m██[38;2;255;74;41m██[38;2;255;74;41m██[38;2;255;74;41m██[38;2;65;65;65m██[38;2;0;0;0m██[38;2;0;0;0m██[38;2;255;74;41m██[38;2;0;0;0m██
  [38;2;0;0;0m██[38;2;214;189;90m██[38;2;247;222;99m██[38;2;247;222;99m██[38;2;247;222;99m██[38;2;247;222;99m██[38;2;247;222;99m██[38;2;247;222;99m██[38;2;197;58;16m██[38;2;65;65;65m██[38;2;65;65;65m██[38;2;148;123;58m██[38;2;247;222;99m██[38;2;255;74;41m██[38;2;255;74;41m██[38;2;0;0;0m██
  [38;2;0;0;0m██[38;2;247;222;99m██[38;2;247;222;99m██[38;2;247;222;99m██[38;2;65;65;65m██[38;2;65;65;65m██[38;2;247;222;99m██[38;2;247;222;99m██[38;2;255;255;255m██[38;2;255;255;255m██[38;2;65;65;65m██[38;2;247;222;99m██[38;2;247;222;99m██[38;2;247;222;99m██[38;2;247;222;99m██[38;2;0;0;0m██
[38;2;0;0;0m██[38;2;65;65;65m██[38;2;255;255;255m██[38;2;247;222;99m██[38;2;65;65;65m██[38;2;255;255;255m██[38;2;197;58;16m██[38;2;247;222;99m██[38;2;255;255;255m██[38;2;255;255;255m██[38;2;65;65;65m██[38;2;148;123;58m██[38;2;247;222;99m██[38;2;247;222;99m██[38;2;247;222;99m██[38;2;247;222;99m██[38;2;0;0;0m██
[38;2;0;0;0m██[38;2;255;255;255m██[38;2;255;255;255m██[38;2;255;255;255m██[38;2;255;255;255m██[38;2;197;58;16m██[38;2;255;74;41m██[38;2;255;255;255m██[38;2;214;214;214m██[38;2;65;65;65m██[38;2;214;189;90m██[38;2;247;222;99m██[38;2;148;123;58m██[38;2;247;222;99m██[38;2;247;222;99m██[38;2;148;123;58m██[38;2;0;0;0m██
  [38;2;0;0;0m██[38;2;0;0;0m██[38;2;255;255;255m██[38;2;255;255;255m██[38;2;214;214;214m██[38;2;214;214;214m██[38;2;65;65;65m██[38;2;65;65;65m██[38;2;214;189;90m██[38;2;247;222;99m██[38;2;247;222;99m██[38;2;148;123;58m██[38;2;148;123;58m██[38;2;0;0;0m██[38;2;0;0;0m██  
      [38;2;0;0;0m██[38;2;0;0;0m██[38;2;65;65;65m██[38;2;65;65;65m██[38;2;214;189;90m██[38;2;214;189;90m██[38;2;247;222;99m██[38;2;148;123;58m██[38;2;247;222;99m██[38;2;247;222;99m██[38;2;0;0;0m██      
          [38;2;0;0;0m██[38;2;214;189;90m██[38;2;148;123;58m██[38;2;247;222;99m██[38;2;247;222;99m██[38;2;0;0;0m██[38;2;0;0;0m██[38;2;247;222;99m██[38;2;0;0;0m██      
        [38;2;0;0;0m██[38;2;214;189;90m██[38;2;148;123;58m██[38;2;65;65;65m██[38;2;247;222;99m██[38;2;0;0;0m██  [38;2;0;0;0m██[38;2;0;0;0m██        
          [38;2;0;0;0m██[38;2;0;0;0m██[38;2;247;222;99m██[38;2;214;189;90m██[38;2;0;0;0m██              
              [38;2;0;0;0m██[38;2;0;0;0m██                
