                                  [38;2;0;0;0m██[38;2;0;0;0m██      
                                [38;2;0;0;0m██[38;2;107;107;107m██[38;2;0;0;0m██  [38;2;0;0;0m██[38;2;0;0;0m██
                              [38;2;0;0;0m██[38;2;255;255;255m██[38;2;107;107;107m██[38;2;0;0;0m██[38;2;0;0;0m██[38;2;107;107;107m██[38;2;0;0;0m██
                              [38;2;0;0;0m██[38;2;255;255;255m██[38;2;107;107;107m██[38;2;107;107;107m██[38;2;107;107;107m██[38;2;107;107;107m██[38;2;0;0;0m██
              [38;2;0;0;0m██[38;2;0;0;0m██[38;2;0;0;0m██[38;2;0;0;0m██[38;2;0;0;0m██    [38;2;0;0;0m██[38;2;255;255;255m██[38;2;107;107;107m██[38;2;165;189;189m██[38;2;255;255;255m██[38;2;255;255;255m██[38;2;107;107;107m██[38;2;0;0;0m██
          [38;2;0;0;0m██[38;2;0;0;0m██[38;2;230;123;82m██[38;2;230;123;82m██[38;2;230;123;82m██[38;2;230;123;82m██[38;2;0;0;0m██  [38;2;0;0;0m██[38;2;0;0;0m██[38;2;255;255;255m██[38;2;107;107;107m██[38;2;107;107;107m██[38;2;107;107;107m██[38;2;107;107;107m██[38;2;0;0;0m██  
        [38;2;0;0;0m██[38;2;230;123;82m██[38;2;230;123;82m██[38;2;230;123;82m██[38;2;230;123;82m██[38;2;230;123;82m██[38;2;0;0;0m██    [38;2;0;0;0m██[38;2;107;107;107m██[38;2;65;65;65m██[38;2;165;189;189m██[38;2;255;255;255m██[38;2;255;255;255m██[38;2;107;107;107m██[38;2;0;0;0m██  
      [38;2;0;0;0m██[38;2;230;123;82m██[38;2;230;123;82m██[38;2;230;123;82m██[38;2;230;123;82m██[38;2;230;123;82m██[38;2;230;123;82m██[38;2;230;123;82m██[38;2;0;0;0m██  [38;2;0;0;0m██[38;2;65;65;65m██[38;2;107;107;107m██[38;2;107;107;107m██[38;2;107;107;107m██[38;2;107;107;107m██[38;2;0;0;0m██    
      [38;2;0;0;0m██[38;2;230;123;82m██[38;2;230;123;82m██[38;2;230;123;82m██[38;2;230;123;82m██[38;2;230;123;82m██[38;2;230;123;82m██[38;2;230;123;82m██[38;2;206;90;49m██[38;2;0;0;0m██[38;2;206;90;49m██[38;2;230;123;82m██[38;2;206;90;49m██[38;2;107;107;107m██[38;2;107;107;107m██[38;2;65;65;65m██[38;2;0;0;0m██[38;2;0;0;0m██  
    [38;2;0;0;0m██[38;2;230;123;82m██[38;2;230;123;82m██[38;2;230;123;82m██[38;2;230;123;82m██[38;2;230;123;82m██[38;2;206;90;49m██[38;2;255;197;82m██[38;2;230;123;82m██[38;2;230;123;82m██[38;2;230;123;82m██[38;2;230;123;82m██[38;2;206;90;49m██[38;2;65;65;65m██[38;2;65;65;65m██[38;2;65;65;65m██[38;2;148;123;58m██[38;2;255;197;82m██[38;2;0;0;0m██[38;2;0;0;0m██
    [38;2;0;0;0m██[38;2;230;123;82m██[38;2;230;123;82m██[38;2;173;74;58m██[38;2;230;123;82m██[38;2;0;0;0m██[38;2;255;197;82m██[38;2;255;197;82m██[38;2;230;123;82m██[38;2;230;123;82m██[38;2;230;123;82m██[38;2;65;65;65m██[38;2;65;65;65m██[38;2;107;107;107m██[38;2;107;107;107m██[38;2;255;197;82m██[38;2;255;197;82m██[38;2;255;197;82m██[38;2;255;197;82m██[38;2;0;0;0m██
  [38;2;0;0;0m██[38;2;107;107;107m██[38;2;65;65;65m██[38;2;65;65;65m██[38;2;206;90;49m██[38;2;255;255;255m██[38;2;65;65;65m██[38;2;255;197;82m██[38;2;230;123;82m██[38;2;230;123;82m██[38;2;230;123;82m██[38;2;65;65;65m██[38;2;107;107;107m██[38;2;107;107;107m██[38;2;107;107;107m██[38;2;107;107;107m██[38;2;107;107;107m██[38;2;255;197;82m██[38;2;255;197;82m██[38;2;0;0;0m██  
[38;2;0;0;0m██[38;2;107;107;107m██[38;2;0;0;0m██[38;2;0;0;0m██[38;2;230;123;82m██[38;2;230;123;82m██[38;2;65;65;65m██[38;2;65;65;65m██[38;2;230;123;82m██[38;2;230;123;82m██[38;2;230;123;82m██[38;2;65;65;65m██[38;2;107;107;107m██[38;2;107;107;107m██[38;2;107;107;107m██[38;2;107;107;107m██[38;2;107;107;107m██[38;2;255;197;82m██[38;2;255;197;82m██[38;2;0;0;0m██    
        [38;2;0;0;0m██[38;2;206;90;49m██[38;2;230;123;82m██[38;2;230;123;82m██[38;2;165;189;189m██[38;2;165;189;189m██[38;2;230;123;82m██[38;2;65;65;65m██[38;2;107;107;107m██[38;2;107;107;107m██[38;2;107;107;107m██[38;2;107;107;107m██[38;2;107;107;107m██[38;2;148;123;58m██[38;2;0;0;0m██      
        [38;2;0;0;0m██[38;2;107;107;107m██[38;2;165;189;189m██[38;2;230;123;82m██[38;2;230;123;82m██[38;2;165;189;189m██[38;2;165;189;189m██[38;2;165;189;189m██[38;2;65;65;65m██[38;2;107;107;107m██[38;2;107;107;107m██[38;2;107;107;107m██[38;2;0;0;0m██[38;2;0;0;0m██        
          [38;2;0;0;0m██[38;2;132;156;148m██[38;2;165;189;189m██[38;2;230;123;82m██[38;2;165;189;189m██[38;2;165;189;189m██[38;2;165;189;189m██[38;2;165;189;189m██[38;2;65;65;65m██[38;2;0;0;0m██[38;2;0;0;0m██            
            [38;2;0;0;0m██[38;2;65;65;65m██[38;2;165;189;189m██[38;2;132;156;148m██[38;2;99;123;123m██[38;2;165;189;189m██[38;2;99;123;123m██[38;2;165;189;189m██[38;2;0;0;0m██              
            [38;2;0;0;0m██[38;2;0;0;0m██[38;2;0;0;0m██[38;2;65;65;65m██[38;2;165;189;189m██[38;2;65;65;65m██[38;2;107;107;107m██[38;2;0;0;0m██[38;2;0;0;0m██              
                  [38;2;0;0;0m██[38;2;0;0;0m██[38;2;107;107;107m██[38;2;0;0;0m██                  
                    [38;2;0;0;0m██[38;2;0;0;0m██                    
