          [38;2;0;0;0m██[38;2;0;0;0m██                                      
        [38;2;0;0;0m██[38;2;255;156;140m██[38;2;255;156;140m██[38;2;0;0;0m██    [38;2;0;0;0m██[38;2;0;0;0m██[38;2;0;0;0m██    [38;2;0;0;0m██[38;2;0;0;0m██                  
    [38;2;0;0;0m██[38;2;0;0;0m██[38;2;255;206;173m██[38;2;255;156;140m██[38;2;214;107;0m██[38;2;214;107;0m██[38;2;0;0;0m██[38;2;0;0;0m██[38;2;255;140;16m██[38;2;255;140;16m██[38;2;255;140;16m██[38;2;0;0;0m██[38;2;0;0;0m██[38;2;255;156;140m██[38;2;255;156;140m██[38;2;0;0;0m██[38;2;0;0;0m██              
  [38;2;0;0;0m██[38;2;255;156;140m██[38;2;255;156;140m██[38;2;255;156;140m██[38;2;214;107;0m██[38;2;255;140;16m██[38;2;65;65;65m██[38;2;255;140;16m██[38;2;255;140;16m██[38;2;189;99;239m██[38;2;255;206;173m██[38;2;255;140;16m██[38;2;255;140;16m██[38;2;65;65;65m██[38;2;255;156;140m██[38;2;255;156;140m██[38;2;255;206;173m██[38;2;255;156;140m██[38;2;0;0;0m██            
  [38;2;0;0;0m██[38;2;255;156;140m██[38;2;255;206;173m██[38;2;65;65;65m██[38;2;255;140;16m██[38;2;65;65;65m██[38;2;66;189;148m██[38;2;65;65;65m██[38;2;255;140;16m██[38;2;255;140;16m██[38;2;255;206;173m██[38;2;255;206;173m██[38;2;65;65;65m██[38;2;255;140;16m██[38;2;214;107;0m██[38;2;255;156;140m██[38;2;255;156;140m██[38;2;255;156;140m██[38;2;0;0;0m██            
[38;2;0;0;0m██[38;2;255;156;140m██[38;2;65;65;65m██[38;2;65;65;65m██[38;2;255;140;16m██[38;2;65;65;65m██[38;2;66;189;148m██[38;2;49;140;107m██[38;2;65;65;65m██[38;2;65;65;65m██[38;2;65;65;65m██[38;2;255;140;16m██[38;2;65;65;65m██[38;2;66;189;148m██[38;2;65;65;65m██[38;2;255;140;16m██[38;2;214;107;0m██[38;2;214;107;0m██[38;2;255;156;140m██[38;2;255;206;173m██[38;2;0;0;0m██          
[38;2;0;0;0m██[38;2;65;65;65m██[38;2;214;107;0m██[38;2;255;206;173m██[38;2;255;140;16m██[38;2;65;65;65m██[38;2;66;189;148m██[38;2;65;65;65m██[38;2;255;255;255m██[38;2;255;255;255m██[38;2;255;255;255m██[38;2;65;65;65m██[38;2;65;65;65m██[38;2;66;189;148m██[38;2;65;65;65m██[38;2;255;140;16m██[38;2;255;140;16m██[38;2;255;140;16m██[38;2;214;107;0m██[38;2;255;156;140m██[38;2;255;156;140m██[38;2;0;0;0m██        
  [38;2;0;0;0m██[38;2;255;140;16m██[38;2;255;140;16m██[38;2;65;65;65m██[38;2;66;189;148m██[38;2;49;140;107m██[38;2;255;255;255m██[38;2;255;255;255m██[38;2;206;206;206m██[38;2;206;206;206m██[38;2;206;206;206m██[38;2;49;140;107m██[38;2;66;189;148m██[38;2;65;65;65m██[38;2;255;140;16m██[38;2;255;140;16m██[38;2;255;140;16m██[38;2;214;107;0m██[38;2;255;156;140m██[38;2;255;156;140m██[38;2;0;0;0m██        
  [38;2;0;0;0m██[38;2;255;140;16m██[38;2;65;65;65m██[38;2;65;65;65m██[38;2;66;189;148m██[38;2;255;255;255m██[38;2;255;255;255m██[38;2;206;206;206m██[38;2;255;255;255m██[38;2;255;255;255m██[38;2;49;140;107m██[38;2;66;189;148m██[38;2;65;65;65m██[38;2;255;140;16m██[38;2;255;140;16m██[38;2;255;140;16m██[38;2;214;107;0m██[38;2;65;65;65m██[38;2;255;156;140m██[38;2;255;206;173m██[38;2;0;0;0m██        
[38;2;0;0;0m██[38;2;214;107;0m██[38;2;65;65;65m██[38;2;206;206;206m██[38;2;255;255;255m██[38;2;49;140;107m██[38;2;255;255;255m██[38;2;206;206;206m██[38;2;255;255;255m██[38;2;49;140;107m██[38;2;49;140;107m██[38;2;66;189;148m██[38;2;165;165;165m██[38;2;65;65;65m██[38;2;214;107;0m██[38;2;255;140;16m██[38;2;189;99;239m██[38;2;255;140;16m██[38;2;255;140;16m██[38;2;65;65;65m██[38;2;255;156;140m██[38;2;255;156;140m██[38;2;0;0;0m██      
[38;2;0;0;0m██[38;2;65;65;65m██[38;2;255;255;255m██[38;2;255;255;255m██[38;2;65;65;65m██[38;2;65;65;65m██[38;2;255;255;255m██[38;2;255;255;255m██[38;2;49;140;107m██[38;2;66;189;148m██[38;2;66;189;148m██[38;2;255;255;255m██[38;2;206;206;206m██[38;2;255;255;255m██[38;2;65;65;65m██[38;2;255;140;16m██[38;2;255;140;16m██[38;2;255;140;16m██[38;2;255;140;16m██[38;2;65;65;65m██[38;2;0;0;0m██[38;2;255;156;140m██[38;2;0;0;0m██      
[38;2;0;0;0m██[38;2;214;107;0m██[38;2;65;65;65m██[38;2;65;65;65m██[38;2;65;65;65m██[38;2;255;255;255m██[38;2;255;255;255m██[38;2;255;255;255m██[38;2;65;65;65m██[38;2;0;0;0m██[38;2;255;255;255m██[38;2;165;165;165m██[38;2;65;65;65m██[38;2;255;255;255m██[38;2;255;255;255m██[38;2;65;65;65m██[38;2;214;107;0m██[38;2;214;107;0m██[38;2;65;65;65m██[38;2;0;0;0m██  [38;2;0;0;0m██        
  [38;2;0;0;0m██[38;2;214;107;0m██[38;2;255;140;16m██[38;2;255;140;16m██[38;2;65;65;65m██[38;2;165;165;165m██[38;2;255;255;255m██[38;2;255;255;255m██[38;2;206;206;206m██[38;2;214;107;0m██[38;2;214;107;0m██[38;2;255;140;16m██[38;2;65;65;65m██[38;2;255;255;255m██[38;2;255;255;255m██[38;2;65;65;65m██[38;2;255;156;140m██[38;2;255;156;140m██[38;2;0;0;0m██        [38;2;0;0;0m██[38;2;0;0;0m██
  [38;2;0;0;0m██[38;2;255;156;140m██[38;2;214;107;0m██[38;2;255;140;16m██[38;2;255;140;16m██[38;2;65;65;65m██[38;2;65;65;65m██[38;2;65;65;65m██[38;2;214;107;0m██[38;2;255;140;16m██[38;2;255;140;16m██[38;2;255;140;16m██[38;2;65;65;65m██[38;2;255;255;255m██[38;2;255;255;255m██[38;2;65;65;65m██[38;2;255;206;173m██[38;2;255;156;140m██[38;2;255;156;140m██[38;2;0;0;0m██    [38;2;0;0;0m██[38;2;66;189;148m██[38;2;0;0;0m██
[38;2;0;0;0m██[38;2;255;206;173m██[38;2;255;156;140m██[38;2;65;65;65m██[38;2;214;107;0m██[38;2;255;140;16m██[38;2;255;140;16m██[38;2;255;140;16m██[38;2;255;140;16m██[38;2;255;140;16m██[38;2;255;140;16m██[38;2;189;99;239m██[38;2;255;140;16m██[38;2;255;140;16m██[38;2;0;0;0m██[38;2;65;65;65m██[38;2;255;156;140m██[38;2;255;156;140m██[38;2;255;156;140m██[38;2;214;107;0m██[38;2;0;0;0m██    [38;2;0;0;0m██[38;2;66;189;148m██[38;2;0;0;0m██
[38;2;0;0;0m██[38;2;255;156;140m██[38;2;0;0;0m██[38;2;0;0;0m██[38;2;65;65;65m██[38;2;65;65;65m██[38;2;206;206;206m██[38;2;41;90;66m██[38;2;65;65;65m██[38;2;65;65;65m██[38;2;214;107;0m██[38;2;214;107;0m██[38;2;65;65;65m██[38;2;0;0;0m██  [38;2;0;0;0m██[38;2;214;107;0m██[38;2;255;156;140m██[38;2;255;156;140m██[38;2;255;206;173m██[38;2;0;0;0m██[38;2;0;0;0m██[38;2;0;0;0m██[38;2;66;189;148m██[38;2;0;0;0m██  
  [38;2;0;0;0m██  [38;2;0;0;0m██[38;2;206;206;206m██[38;2;206;206;206m██[38;2;41;90;66m██[38;2;41;90;66m██[38;2;65;65;65m██[38;2;66;189;148m██[38;2;65;65;65m██[38;2;206;206;206m██[38;2;0;0;0m██      [38;2;0;0;0m██[38;2;255;156;140m██[38;2;214;107;0m██[38;2;41;90;66m██[38;2;66;189;148m██[38;2;66;189;148m██[38;2;49;140;107m██[38;2;0;0;0m██    
        [38;2;0;0;0m██[38;2;65;65;65m██[38;2;49;140;107m██[38;2;41;90;66m██[38;2;66;189;148m██[38;2;66;189;148m██[38;2;65;65;65m██[38;2;255;255;255m██[38;2;255;255;255m██[38;2;0;0;0m██    [38;2;0;0;0m██[38;2;255;156;140m██[38;2;41;90;66m██[38;2;66;189;148m██[38;2;66;189;148m██[38;2;49;140;107m██[38;2;66;189;148m██[38;2;0;0;0m██    
          [38;2;0;0;0m██[38;2;49;140;107m██[38;2;49;140;107m██[38;2;41;90;66m██[38;2;66;189;148m██[38;2;66;189;148m██[38;2;65;65;65m██[38;2;255;255;255m██[38;2;255;255;255m██[38;2;0;0;0m██[38;2;0;0;0m██[38;2;41;90;66m██[38;2;255;206;173m██[38;2;41;90;66m██[38;2;49;140;107m██[38;2;49;140;107m██[38;2;66;189;148m██[38;2;0;0;0m██      
          [38;2;0;0;0m██[38;2;49;140;107m██[38;2;49;140;107m██[38;2;49;140;107m██[38;2;41;90;66m██[38;2;41;90;66m██[38;2;49;140;107m██[38;2;65;65;65m██[38;2;65;65;65m██[38;2;41;90;66m██[38;2;49;140;107m██[38;2;41;90;66m██[38;2;41;90;66m██[38;2;49;140;107m██[38;2;66;189;148m██[38;2;66;189;148m██[38;2;0;0;0m██        
            [38;2;0;0;0m██[38;2;0;0;0m██[38;2;49;140;107m██[38;2;49;140;107m██[38;2;41;90;66m██[38;2;49;140;107m██[38;2;41;90;66m██[38;2;66;189;148m██[38;2;66;189;148m██[38;2;49;140;107m██[38;2;66;189;148m██[38;2;66;189;148m██[38;2;66;189;148m██[38;2;0;0;0m██[38;2;0;0;0m██          
                [38;2;0;0;0m██[38;2;49;140;107m██[38;2;41;90;66m██[38;2;41;90;66m██[38;2;41;90;66m██[38;2;49;140;107m██[38;2;49;140;107m██[38;2;0;0;0m██[38;2;0;0;0m██[38;2;0;0;0m██[38;2;0;0;0m██              
                  [38;2;0;0;0m██[38;2;49;140;107m██[38;2;41;90;66m██[38;2;49;140;107m██[38;2;0;0;0m██[38;2;0;0;0m██                      
                [38;2;0;0;0m██[38;2;49;140;107m██[38;2;0;0;0m██[38;2;0;0;0m██[38;2;66;189;148m██[38;2;0;0;0m██                        
                [38;2;0;0;0m██[38;2;0;0;0m██  [38;2;0;0;0m██[38;2;66;189;148m██[38;2;66;189;148m██[38;2;0;0;0m██                      
                        [38;2;0;0;0m██[38;2;66;189;148m██[38;2;0;0;0m██                      
                          [38;2;0;0;0m██[38;2;0;0;0m██                      
