                    [38;2;0;0;0m██                            
                  [38;2;0;0;0m██[38;2;115;214;99m██[38;2;0;0;0m██                          
                  [38;2;0;0;0m██[38;2;115;214;99m██[38;2;99;156;99m██[38;2;0;0;0m██                        
                [38;2;0;0;0m██[38;2;115;214;99m██[38;2;99;156;99m██[38;2;99;156;99m██[38;2;82;123;74m██[38;2;0;0;0m██                      
              [38;2;0;0;0m██[38;2;0;0;0m██[38;2;115;214;99m██[38;2;99;156;99m██[38;2;99;156;99m██[38;2;82;123;74m██[38;2;0;0;0m██[38;2;0;0;0m██                    
            [38;2;0;0;0m██[38;2;99;156;99m██[38;2;115;214;99m██[38;2;99;156;99m██[38;2;99;156;99m██[38;2;99;156;99m██[38;2;99;156;99m██[38;2;65;65;65m██[38;2;99;156;99m██[38;2;0;0;0m██                  
          [38;2;0;0;0m██[38;2;115;214;99m██[38;2;115;214;99m██[38;2;115;214;99m██[38;2;115;214;99m██[38;2;99;156;99m██[38;2;99;156;99m██[38;2;99;156;99m██[38;2;99;156;99m██[38;2;65;65;65m██[38;2;99;156;99m██[38;2;0;0;0m██                
  [38;2;0;0;0m██[38;2;0;0;0m██[38;2;0;0;0m██[38;2;0;0;0m██[38;2;65;65;65m██[38;2;115;214;99m██[38;2;115;214;99m██[38;2;115;214;99m██[38;2;115;214;99m██[38;2;99;156;99m██[38;2;123;123;123m██[38;2;123;123;123m██[38;2;99;156;99m██[38;2;65;65;65m██[38;2;99;156;99m██[38;2;0;0;0m██                
[38;2;0;0;0m██[38;2;230;58;66m██[38;2;230;58;66m██[38;2;189;189;189m██[38;2;65;65;65m██[38;2;115;214;99m██[38;2;115;214;99m██[38;2;115;214;99m██[38;2;115;214;99m██[38;2;115;214;99m██[38;2;123;123;123m██[38;2;65;65;65m██[38;2;0;0;0m██[38;2;99;156;99m██[38;2;65;65;65m██[38;2;99;156;99m██[38;2;99;156;99m██[38;2;0;0;0m██              
  [38;2;0;0;0m██[38;2;0;0;0m██[38;2;123;123;123m██[38;2;65;65;65m██[38;2;115;214;99m██[38;2;115;214;99m██[38;2;115;214;99m██[38;2;115;214;99m██[38;2;99;156;99m██[38;2;65;65;65m██[38;2;230;58;66m██[38;2;0;0;0m██[38;2;99;156;99m██[38;2;65;65;65m██[38;2;65;65;65m██[38;2;65;65;65m██[38;2;0;0;0m██[38;2;0;0;0m██            
      [38;2;0;0;0m██[38;2;0;0;0m██[38;2;99;156;99m██[38;2;115;214;99m██[38;2;115;214;99m██[38;2;123;123;123m██[38;2;65;65;65m██[38;2;0;0;0m██[38;2;230;58;66m██[38;2;65;65;65m██[38;2;189;189;189m██[38;2;189;189;189m██[38;2;189;189;189m██[38;2;230;58;66m██[38;2;230;58;66m██[38;2;230;58;66m██[38;2;0;0;0m██      [38;2;0;0;0m██[38;2;0;0;0m██
          [38;2;0;0;0m██[38;2;123;123;123m██[38;2;123;123;123m██[38;2;123;123;123m██[38;2;65;65;65m██[38;2;230;58;66m██[38;2;189;189;189m██[38;2;189;189;189m██[38;2;189;189;189m██[38;2;123;123;123m██[38;2;65;65;65m██[38;2;65;65;65m██[38;2;65;65;65m██[38;2;0;0;0m██      [38;2;0;0;0m██[38;2;230;58;66m██[38;2;0;0;0m██
            [38;2;0;0;0m██[38;2;123;123;123m██[38;2;65;65;65m██[38;2;0;0;0m██[38;2;0;0;0m██[38;2;65;65;65m██[38;2;82;123;74m██[38;2;82;123;74m██[38;2;65;65;65m██[38;2;82;123;74m██[38;2;82;123;74m██[38;2;99;156;99m██[38;2;0;0;0m██    [38;2;0;0;0m██[38;2;230;58;66m██[38;2;230;58;66m██[38;2;0;0;0m██
              [38;2;0;0;0m██[38;2;0;0;0m██[38;2;82;123;74m██[38;2;82;123;74m██[38;2;99;156;99m██[38;2;99;156;99m██[38;2;65;65;65m██[38;2;65;65;65m██[38;2;82;123;74m██[38;2;99;156;99m██[38;2;115;214;99m██[38;2;115;214;99m██[38;2;0;0;0m██[38;2;0;0;0m██[38;2;123;123;123m██[38;2;123;123;123m██[38;2;230;58;66m██[38;2;0;0;0m██
                  [38;2;0;0;0m██[38;2;99;156;99m██[38;2;99;156;99m██[38;2;65;65;65m██[38;2;65;65;65m██[38;2;123;123;123m██[38;2;65;65;65m██[38;2;99;156;99m██[38;2;65;65;65m██[38;2;230;58;66m██[38;2;65;65;65m██[38;2;123;123;123m██[38;2;123;123;123m██[38;2;123;123;123m██[38;2;0;0;0m██  
                [38;2;0;0;0m██[38;2;107;107;107m██[38;2;65;65;65m██[38;2;65;65;65m██[38;2;65;65;65m██[38;2;123;123;123m██[38;2;123;123;123m██[38;2;123;123;123m██[38;2;65;65;65m██[38;2;230;58;66m██[38;2;65;65;65m██[38;2;230;58;66m██[38;2;65;65;65m██[38;2;123;123;123m██[38;2;107;107;107m██[38;2;0;0;0m██  
              [38;2;0;0;0m██[38;2;230;58;66m██[38;2;65;65;65m██[38;2;107;107;107m██[38;2;65;65;65m██[38;2;107;107;107m██[38;2;107;107;107m██[38;2;123;123;123m██[38;2;65;65;65m██[38;2;65;65;65m██[38;2;107;107;107m██[38;2;107;107;107m██[38;2;107;107;107m██[38;2;123;123;123m██[38;2;65;65;65m██[38;2;0;0;0m██    
              [38;2;0;0;0m██[38;2;0;0;0m██[38;2;230;58;66m██[38;2;107;107;107m██[38;2;107;107;107m██[38;2;0;0;0m██[38;2;0;0;0m██[38;2;65;65;65m██[38;2;123;123;123m██[38;2;123;123;123m██[38;2;107;107;107m██[38;2;107;107;107m██[38;2;65;65;65m██[38;2;0;0;0m██[38;2;0;0;0m██      
                [38;2;0;0;0m██[38;2;0;0;0m██[38;2;0;0;0m██[38;2;0;0;0m██    [38;2;0;0;0m██[38;2;230;58;66m██[38;2;65;65;65m██[38;2;123;123;123m██[38;2;123;123;123m██[38;2;0;0;0m██          
                            [38;2;0;0;0m██[38;2;0;0;0m██[38;2;230;58;66m██[38;2;65;65;65m██[38;2;230;58;66m██[38;2;0;0;0m██          
                                [38;2;0;0;0m██[38;2;0;0;0m██[38;2;0;0;0m██[38;2;0;0;0m██          
