            [38;2;0;0;0m██[38;2;0;0;0m██[38;2;0;0;0m██[38;2;0;0;0m██[38;2;0;0;0m██                            
        [38;2;0;0;0m██[38;2;0;0;0m██[38;2;222;230;206m██[38;2;222;230;206m██[38;2;222;230;206m██[38;2;222;230;206m██[38;2;222;230;206m██[38;2;0;0;0m██[38;2;0;0;0m██                        
      [38;2;0;0;0m██[38;2;247;99;74m██[38;2;247;99;74m██[38;2;140;66;58m██[38;2;140;66;58m██[38;2;222;230;206m██[38;2;222;230;206m██[38;2;222;230;206m██[38;2;222;230;206m██[38;2;222;230;206m██[38;2;0;0;0m██                      
    [38;2;0;0;0m██[38;2;222;230;206m██[38;2;140;66;58m██[38;2;247;99;74m██[38;2;181;82;66m██[38;2;247;99;74m██[38;2;140;66;58m██[38;2;222;230;206m██[38;2;222;230;206m██[38;2;222;230;206m██[38;2;222;230;206m██[38;2;222;230;206m██[38;2;0;0;0m██                    
  [38;2;0;0;0m██[38;2;222;230;206m██[38;2;222;230;206m██[38;2;140;66;58m██[38;2;181;82;66m██[38;2;247;99;74m██[38;2;181;82;66m██[38;2;140;66;58m██[38;2;140;66;58m██[38;2;140;66;58m██[38;2;222;230;206m██[38;2;222;230;206m██[38;2;222;230;206m██[38;2;222;230;206m██[38;2;0;0;0m██          [38;2;0;0;0m██[38;2;0;0;0m██    
  [38;2;0;0;0m██[38;2;222;230;206m██[38;2;140;66;58m██[38;2;247;99;74m██[38;2;247;99;74m██[38;2;247;99;74m██[38;2;247;99;74m██[38;2;181;82;66m██[38;2;247;99;74m██[38;2;181;82;66m██[38;2;140;66;58m██[38;2;222;230;206m██[38;2;222;230;206m██[38;2;165;173;140m██[38;2;165;173;140m██[38;2;0;0;0m██    [38;2;0;0;0m██[38;2;0;0;0m██[38;2;247;99;74m██[38;2;247;99;74m██[38;2;0;0;0m██  
[38;2;0;0;0m██[38;2;165;173;140m██[38;2;140;66;58m██[38;2;247;99;74m██[38;2;140;66;58m██[38;2;140;66;58m██[38;2;247;99;74m██[38;2;247;99;74m██[38;2;247;99;74m██[38;2;181;82;66m██[38;2;247;99;74m██[38;2;247;99;74m██[38;2;140;66;58m██[38;2;165;173;140m██[38;2;165;173;140m██[38;2;165;173;140m██[38;2;0;0;0m██  [38;2;0;0;0m██[38;2;247;99;74m██[38;2;140;66;58m██[38;2;247;99;74m██[38;2;140;66;58m██[38;2;140;66;58m██[38;2;0;0;0m██
[38;2;0;0;0m██[38;2;0;0;0m██[38;2;181;82;66m██[38;2;140;66;58m██[38;2;181;82;66m██[38;2;140;66;58m██[38;2;247;99;74m██[38;2;247;99;74m██[38;2;247;99;74m██[38;2;247;99;74m██[38;2;247;99;74m██[38;2;247;99;74m██[38;2;140;66;58m██[38;2;165;173;140m██[38;2;165;173;140m██[38;2;65;65;65m██[38;2;0;0;0m██  [38;2;0;0;0m██[38;2;247;99;74m██[38;2;247;99;74m██[38;2;247;99;74m██[38;2;140;66;58m██[38;2;247;99;74m██[38;2;0;0;0m██
  [38;2;0;0;0m██[38;2;181;82;66m██[38;2;65;65;65m██[38;2;65;65;65m██[38;2;65;65;65m██[38;2;74;115;123m██[38;2;74;115;123m██[38;2;247;99;74m██[38;2;247;99;74m██[38;2;247;99;74m██[38;2;140;66;58m██[38;2;165;173;140m██[38;2;165;173;140m██[38;2;0;0;0m██[38;2;0;0;0m██    [38;2;0;0;0m██[38;2;247;99;74m██[38;2;247;99;74m██[38;2;140;66;58m██[38;2;247;99;74m██[38;2;247;99;74m██[38;2;0;0;0m██
    [38;2;0;0;0m██[38;2;65;65;65m██[38;2;65;65;65m██[38;2;74;115;123m██[38;2;0;0;0m██[38;2;214;49;49m██[38;2;255;255;255m██[38;2;140;66;58m██[38;2;247;99;74m██[38;2;140;66;58m██[38;2;65;65;65m██[38;2;0;0;0m██      [38;2;0;0;0m██[38;2;140;66;58m██[38;2;181;82;66m██[38;2;181;82;66m██[38;2;247;99;74m██[38;2;247;99;74m██[38;2;0;0;0m██  
    [38;2;0;0;0m██[38;2;65;65;65m██[38;2;65;65;65m██[38;2;53;53;53m██[38;2;255;255;255m██[38;2;255;255;255m██[38;2;53;53;53m██[38;2;53;53;53m██[38;2;247;99;74m██[38;2;247;99;74m██[38;2;140;66;58m██[38;2;0;0;0m██  [38;2;0;0;0m██[38;2;0;0;0m██[38;2;0;0;0m██[38;2;181;82;66m██[38;2;181;82;66m██[38;2;181;82;66m██[38;2;0;0;0m██[38;2;0;0;0m██    
  [38;2;0;0;0m██[38;2;74;115;123m██[38;2;65;65;65m██[38;2;65;65;65m██[38;2;65;65;65m██[38;2;53;53;53m██[38;2;53;53;53m██[38;2;65;65;65m██[38;2;53;53;53m██[38;2;65;65;65m██[38;2;65;65;65m██[38;2;247;99;74m██[38;2;0;0;0m██[38;2;0;0;0m██[38;2;222;230;206m██[38;2;222;230;206m██[38;2;222;230;206m██[38;2;65;65;65m██[38;2;140;66;58m██[38;2;0;0;0m██        
    [38;2;0;0;0m██[38;2;53;53;53m██[38;2;53;53;53m██[38;2;65;65;65m██[38;2;65;65;65m██[38;2;65;65;65m██[38;2;65;65;65m██[38;2;53;53;53m██[38;2;247;99;74m██[38;2;247;99;74m██[38;2;140;66;58m██[38;2;65;65;65m██[38;2;222;230;206m██[38;2;222;230;206m██[38;2;222;230;206m██[38;2;222;230;206m██[38;2;165;173;140m██[38;2;65;65;65m██          
      [38;2;0;0;0m██[38;2;65;65;65m██[38;2;53;53;53m██[38;2;53;53;53m██[38;2;165;173;140m██[38;2;53;53;53m██[38;2;65;65;65m██[38;2;65;65;65m██[38;2;65;65;65m██[38;2;247;99;74m██[38;2;222;230;206m██[38;2;65;65;65m██[38;2;222;230;206m██[38;2;222;230;206m██[38;2;222;230;206m██[38;2;222;230;206m██[38;2;0;0;0m██          
      [38;2;0;0;0m██[38;2;132;140;107m██[38;2;132;140;107m██[38;2;53;53;53m██[38;2;165;173;140m██[38;2;132;140;107m██[38;2;53;53;53m██[38;2;247;99;74m██[38;2;247;99;74m██[38;2;222;230;206m██[38;2;65;65;65m██[38;2;65;65;65m██[38;2;222;230;206m██[38;2;222;230;206m██[38;2;222;230;206m██[38;2;222;230;206m██[38;2;165;173;140m██[38;2;0;0;0m██        
      [38;2;0;0;0m██[38;2;65;65;65m██[38;2;65;65;65m██[38;2;0;0;0m██[38;2;132;140;107m██[38;2;222;230;206m██[38;2;222;230;206m██[38;2;53;53;53m██[38;2;65;65;65m██[38;2;65;65;65m██[38;2;222;230;206m██[38;2;65;65;65m██[38;2;222;230;206m██[38;2;165;173;140m██[38;2;222;230;206m██[38;2;222;230;206m██[38;2;222;230;206m██[38;2;0;0;0m██        
        [38;2;0;0;0m██[38;2;132;140;107m██[38;2;132;140;107m██[38;2;0;0;0m██[38;2;222;230;206m██[38;2;222;230;206m██[38;2;53;53;53m██[38;2;222;230;206m██[38;2;222;230;206m██[38;2;65;65;65m██[38;2;65;65;65m██[38;2;0;0;0m██[38;2;0;0;0m██[38;2;222;230;206m██[38;2;222;230;206m██[38;2;140;66;58m██[38;2;0;0;0m██        
          [38;2;0;0;0m██[38;2;0;0;0m██[38;2;165;173;140m██[38;2;165;173;140m██[38;2;222;230;206m██[38;2;222;230;206m██[38;2;65;65;65m██[38;2;65;65;65m██[38;2;165;173;140m██[38;2;0;0;0m██    [38;2;0;0;0m██[38;2;140;66;58m██[38;2;181;82;66m██[38;2;181;82;66m██[38;2;0;0;0m██      
            [38;2;0;0;0m██[38;2;140;66;58m██[38;2;140;66;58m██[38;2;65;65;65m██[38;2;222;230;206m██[38;2;222;230;206m██[38;2;222;230;206m██[38;2;0;0;0m██      [38;2;0;0;0m██[38;2;181;82;66m██[38;2;181;82;66m██[38;2;140;66;58m██[38;2;0;0;0m██      
          [38;2;0;0;0m██[38;2;65;65;65m██[38;2;65;65;65m██[38;2;65;65;65m██[38;2;140;66;58m██[38;2;65;65;65m██[38;2;140;66;58m██[38;2;140;66;58m██[38;2;0;0;0m██    [38;2;0;0;0m██[38;2;181;82;66m██[38;2;65;65;65m██[38;2;65;65;65m██[38;2;181;82;66m██[38;2;0;0;0m██      
        [38;2;0;0;0m██[38;2;140;66;58m██[38;2;140;66;58m██[38;2;140;66;58m██[38;2;140;66;58m██[38;2;0;0;0m██[38;2;0;0;0m██[38;2;247;99;74m██[38;2;247;99;74m██[38;2;140;66;58m██[38;2;0;0;0m██  [38;2;0;0;0m██[38;2;0;0;0m██[38;2;65;65;65m██[38;2;65;65;65m██[38;2;0;0;0m██        
        [38;2;0;0;0m██[38;2;65;65;65m██[38;2;65;65;65m██[38;2;140;66;58m██[38;2;0;0;0m██  [38;2;0;0;0m██[38;2;140;66;58m██[38;2;140;66;58m██[38;2;247;99;74m██[38;2;0;0;0m██    [38;2;0;0;0m██[38;2;0;0;0m██[38;2;0;0;0m██          
          [38;2;0;0;0m██[38;2;0;0;0m██[38;2;0;0;0m██  [38;2;0;0;0m██[38;2;247;99;74m██[38;2;247;99;74m██[38;2;247;99;74m██[38;2;140;66;58m██[38;2;0;0;0m██                    
                  [38;2;0;0;0m██[38;2;65;65;65m██[38;2;65;65;65m██[38;2;247;99;74m██[38;2;0;0;0m██                      
                    [38;2;0;0;0m██[38;2;0;0;0m██[38;2;0;0;0m██                        
