            [38;2;0;0;0m██[38;2;0;0;0m██[38;2;0;0;0m██[38;2;0;0;0m██                                
    [38;2;0;0;0m██  [38;2;0;0;0m██[38;2;0;0;0m██[38;2;90;164;82m██[38;2;123;205;115m██[38;2;123;205;115m██[38;2;123;205;115m██[38;2;0;0;0m██[38;2;0;0;0m██                            
  [38;2;0;0;0m██[38;2;189;189;189m██[38;2;0;0;0m██[38;2;123;205;115m██[38;2;90;164;82m██[38;2;123;205;115m██[38;2;123;205;115m██[38;2;123;205;115m██[38;2;123;205;115m██[38;2;123;205;115m██[38;2;123;205;115m██[38;2;0;0;0m██                          
[38;2;0;0;0m██[38;2;189;189;189m██[38;2;65;65;65m██[38;2;123;205;115m██[38;2;90;164;82m██[38;2;123;205;115m██[38;2;123;205;115m██[38;2;123;205;115m██[38;2;65;65;65m██[38;2;65;65;65m██[38;2;123;205;115m██[38;2;123;205;115m██[38;2;123;205;115m██[38;2;0;0;0m██[38;2;0;0;0m██[38;2;0;0;0m██                    
[38;2;0;0;0m██[38;2;189;189;189m██[38;2;65;65;65m██[38;2;90;164;82m██[38;2;123;205;115m██[38;2;123;205;115m██[38;2;90;164;82m██[38;2;123;205;115m██[38;2;65;65;65m██[38;2;255;255;255m██[38;2;65;65;65m██[38;2;123;205;115m██[38;2;65;65;65m██[38;2;65;65;65m██[38;2;189;189;189m██[38;2;0;0;0m██                    
[38;2;0;0;0m██[38;2;0;0;0m██[38;2;123;205;115m██[38;2;90;164;82m██[38;2;123;205;115m██[38;2;90;164;82m██[38;2;123;205;115m██[38;2;123;205;115m██[38;2;65;65;65m██[38;2;189;189;189m██[38;2;255;255;255m██[38;2;65;65;65m██[38;2;255;255;255m██[38;2;255;255;255m██[38;2;0;0;0m██[38;2;0;0;0m██                    
  [38;2;0;0;0m██[38;2;90;164;82m██[38;2;123;205;115m██[38;2;123;205;115m██[38;2;90;164;82m██[38;2;123;205;115m██[38;2;123;205;115m██[38;2;123;205;115m██[38;2;65;65;65m██[38;2;255;255;255m██[38;2;255;255;255m██[38;2;189;189;189m██[38;2;65;65;65m██[38;2;90;164;82m██[38;2;90;164;82m██[38;2;0;0;0m██                  
[38;2;0;0;0m██[38;2;90;164;82m██[38;2;65;65;65m██[38;2;123;205;115m██[38;2;90;164;82m██[38;2;123;205;115m██[38;2;123;205;115m██[38;2;123;205;115m██[38;2;65;65;65m██[38;2;65;65;65m██[38;2;255;255;255m██[38;2;189;189;189m██[38;2;255;255;255m██[38;2;255;255;255m██[38;2;65;65;65m██[38;2;90;164;82m██[38;2;0;0;0m██                  
[38;2;0;0;0m██[38;2;90;164;82m██[38;2;65;65;65m██[38;2;123;205;115m██[38;2;90;164;82m██[38;2;123;205;115m██[38;2;123;205;115m██[38;2;0;0;0m██[38;2;164;74;90m██[38;2;255;255;255m██[38;2;131;131;131m██[38;2;189;189;189m██[38;2;65;65;65m██[38;2;65;65;65m██[38;2;90;164;82m██[38;2;90;164;82m██[38;2;0;0;0m██                  
[38;2;0;0;0m██[38;2;90;164;82m██[38;2;90;164;82m██[38;2;65;65;65m██[38;2;123;205;115m██[38;2;90;164;82m██[38;2;65;65;65m██[38;2;213;90;106m██[38;2;164;74;90m██[38;2;255;255;255m██[38;2;131;131;131m██[38;2;255;255;255m██[38;2;255;255;255m██[38;2;65;65;65m██[38;2;90;164;82m██[38;2;0;0;0m██                    
  [38;2;0;0;0m██[38;2;90;164;82m██[38;2;90;164;82m██[38;2;65;65;65m██[38;2;123;205;115m██[38;2;65;65;65m██[38;2;164;74;90m██[38;2;189;189;189m██[38;2;131;131;131m██[38;2;255;255;255m██[38;2;65;65;65m██[38;2;65;65;65m██[38;2;123;205;115m██[38;2;90;164;82m██[38;2;0;0;0m██          [38;2;0;0;0m██[38;2;0;0;0m██[38;2;0;0;0m██    
    [38;2;0;0;0m██[38;2;65;65;65m██[38;2;131;131;131m██[38;2;65;65;65m██[38;2;189;189;189m██[38;2;255;255;255m██[38;2;255;255;255m██[38;2;255;255;255m██[38;2;65;65;65m██[38;2;65;65;65m██[38;2;213;90;106m██[38;2;90;164;82m██[38;2;0;0;0m██[38;2;189;189;189m██[38;2;0;0;0m██  [38;2;0;0;0m██[38;2;0;0;0m██[38;2;0;0;0m██[38;2;189;189;189m██[38;2;189;189;189m██[38;2;65;65;65m██[38;2;0;0;0m██[38;2;0;0;0m██
    [38;2;0;0;0m██[38;2;131;131;131m██[38;2;131;131;131m██[38;2;65;65;65m██[38;2;65;65;65m██[38;2;65;65;65m██[38;2;189;189;189m██[38;2;65;65;65m██[38;2;213;90;106m██[38;2;213;90;106m██[38;2;164;74;90m██[38;2;0;0;0m██  [38;2;0;0;0m██[38;2;255;255;255m██[38;2;0;0;0m██[38;2;189;189;189m██[38;2;189;189;189m██[38;2;189;189;189m██[38;2;131;131;131m██[38;2;131;131;131m██[38;2;189;189;189m██[38;2;189;189;189m██[38;2;0;0;0m██
  [38;2;0;0;0m██[38;2;131;131;131m██[38;2;131;131;131m██[38;2;0;0;0m██[38;2;0;0;0m██[38;2;164;74;90m██[38;2;164;74;90m██[38;2;164;74;90m██[38;2;213;90;106m██[38;2;213;90;106m██[38;2;213;90;106m██[38;2;65;65;65m██[38;2;65;65;65m██[38;2;0;0;0m██[38;2;131;131;131m██[38;2;255;255;255m██[38;2;255;255;255m██[38;2;65;65;65m██[38;2;131;131;131m██[38;2;131;131;131m██[38;2;189;189;189m██[38;2;189;189;189m██[38;2;189;189;189m██[38;2;0;0;0m██  
  [38;2;0;0;0m██[38;2;0;0;0m██[38;2;0;0;0m██    [38;2;0;0;0m██[38;2;164;74;90m██[38;2;65;65;65m██[38;2;164;74;90m██[38;2;213;90;106m██[38;2;65;65;65m██[38;2;189;189;189m██[38;2;189;189;189m██[38;2;65;65;65m██[38;2;65;65;65m██[38;2;255;255;255m██[38;2;255;255;255m██[38;2;65;65;65m██[38;2;189;189;189m██[38;2;189;189;189m██[38;2;189;189;189m██[38;2;189;189;189m██[38;2;189;189;189m██[38;2;0;0;0m██  
            [38;2;0;0;0m██[38;2;65;65;65m██[38;2;189;189;189m██[38;2;65;65;65m██[38;2;65;65;65m██[38;2;189;189;189m██[38;2;189;189;189m██[38;2;189;189;189m██[38;2;189;189;189m██[38;2;65;65;65m██[38;2;65;65;65m██[38;2;255;255;255m██[38;2;255;255;255m██[38;2;65;65;65m██[38;2;131;131;131m██[38;2;189;189;189m██[38;2;189;189;189m██[38;2;0;0;0m██    
          [38;2;0;0;0m██[38;2;189;189;189m██[38;2;189;189;189m██[38;2;189;189;189m██[38;2;255;255;255m██[38;2;255;255;255m██[38;2;131;131;131m██[38;2;255;255;255m██[38;2;189;189;189m██[38;2;189;189;189m██[38;2;189;189;189m██[38;2;65;65;65m██[38;2;255;255;255m██[38;2;65;65;65m██[38;2;65;65;65m██[38;2;189;189;189m██[38;2;131;131;131m██[38;2;131;131;131m██[38;2;0;0;0m██    
        [38;2;0;0;0m██[38;2;189;189;189m██[38;2;189;189;189m██[38;2;131;131;131m██[38;2;255;255;255m██[38;2;255;255;255m██[38;2;255;255;255m██[38;2;131;131;131m██[38;2;255;255;255m██[38;2;255;255;255m██[38;2;189;189;189m██[38;2;255;255;255m██[38;2;189;189;189m██[38;2;65;65;65m██[38;2;189;189;189m██[38;2;189;189;189m██[38;2;189;189;189m██[38;2;189;189;189m██[38;2;0;0;0m██      
        [38;2;0;0;0m██[38;2;189;189;189m██[38;2;189;189;189m██[38;2;131;131;131m██[38;2;255;255;255m██[38;2;255;255;255m██[38;2;131;131;131m██[38;2;255;255;255m██[38;2;255;255;255m██[38;2;255;255;255m██[38;2;131;131;131m██[38;2;255;255;255m██[38;2;255;255;255m██[38;2;189;189;189m██[38;2;189;189;189m██[38;2;189;189;189m██[38;2;0;0;0m██[38;2;0;0;0m██        
        [38;2;0;0;0m██[38;2;189;189;189m██[38;2;131;131;131m██[38;2;255;255;255m██[38;2;255;255;255m██[38;2;255;255;255m██[38;2;131;131;131m██[38;2;255;255;255m██[38;2;255;255;255m██[38;2;255;255;255m██[38;2;131;131;131m██[38;2;255;255;255m██[38;2;255;255;255m██[38;2;131;131;131m██[38;2;189;189;189m██[38;2;0;0;0m██            
          [38;2;0;0;0m██[38;2;131;131;131m██[38;2;255;255;255m██[38;2;255;255;255m██[38;2;255;255;255m██[38;2;131;131;131m██[38;2;255;255;255m██[38;2;255;255;255m██[38;2;255;255;255m██[38;2;131;131;131m██[38;2;255;255;255m██[38;2;255;255;255m██[38;2;255;255;255m██[38;2;131;131;131m██[38;2;0;0;0m██            
            [38;2;0;0;0m██[38;2;255;255;255m██[38;2;255;255;255m██[38;2;255;255;255m██[38;2;131;131;131m██[38;2;255;255;255m██[38;2;255;255;255m██[38;2;255;255;255m██[38;2;255;255;255m██[38;2;131;131;131m██[38;2;255;255;255m██[38;2;255;255;255m██[38;2;0;0;0m██              
              [38;2;0;0;0m██[38;2;0;0;0m██[38;2;255;255;255m██[38;2;255;255;255m██[38;2;0;0;0m██[38;2;255;255;255m██[38;2;255;255;255m██[38;2;255;255;255m██[38;2;0;0;0m██[38;2;0;0;0m██[38;2;0;0;0m██                
                  [38;2;0;0;0m██[38;2;0;0;0m██  [38;2;0;0;0m██[38;2;0;0;0m██[38;2;0;0;0m██                      
