      [38;2;0;0;0m██[38;2;0;0;0m██                                                      
      [38;2;0;0;0m██[38;2;131;115;189m██[38;2;0;0;0m██                                                    
      [38;2;0;0;0m██[38;2;131;115;189m██[38;2;131;115;189m██[38;2;0;0;0m██                                                  
        [38;2;0;0;0m██[38;2;131;115;189m██[38;2;131;115;189m██[38;2;0;0;0m██[38;2;0;0;0m██                [38;2;0;0;0m██[38;2;0;0;0m██                      [38;2;0;0;0m██[38;2;0;0;0m██
        [38;2;0;0;0m██[38;2;131;115;189m██[38;2;131;115;189m██[38;2;131;115;189m██[38;2;106;90;139m██[38;2;0;0;0m██            [38;2;0;0;0m██[38;2;131;115;189m██[38;2;0;0;0m██                  [38;2;0;0;0m██[38;2;0;0;0m██[38;2;131;115;189m██[38;2;0;0;0m██
        [38;2;0;0;0m██[38;2;131;115;189m██[38;2;131;115;189m██[38;2;131;115;189m██[38;2;131;115;189m██[38;2;131;115;189m██[38;2;0;0;0m██    [38;2;0;0;0m██  [38;2;0;0;0m██[38;2;131;115;189m██[38;2;131;115;189m██[38;2;0;0;0m██  [38;2;0;0;0m██[38;2;0;0;0m██        [38;2;0;0;0m██[38;2;0;0;0m██[38;2;156;148;222m██[38;2;131;115;189m██[38;2;131;115;189m██[38;2;0;0;0m██
          [38;2;0;0;0m██[38;2;131;115;189m██[38;2;131;115;189m██[38;2;131;115;189m██[38;2;131;115;189m██[38;2;131;115;189m██[38;2;0;0;0m██[38;2;0;0;0m██[38;2;131;115;189m██[38;2;0;0;0m██[38;2;106;90;139m██[38;2;156;148;222m██[38;2;131;115;189m██[38;2;0;0;0m██[38;2;0;0;0m██[38;2;131;115;189m██[38;2;0;0;0m██    [38;2;0;0;0m██[38;2;0;0;0m██[38;2;131;115;189m██[38;2;156;148;222m██[38;2;131;115;189m██[38;2;131;115;189m██[38;2;0;0;0m██  
          [38;2;0;0;0m██[38;2;131;115;189m██[38;2;131;115;189m██[38;2;131;115;189m██[38;2;131;115;189m██[38;2;106;90;139m██[38;2;106;90;139m██[38;2;156;148;222m██[38;2;131;115;189m██[38;2;106;90;139m██[38;2;156;148;222m██[38;2;156;148;222m██[38;2;131;115;189m██[38;2;106;90;139m██[38;2;131;115;189m██[38;2;131;115;189m██[38;2;0;0;0m██  [38;2;0;0;0m██[38;2;131;115;189m██[38;2;156;148;222m██[38;2;156;148;222m██[38;2;156;148;222m██[38;2;131;115;189m██[38;2;131;115;189m██[38;2;0;0;0m██  
          [38;2;0;0;0m██[38;2;131;115;189m██[38;2;131;115;189m██[38;2;131;115;189m██[38;2;131;115;189m██[38;2;156;148;222m██[38;2;156;148;222m██[38;2;156;148;222m██[38;2;156;148;222m██[38;2;156;148;222m██[38;2;156;148;222m██[38;2;156;148;222m██[38;2;131;115;189m██[38;2;131;115;189m██[38;2;131;115;189m██[38;2;131;115;189m██[38;2;0;0;0m██[38;2;0;0;0m██[38;2;156;148;222m██[38;2;156;148;222m██[38;2;156;148;222m██[38;2;156;148;222m██[38;2;131;115;189m██[38;2;131;115;189m██[38;2;0;0;0m██    
            [38;2;0;0;0m██[38;2;131;115;189m██[38;2;156;148;222m██[38;2;156;148;222m██[38;2;156;148;222m██[38;2;156;148;222m██[38;2;156;148;222m██[38;2;156;148;222m██[38;2;156;148;222m██[38;2;156;148;222m██[38;2;156;148;222m██[38;2;156;148;222m██[38;2;131;115;189m██[38;2;131;115;189m██[38;2;106;90;139m██[38;2;131;115;189m██[38;2;156;148;222m██[38;2;156;148;222m██[38;2;156;148;222m██[38;2;156;148;222m██[38;2;131;115;189m██[38;2;131;115;189m██[38;2;106;90;139m██[38;2;0;0;0m██    
            [38;2;0;0;0m██[38;2;156;148;222m██[38;2;156;148;222m██[38;2;156;148;222m██[38;2;156;148;222m██[38;2;156;148;222m██[38;2;156;148;222m██[38;2;156;148;222m██[38;2;156;148;222m██[38;2;156;148;222m██[38;2;156;148;222m██[38;2;156;148;222m██[38;2;131;115;189m██[38;2;131;115;189m██[38;2;131;115;189m██[38;2;156;148;222m██[38;2;156;148;222m██[38;2;156;148;222m██[38;2;156;148;222m██[38;2;131;115;189m██[38;2;131;115;189m██[38;2;131;115;189m██[38;2;0;0;0m██      
            [38;2;0;0;0m██[38;2;156;148;222m██[38;2;156;148;222m██[38;2;156;148;222m██[38;2;156;148;222m██[38;2;156;148;222m██[38;2;156;148;222m██[38;2;156;148;222m██[38;2;156;148;222m██[38;2;156;148;222m██[38;2;156;148;222m██[38;2;131;115;189m██[38;2;156;148;222m██[38;2;131;115;189m██[38;2;131;115;189m██[38;2;131;115;189m██[38;2;156;148;222m██[38;2;156;148;222m██[38;2;131;115;189m██[38;2;131;115;189m██[38;2;131;115;189m██[38;2;106;90;139m██[38;2;0;0;0m██      
          [38;2;0;0;0m██[38;2;156;148;222m██[38;2;156;148;222m██[38;2;156;148;222m██[38;2;156;148;222m██[38;2;156;148;222m██[38;2;156;148;222m██[38;2;156;148;222m██[38;2;156;148;222m██[38;2;156;148;222m██[38;2;156;148;222m██[38;2;131;115;189m██[38;2;156;148;222m██[38;2;131;115;189m██[38;2;156;148;222m██[38;2;131;115;189m██[38;2;131;115;189m██[38;2;131;115;189m██[38;2;131;115;189m██[38;2;131;115;189m██[38;2;131;115;189m██[38;2;131;115;189m██[38;2;0;0;0m██        
        [38;2;0;0;0m██[38;2;131;115;189m██[38;2;156;148;222m██[38;2;156;148;222m██[38;2;156;148;222m██[38;2;156;148;222m██[38;2;156;148;222m██[38;2;156;148;222m██[38;2;156;148;222m██[38;2;156;148;222m██[38;2;156;148;222m██[38;2;156;148;222m██[38;2;156;148;222m██[38;2;131;115;189m██[38;2;156;148;222m██[38;2;131;115;189m██[38;2;131;115;189m██[38;2;131;115;189m██[38;2;131;115;189m██[38;2;131;115;189m██[38;2;131;115;189m██[38;2;131;115;189m██[38;2;106;90;139m██[38;2;106;90;139m██[38;2;0;0;0m██      
      [38;2;0;0;0m██[38;2;65;65;65m██[38;2;82;90;106m██[38;2;156;148;222m██[38;2;156;148;222m██[38;2;156;148;222m██[38;2;156;148;222m██[38;2;156;148;222m██[38;2;156;148;222m██[38;2;156;148;222m██[38;2;156;148;222m██[38;2;156;148;222m██[38;2;156;148;222m██[38;2;131;115;189m██[38;2;131;115;189m██[38;2;131;115;189m██[38;2;131;115;189m██[38;2;131;115;189m██[38;2;131;115;189m██[38;2;131;115;189m██[38;2;131;115;189m██[38;2;131;115;189m██[38;2;131;115;189m██[38;2;106;90;139m██[38;2;106;90;139m██[38;2;106;90;139m██[38;2;0;0;0m██    
    [38;2;0;0;0m██[38;2;106;90;139m██[38;2;65;65;65m██[38;2;255;123;139m██[38;2;131;115;189m██[38;2;156;148;222m██[38;2;156;148;222m██[38;2;156;148;222m██[38;2;156;148;222m██[38;2;156;148;222m██[38;2;156;148;222m██[38;2;156;148;222m██[38;2;131;115;189m██[38;2;131;115;189m██[38;2;131;115;189m██[38;2;82;90;106m██[38;2;131;115;189m██[38;2;131;115;189m██[38;2;131;115;189m██[38;2;131;115;189m██[38;2;131;115;189m██[38;2;131;115;189m██[38;2;131;115;189m██[38;2;106;90;139m██[38;2;106;90;139m██[38;2;106;90;139m██[38;2;0;0;0m██      
  [38;2;0;0;0m██[38;2;106;90;139m██[38;2;65;65;65m██[38;2;131;115;189m██[38;2;255;180;197m██[38;2;0;0;0m██[38;2;156;148;222m██[38;2;156;148;222m██[38;2;156;148;222m██[38;2;156;148;222m██[38;2;156;148;222m██[38;2;131;115;189m██[38;2;131;115;189m██[38;2;131;115;189m██[38;2;82;90;106m██[38;2;82;90;106m██[38;2;255;123;139m██[38;2;131;115;189m██[38;2;131;115;189m██[38;2;131;115;189m██[38;2;131;115;189m██[38;2;131;115;189m██[38;2;131;115;189m██[38;2;131;115;189m██[38;2;106;90;139m██[38;2;106;90;139m██[38;2;0;0;0m██        
  [38;2;0;0;0m██[38;2;106;90;139m██[38;2;65;65;65m██[38;2;131;115;189m██[38;2;255;180;197m██[38;2;0;0;0m██[38;2;131;115;189m██[38;2;156;148;222m██[38;2;156;148;222m██[38;2;156;148;222m██[38;2;131;115;189m██[38;2;131;115;189m██[38;2;131;115;189m██[38;2;82;90;106m██[38;2;255;123;139m██[38;2;255;123;139m██[38;2;255;180;197m██[38;2;131;115;189m██[38;2;131;115;189m██[38;2;131;115;189m██[38;2;131;115;189m██[38;2;131;115;189m██[38;2;131;115;189m██[38;2;131;115;189m██[38;2;65;65;65m██[38;2;106;90;139m██[38;2;106;90;139m██[38;2;0;0;0m██[38;2;0;0;0m██    
[38;2;0;0;0m██[38;2;106;90;139m██[38;2;106;90;139m██[38;2;65;65;65m██[38;2;131;115;189m██[38;2;131;115;189m██[38;2;255;123;139m██[38;2;82;90;106m██[38;2;131;115;189m██[38;2;131;115;189m██[38;2;131;115;189m██[38;2;131;115;189m██[38;2;82;90;106m██[38;2;0;0;0m██[38;2;255;123;139m██[38;2;255;180;197m██[38;2;255;180;197m██[38;2;189;139;197m██[38;2;131;115;189m██[38;2;131;115;189m██[38;2;131;115;189m██[38;2;131;115;189m██[38;2;131;115;189m██[38;2;131;115;189m██[38;2;131;115;189m██[38;2;131;115;189m██[38;2;65;65;65m██[38;2;106;90;139m██[38;2;106;90;139m██[38;2;106;90;139m██[38;2;0;0;0m██  
[38;2;0;0;0m██[38;2;106;90;139m██[38;2;106;90;139m██[38;2;65;65;65m██[38;2;82;90;106m██[38;2;131;115;189m██[38;2;131;115;189m██[38;2;131;115;189m██[38;2;131;115;189m██[38;2;131;115;189m██[38;2;131;115;189m██[38;2;82;90;106m██[38;2;255;123;139m██[38;2;0;0;0m██[38;2;255;180;197m██[38;2;255;180;197m██[38;2;255;180;197m██[38;2;131;115;189m██[38;2;131;115;189m██[38;2;131;115;189m██[38;2;82;90;106m██[38;2;131;115;189m██[38;2;131;115;189m██[38;2;131;115;189m██[38;2;131;115;189m██[38;2;131;115;189m██[38;2;131;115;189m██[38;2;65;65;65m██[38;2;106;90;139m██[38;2;0;0;0m██    
  [38;2;0;0;0m██[38;2;0;0;0m██[38;2;65;65;65m██[38;2;106;90;139m██[38;2;82;90;106m██[38;2;131;115;189m██[38;2;131;115;189m██[38;2;131;115;189m██[38;2;131;115;189m██[38;2;131;115;189m██[38;2;131;115;189m██[38;2;131;115;189m██[38;2;189;139;197m██[38;2;255;180;197m██[38;2;255;180;197m██[38;2;131;115;189m██[38;2;131;115;189m██[38;2;131;115;189m██[38;2;82;90;106m██[38;2;106;90;139m██[38;2;131;115;189m██[38;2;131;115;189m██[38;2;131;115;189m██[38;2;131;115;189m██[38;2;131;115;189m██[38;2;131;115;189m██[38;2;65;65;65m██[38;2;0;0;0m██      
      [38;2;0;0;0m██[38;2;131;115;189m██[38;2;106;90;139m██[38;2;82;90;106m██[38;2;82;90;106m██[38;2;131;115;189m██[38;2;131;115;189m██[38;2;131;115;189m██[38;2;131;115;189m██[38;2;131;115;189m██[38;2;131;115;189m██[38;2;131;115;189m██[38;2;131;115;189m██[38;2;131;115;189m██[38;2;82;90;106m██[38;2;82;90;106m██[38;2;106;90;139m██[38;2;131;115;189m██[38;2;131;115;189m██[38;2;131;115;189m██[38;2;131;115;189m██[38;2;131;115;189m██[38;2;131;115;189m██[38;2;131;115;189m██[38;2;131;115;189m██[38;2;0;0;0m██      
        [38;2;0;0;0m██[38;2;106;90;139m██[38;2;255;255;255m██[38;2;189;180;205m██[38;2;82;90;106m██[38;2;82;90;106m██[38;2;82;90;106m██[38;2;82;90;106m██[38;2;82;90;106m██[38;2;82;90;106m██[38;2;82;90;106m██[38;2;82;90;106m██[38;2;82;90;106m██[38;2;255;255;255m██[38;2;255;255;255m██[38;2;106;90;139m██[38;2;131;115;189m██[38;2;131;115;189m██[38;2;65;65;65m██[38;2;131;115;189m██[38;2;131;115;189m██[38;2;131;115;189m██[38;2;131;115;189m██[38;2;131;115;189m██[38;2;0;0;0m██      
        [38;2;0;0;0m██[38;2;131;115;189m██[38;2;106;90;139m██[38;2;189;180;205m██[38;2;255;255;255m██[38;2;189;180;205m██[38;2;255;255;255m██[38;2;255;255;255m██[38;2;189;180;205m██[38;2;255;255;255m██[38;2;255;255;255m██[38;2;189;180;205m██[38;2;255;255;255m██[38;2;255;255;255m██[38;2;106;90;139m██[38;2;131;115;189m██[38;2;131;115;189m██[38;2;131;115;189m██[38;2;65;65;65m██[38;2;131;115;189m██[38;2;131;115;189m██[38;2;131;115;189m██[38;2;131;115;189m██[38;2;106;90;139m██[38;2;131;115;189m██[38;2;0;0;0m██    
          [38;2;0;0;0m██[38;2;131;115;189m██[38;2;106;90;139m██[38;2;255;255;255m██[38;2;189;180;205m██[38;2;255;255;255m██[38;2;255;255;255m██[38;2;189;180;205m██[38;2;255;255;255m██[38;2;255;255;255m██[38;2;189;180;205m██[38;2;255;255;255m██[38;2;106;90;139m██[38;2;131;115;189m██[38;2;131;115;189m██[38;2;131;115;189m██[38;2;131;115;189m██[38;2;131;115;189m██[38;2;65;65;65m██[38;2;131;115;189m██[38;2;131;115;189m██[38;2;106;90;139m██[38;2;131;115;189m██[38;2;0;0;0m██      
            [38;2;0;0;0m██[38;2;131;115;189m██[38;2;106;90;139m██[38;2;106;90;139m██[38;2;255;255;255m██[38;2;255;255;255m██[38;2;189;180;205m██[38;2;255;255;255m██[38;2;255;255;255m██[38;2;106;90;139m██[38;2;106;90;139m██[38;2;131;115;189m██[38;2;131;115;189m██[38;2;131;115;189m██[38;2;131;115;189m██[38;2;131;115;189m██[38;2;131;115;189m██[38;2;131;115;189m██[38;2;65;65;65m██[38;2;65;65;65m██[38;2;131;115;189m██[38;2;0;0;0m██        
            [38;2;0;0;0m██[38;2;82;90;106m██[38;2;131;115;189m██[38;2;131;115;189m██[38;2;106;90;139m██[38;2;106;90;139m██[38;2;106;90;139m██[38;2;106;90;139m██[38;2;106;90;139m██[38;2;131;115;189m██[38;2;131;115;189m██[38;2;131;115;189m██[38;2;131;115;189m██[38;2;131;115;189m██[38;2;131;115;189m██[38;2;131;115;189m██[38;2;131;115;189m██[38;2;106;90;139m██[38;2;106;90;139m██[38;2;106;90;139m██[38;2;65;65;65m██[38;2;106;90;139m██[38;2;0;0;0m██      
            [38;2;0;0;0m██[38;2;106;90;139m██[38;2;82;90;106m██[38;2;131;115;189m██[38;2;131;115;189m██[38;2;131;115;189m██[38;2;131;115;189m██[38;2;131;115;189m██[38;2;131;115;189m██[38;2;131;115;189m██[38;2;131;115;189m██[38;2;131;115;189m██[38;2;131;115;189m██[38;2;131;115;189m██[38;2;131;115;189m██[38;2;131;115;189m██[38;2;106;90;139m██[38;2;106;90;139m██[38;2;106;90;139m██[38;2;106;90;139m██[38;2;65;65;65m██[38;2;106;90;139m██[38;2;106;90;139m██[38;2;0;0;0m██    
              [38;2;0;0;0m██[38;2;106;90;139m██[38;2;82;90;106m██[38;2;82;90;106m██[38;2;131;115;189m██[38;2;131;115;189m██[38;2;131;115;189m██[38;2;131;115;189m██[38;2;131;115;189m██[38;2;131;115;189m██[38;2;131;115;189m██[38;2;131;115;189m██[38;2;131;115;189m██[38;2;131;115;189m██[38;2;106;90;139m██[38;2;106;90;139m██[38;2;106;90;139m██[38;2;106;90;139m██[38;2;106;90;139m██[38;2;65;65;65m██[38;2;106;90;139m██[38;2;106;90;139m██[38;2;106;90;139m██[38;2;0;0;0m██  
              [38;2;0;0;0m██[38;2;106;90;139m██[38;2;106;90;139m██[38;2;106;90;139m██[38;2;82;90;106m██[38;2;65;65;65m██[38;2;0;0;0m██[38;2;131;115;189m██[38;2;131;115;189m██[38;2;131;115;189m██[38;2;131;115;189m██[38;2;106;90;139m██[38;2;106;90;139m██[38;2;106;90;139m██[38;2;106;90;139m██[38;2;106;90;139m██[38;2;106;90;139m██[38;2;106;90;139m██[38;2;65;65;65m██[38;2;106;90;139m██[38;2;106;90;139m██[38;2;0;0;0m██[38;2;0;0;0m██    
                [38;2;0;0;0m██[38;2;106;90;139m██[38;2;106;90;139m██[38;2;106;90;139m██[38;2;0;0;0m██  [38;2;0;0;0m██[38;2;0;0;0m██[38;2;0;0;0m██[38;2;0;0;0m██[38;2;106;90;139m██[38;2;106;90;139m██[38;2;106;90;139m██[38;2;106;90;139m██[38;2;106;90;139m██[38;2;106;90;139m██[38;2;106;90;139m██[38;2;65;65;65m██[38;2;0;0;0m██[38;2;0;0;0m██        
                  [38;2;0;0;0m██[38;2;0;0;0m██[38;2;0;0;0m██          [38;2;0;0;0m██[38;2;106;90;139m██[38;2;106;90;139m██[38;2;106;90;139m██[38;2;106;90;139m██[38;2;106;90;139m██[38;2;106;90;139m██[38;2;106;90;139m██[38;2;0;0;0m██            
                                    [38;2;0;0;0m██[38;2;131;115;189m██[38;2;106;90;139m██[38;2;106;90;139m██[38;2;106;90;139m██[38;2;106;90;139m██[38;2;0;0;0m██              
                                    [38;2;0;0;0m██[38;2;0;0;0m██[38;2;0;0;0m██[38;2;131;115;189m██[38;2;131;115;189m██[38;2;0;0;0m██                
                                          [38;2;0;0;0m██[38;2;0;0;0m██                  
