                                    [38;2;0;0;0m██[38;2;0;0;0m██[38;2;0;0;0m██          
                                  [38;2;0;0;0m██[38;2;255;255;255m██[38;2;156;173;181m██[38;2;255;255;255m██[38;2;0;0;0m██        
                                  [38;2;0;0;0m██[38;2;156;173;181m██[38;2;255;255;255m██[38;2;255;255;255m██[38;2;255;255;255m██[38;2;0;0;0m██      
        [38;2;0;0;0m██[38;2;0;0;0m██                      [38;2;0;0;0m██[38;2;255;255;255m██[38;2;255;255;255m██[38;2;255;255;255m██[38;2;255;255;255m██[38;2;0;0;0m██      
      [38;2;0;0;0m██[38;2;65;65;65m██[38;2;255;255;255m██[38;2;0;0;0m██                      [38;2;0;0;0m██[38;2;255;255;255m██[38;2;255;255;255m██[38;2;255;255;255m██[38;2;255;255;255m██[38;2;0;0;0m██    
      [38;2;0;0;0m██[38;2;239;115;156m██[38;2;255;255;255m██[38;2;0;0;0m██              [38;2;0;0;0m██[38;2;0;0;0m██      [38;2;0;0;0m██[38;2;0;0;0m██[38;2;255;255;255m██[38;2;115;132;140m██[38;2;0;0;0m██    
      [38;2;0;0;0m██[38;2;239;115;156m██[38;2;156;173;181m██[38;2;156;173;181m██[38;2;0;0;0m██        [38;2;0;0;0m██[38;2;0;0;0m██[38;2;255;255;255m██[38;2;255;255;255m██[38;2;0;0;0m██        [38;2;0;0;0m██[38;2;0;0;0m██[38;2;115;132;140m██[38;2;0;0;0m██  
    [38;2;0;0;0m██[38;2;156;173;181m██[38;2;239;115;156m██[38;2;115;132;140m██[38;2;156;173;181m██[38;2;156;173;181m██[38;2;0;0;0m██[38;2;0;0;0m██[38;2;0;0;0m██[38;2;0;0;0m██[38;2;156;173;181m██[38;2;255;255;255m██[38;2;115;132;140m██[38;2;255;255;255m██[38;2;0;0;0m██  [38;2;0;0;0m██[38;2;0;0;0m██[38;2;0;0;0m██    [38;2;0;0;0m██[38;2;156;173;181m██[38;2;0;0;0m██
    [38;2;0;0;0m██[38;2;156;173;181m██[38;2;115;132;140m██[38;2;156;173;181m██[38;2;156;173;181m██[38;2;156;173;181m██[38;2;156;173;181m██[38;2;156;173;181m██[38;2;156;173;181m██[38;2;156;173;181m██[38;2;115;132;140m██[38;2;115;132;140m██[38;2;239;115;156m██[38;2;156;173;181m██[38;2;0;0;0m██[38;2;0;0;0m██[38;2;115;132;140m██[38;2;115;132;140m██[38;2;115;132;140m██[38;2;0;0;0m██[38;2;0;0;0m██[38;2;65;65;65m██[38;2;156;173;181m██[38;2;0;0;0m██
    [38;2;0;0;0m██[38;2;239;115;156m██[38;2;156;173;181m██[38;2;156;173;181m██[38;2;156;173;181m██[38;2;156;173;181m██[38;2;156;173;181m██[38;2;156;173;181m██[38;2;156;173;181m██[38;2;65;65;65m██[38;2;239;115;156m██[38;2;239;115;156m██[38;2;239;115;156m██[38;2;115;132;140m██[38;2;65;65;65m██[38;2;156;173;181m██[38;2;115;132;140m██[38;2;65;65;65m██[38;2;65;65;65m██[38;2;65;65;65m██[38;2;115;132;140m██[38;2;156;173;181m██[38;2;65;65;65m██[38;2;0;0;0m██
    [38;2;0;0;0m██[38;2;255;214;49m██[38;2;156;173;181m██[38;2;156;173;181m██[38;2;156;173;181m██[38;2;156;173;181m██[38;2;115;132;140m██[38;2;115;132;140m██[38;2;156;173;181m██[38;2;65;65;65m██[38;2;239;115;156m██[38;2;239;115;156m██[38;2;239;115;156m██[38;2;65;65;65m██[38;2;65;65;65m██[38;2;65;65;65m██[38;2;156;173;181m██[38;2;156;173;181m██[38;2;156;173;181m██[38;2;156;173;181m██[38;2;115;132;140m██[38;2;65;65;65m██[38;2;0;0;0m██  
[38;2;0;0;0m██[38;2;0;0;0m██[38;2;0;0;0m██[38;2;189;165;66m██[38;2;197;206;214m██[38;2;197;206;214m██[38;2;156;173;181m██[38;2;115;132;140m██[38;2;239;115;156m██[38;2;239;115;156m██[38;2;65;65;65m██[38;2;115;132;140m██[38;2;65;65;65m██[38;2;239;115;156m██[38;2;115;132;140m██[38;2;65;65;65m██[38;2;115;132;140m██[38;2;115;132;140m██[38;2;65;65;65m██[38;2;65;65;65m██[38;2;65;65;65m██[38;2;0;0;0m██[38;2;0;0;0m██[38;2;0;0;0m██    
      [38;2;0;0;0m██[38;2;115;132;140m██[38;2;255;255;255m██[38;2;255;255;255m██[38;2;239;115;156m██[38;2;0;0;0m██[38;2;255;214;49m██[38;2;239;115;156m██[38;2;115;132;140m██[38;2;115;132;140m██[38;2;115;132;140m██[38;2;0;0;0m██[38;2;156;173;181m██[38;2;65;65;65m██[38;2;65;65;65m██[38;2;65;65;65m██[38;2;156;173;181m██[38;2;0;0;0m██          
    [38;2;0;0;0m██[38;2;0;0;0m██[38;2;255;255;255m██[38;2;255;255;255m██[38;2;255;255;255m██[38;2;255;255;255m██[38;2;49;107;255m██[38;2;255;214;49m██[38;2;115;132;140m██[38;2;115;132;140m██[38;2;115;132;140m██[38;2;0;0;0m██  [38;2;0;0;0m██[38;2;156;173;181m██[38;2;156;173;181m██[38;2;156;173;181m██[38;2;0;0;0m██            
  [38;2;0;0;0m██    [38;2;0;0;0m██[38;2;156;173;181m██[38;2;255;255;255m██[38;2;255;255;255m██[38;2;156;173;181m██[38;2;115;132;140m██[38;2;115;132;140m██[38;2;65;65;65m██[38;2;0;0;0m██      [38;2;0;0;0m██[38;2;65;65;65m██[38;2;0;0;0m██              
          [38;2;0;0;0m██[38;2;0;0;0m██[38;2;0;0;0m██[38;2;0;0;0m██[38;2;65;65;65m██[38;2;65;65;65m██[38;2;115;132;140m██[38;2;0;0;0m██    [38;2;0;0;0m██[38;2;65;65;65m██[38;2;115;132;140m██[38;2;0;0;0m██              
                  [38;2;0;0;0m██[38;2;115;132;140m██[38;2;156;173;181m██[38;2;115;132;140m██[38;2;0;0;0m██[38;2;0;0;0m██[38;2;115;132;140m██[38;2;115;132;140m██[38;2;0;0;0m██                
                  [38;2;0;0;0m██[38;2;156;173;181m██[38;2;156;173;181m██[38;2;156;173;181m██[38;2;115;132;140m██[38;2;65;65;65m██[38;2;0;0;0m██[38;2;0;0;0m██                  
                [38;2;0;0;0m██[38;2;115;132;140m██[38;2;65;65;65m██[38;2;156;173;181m██[38;2;65;65;65m██[38;2;115;132;140m██[38;2;0;0;0m██                      
                [38;2;0;0;0m██[38;2;115;132;140m██[38;2;65;65;65m██[38;2;156;173;181m██[38;2;156;173;181m██[38;2;65;65;65m██[38;2;0;0;0m██                      
                  [38;2;0;0;0m██[38;2;0;0;0m██[38;2;255;255;255m██[38;2;0;0;0m██[38;2;0;0;0m██                        
                    [38;2;0;0;0m██[38;2;0;0;0m██                            
