                    [38;2;0;0;0m██                                                            
                  [38;2;0;0;0m██[38;2;57;82;115m██[38;2;0;0;0m██                                                          
                  [38;2;0;0;0m██[38;2;57;82;115m██[38;2;0;0;0m██                                                          
                  [38;2;0;0;0m██[38;2;57;82;115m██[38;2;57;82;115m██[38;2;0;0;0m██                    [38;2;0;0;0m██[38;2;0;0;0m██[38;2;0;0;0m██                              
                    [38;2;0;0;0m██[38;2;57;82;115m██[38;2;0;0;0m██                  [38;2;0;0;0m██[38;2;82;156;205m██[38;2;82;156;205m██[38;2;82;156;205m██[38;2;0;0;0m██[38;2;0;0;0m██[38;2;0;0;0m██[38;2;0;0;0m██                      
                    [38;2;0;0;0m██[38;2;57;82;115m██[38;2;0;0;0m██                [38;2;0;0;0m██[38;2;82;156;205m██[38;2;82;156;205m██[38;2;82;156;205m██[38;2;82;156;205m██[38;2;82;156;205m██[38;2;82;156;205m██[38;2;82;156;205m██[38;2;82;156;205m██[38;2;0;0;0m██[38;2;0;0;0m██[38;2;0;0;0m██                
          [38;2;0;0;0m██        [38;2;0;0;0m██[38;2;57;82;115m██[38;2;139;90;148m██[38;2;0;0;0m██              [38;2;0;0;0m██[38;2;82;156;205m██[38;2;82;156;205m██[38;2;57;82;115m██[38;2;57;82;115m██[38;2;57;82;115m██[38;2;57;82;115m██[38;2;57;82;115m██[38;2;82;156;205m██[38;2;82;156;205m██[38;2;82;156;205m██[38;2;82;156;205m██[38;2;0;0;0m██[38;2;0;0;0m██[38;2;0;0;0m██          
        [38;2;0;0;0m██[38;2;82;131;139m██[38;2;0;0;0m██    [38;2;0;0;0m██[38;2;57;82;115m██[38;2;57;82;115m██[38;2;139;90;148m██[38;2;0;0;0m██              [38;2;0;0;0m██[38;2;82;156;205m██[38;2;57;82;115m██[38;2;106;82;115m██[38;2;189;139;197m██[38;2;139;90;148m██[38;2;139;90;148m██[38;2;139;90;148m██[38;2;57;82;115m██[38;2;57;82;115m██[38;2;57;82;115m██[38;2;57;82;115m██[38;2;82;131;139m██[38;2;82;131;139m██[38;2;82;131;139m██[38;2;0;0;0m██[38;2;0;0;0m██      
      [38;2;0;0;0m██[38;2;139;90;148m██[38;2;82;131;139m██[38;2;57;82;115m██[38;2;0;0;0m██  [38;2;0;0;0m██[38;2;65;65;65m██[38;2;57;82;115m██[38;2;139;90;148m██[38;2;0;0;0m██            [38;2;0;0;0m██[38;2;82;156;205m██[38;2;82;156;205m██[38;2;57;82;115m██[38;2;189;139;197m██[38;2;106;82;115m██[38;2;189;139;197m██[38;2;189;139;197m██[38;2;139;90;148m██[38;2;139;90;148m██[38;2;139;90;148m██[38;2;139;90;148m██[38;2;139;90;148m██[38;2;57;82;115m██[38;2;57;82;115m██[38;2;57;82;115m██[38;2;82;131;139m██[38;2;82;131;139m██[38;2;0;0;0m██[38;2;0;0;0m██  
      [38;2;0;0;0m██[38;2;82;131;139m██[38;2;82;156;205m██[38;2;82;156;205m██[38;2;82;156;205m██[38;2;0;0;0m██[38;2;57;82;115m██[38;2;82;156;205m██[38;2;65;65;65m██[38;2;139;90;148m██[38;2;0;0;0m██            [38;2;0;0;0m██[38;2;82;156;205m██[38;2;82;156;205m██[38;2;57;82;115m██[38;2;189;139;197m██[38;2;189;139;197m██[38;2;106;82;115m██[38;2;189;139;197m██[38;2;189;139;197m██[38;2;189;139;197m██[38;2;139;90;148m██[38;2;139;90;148m██[38;2;139;90;148m██[38;2;139;90;148m██[38;2;139;90;148m██[38;2;139;90;148m██[38;2;0;0;0m██[38;2;0;0;0m██[38;2;82;131;139m██[38;2;82;131;139m██[38;2;0;0;0m██
    [38;2;0;0;0m██[38;2;82;156;205m██[38;2;82;156;205m██[38;2;82;156;205m██[38;2;82;156;205m██[38;2;57;82;115m██[38;2;57;82;115m██[38;2;82;156;205m██[38;2;189;139;197m██[38;2;82;156;205m██[38;2;0;0;0m██              [38;2;0;0;0m██[38;2;82;156;205m██[38;2;57;82;115m██[38;2;189;139;197m██[38;2;189;139;197m██[38;2;189;139;197m██[38;2;106;82;115m██[38;2;189;139;197m██[38;2;189;139;197m██[38;2;189;139;197m██[38;2;189;139;197m██[38;2;189;139;197m██[38;2;139;90;148m██[38;2;139;90;148m██[38;2;0;0;0m██[38;2;0;0;0m██    [38;2;0;0;0m██[38;2;0;0;0m██  
  [38;2;0;0;0m██[38;2;82;131;139m██[38;2;82;156;205m██[38;2;82;156;205m██[38;2;82;156;205m██[38;2;82;156;205m██[38;2;82;156;205m██[38;2;82;156;205m██[38;2;82;156;205m██[38;2;189;139;197m██[38;2;82;156;205m██[38;2;82;156;205m██[38;2;0;0;0m██          [38;2;0;0;0m██[38;2;82;156;205m██[38;2;82;156;205m██[38;2;57;82;115m██[38;2;189;139;197m██[38;2;189;139;197m██[38;2;189;139;197m██[38;2;189;139;197m██[38;2;106;82;115m██[38;2;189;139;197m██[38;2;189;139;197m██[38;2;189;139;197m██[38;2;189;139;197m██[38;2;0;0;0m██[38;2;0;0;0m██              
  [38;2;0;0;0m██[38;2;255;255;255m██[38;2;82;156;205m██[38;2;82;156;205m██[38;2;82;156;205m██[38;2;82;156;205m██[38;2;82;156;205m██[38;2;82;131;139m██[38;2;255;255;255m██[38;2;82;156;205m██[38;2;82;156;205m██[38;2;82;156;205m██[38;2;82;131;139m██[38;2;0;0;0m██      [38;2;0;0;0m██[38;2;82;156;205m██[38;2;82;156;205m██[38;2;57;82;115m██[38;2;189;139;197m██[38;2;189;139;197m██[38;2;189;139;197m██[38;2;189;139;197m██[38;2;189;139;197m██[38;2;106;82;115m██[38;2;189;139;197m██[38;2;189;139;197m██[38;2;189;139;197m██[38;2;0;0;0m██                  
[38;2;0;0;0m██[38;2;82;156;205m██[38;2;255;255;255m██[38;2;82;131;139m██[38;2;82;156;205m██[38;2;82;156;205m██[38;2;82;131;139m██[38;2;0;0;0m██[38;2;255;255;255m██[38;2;255;255;255m██[38;2;82;156;205m██[38;2;82;156;205m██[38;2;82;156;205m██[38;2;82;131;139m██[38;2;82;131;139m██[38;2;0;0;0m██  [38;2;0;0;0m██[38;2;82;156;205m██[38;2;82;156;205m██[38;2;57;82;115m██[38;2;189;139;197m██[38;2;189;139;197m██[38;2;189;139;197m██[38;2;189;139;197m██[38;2;189;139;197m██[38;2;189;139;197m██[38;2;106;82;115m██[38;2;189;139;197m██[38;2;189;139;197m██[38;2;189;139;197m██[38;2;0;0;0m██                  
[38;2;0;0;0m██[38;2;65;65;65m██[38;2;82;156;205m██[38;2;82;156;205m██[38;2;82;156;205m██[38;2;82;131;139m██[38;2;255;255;255m██[38;2;0;0;0m██[38;2;255;255;255m██[38;2;82;131;139m██[38;2;82;156;205m██[38;2;82;156;205m██[38;2;82;131;139m██[38;2;82;131;139m██[38;2;82;131;139m██[38;2;65;65;65m██[38;2;0;0;0m██[38;2;82;156;205m██[38;2;82;156;205m██[38;2;57;82;115m██[38;2;189;139;197m██[38;2;189;139;197m██[38;2;189;139;197m██[38;2;189;139;197m██[38;2;189;139;197m██[38;2;189;139;197m██[38;2;189;139;197m██[38;2;189;139;197m██[38;2;106;82;115m██[38;2;189;139;197m██[38;2;0;0;0m██                    
  [38;2;0;0;0m██[38;2;65;65;65m██[38;2;65;65;65m██[38;2;82;156;205m██[38;2;82;156;205m██[38;2;82;156;205m██[38;2;82;156;205m██[38;2;82;156;205m██[38;2;82;156;205m██[38;2;82;156;205m██[38;2;82;156;205m██[38;2;82;131;139m██[38;2;65;65;65m██[38;2;65;65;65m██[38;2;82;156;205m██[38;2;82;156;205m██[38;2;82;156;205m██[38;2;57;82;115m██[38;2;139;90;148m██[38;2;189;139;197m██[38;2;189;139;197m██[38;2;189;139;197m██[38;2;189;139;197m██[38;2;189;139;197m██[38;2;189;139;197m██[38;2;189;139;197m██[38;2;189;139;197m██[38;2;106;82;115m██[38;2;189;139;197m██[38;2;0;0;0m██                    
    [38;2;0;0;0m██[38;2;255;255;255m██[38;2;65;65;65m██[38;2;65;65;65m██[38;2;65;65;65m██[38;2;255;255;255m██[38;2;255;255;255m██[38;2;65;65;65m██[38;2;82;156;205m██[38;2;82;131;139m██[38;2;82;131;139m██[38;2;82;156;205m██[38;2;82;156;205m██[38;2;82;156;205m██[38;2;57;82;115m██[38;2;57;82;115m██[38;2;139;90;148m██[38;2;139;90;148m██[38;2;139;90;148m██[38;2;189;139;197m██[38;2;189;139;197m██[38;2;189;139;197m██[38;2;189;139;197m██[38;2;189;139;197m██[38;2;189;139;197m██[38;2;189;139;197m██[38;2;106;82;115m██[38;2;0;0;0m██                      
      [38;2;0;0;0m██[38;2;65;65;65m██[38;2;65;65;65m██[38;2;65;65;65m██[38;2;255;255;255m██[38;2;65;65;65m██[38;2;65;65;65m██[38;2;65;65;65m██[38;2;82;131;139m██[38;2;82;131;139m██[38;2;82;131;139m██[38;2;57;82;115m██[38;2;57;82;115m██[38;2;139;90;148m██[38;2;139;90;148m██[38;2;139;90;148m██[38;2;139;90;148m██[38;2;139;90;148m██[38;2;0;0;0m██[38;2;0;0;0m██[38;2;0;0;0m██[38;2;0;0;0m██[38;2;0;0;0m██[38;2;189;139;197m██[38;2;189;139;197m██[38;2;106;82;115m██[38;2;0;0;0m██                      
        [38;2;0;0;0m██[38;2;82;131;139m██[38;2;65;65;65m██[38;2;65;65;65m██[38;2;65;65;65m██[38;2;65;65;65m██[38;2;65;65;65m██[38;2;65;65;65m██[38;2;82;131;139m██[38;2;82;131;139m██[38;2;106;82;115m██[38;2;139;90;148m██[38;2;139;90;148m██[38;2;139;90;148m██[38;2;139;90;148m██[38;2;0;0;0m██[38;2;0;0;0m██          [38;2;0;0;0m██[38;2;0;0;0m██[38;2;0;0;0m██                        
          [38;2;0;0;0m██[38;2;82;131;139m██[38;2;65;65;65m██[38;2;65;65;65m██[38;2;65;65;65m██[38;2;65;65;65m██[38;2;65;65;65m██[38;2;65;65;65m██[38;2;82;131;139m██[38;2;82;131;139m██[38;2;106;82;115m██[38;2;139;90;148m██[38;2;139;90;148m██[38;2;0;0;0m██                                            
          [38;2;0;0;0m██[38;2;82;131;139m██[38;2;65;65;65m██[38;2;65;65;65m██[38;2;65;65;65m██[38;2;65;65;65m██[38;2;65;65;65m██[38;2;65;65;65m██[38;2;82;131;139m██[38;2;82;131;139m██[38;2;106;82;115m██[38;2;139;90;148m██[38;2;0;0;0m██                                              
          [38;2;0;0;0m██[38;2;65;65;65m██[38;2;65;65;65m██[38;2;65;65;65m██[38;2;65;65;65m██[38;2;65;65;65m██[38;2;65;65;65m██[38;2;65;65;65m██[38;2;65;65;65m██[38;2;82;131;139m██[38;2;82;131;139m██[38;2;65;65;65m██[38;2;0;0;0m██                                              
          [38;2;0;0;0m██[38;2;255;255;255m██[38;2;65;65;65m██[38;2;65;65;65m██[38;2;65;65;65m██[38;2;65;65;65m██[38;2;65;65;65m██[38;2;65;65;65m██[38;2;65;65;65m██[38;2;82;131;139m██[38;2;82;131;139m██[38;2;82;131;139m██[38;2;0;0;0m██                                              
          [38;2;0;0;0m██[38;2;189;189;197m██[38;2;65;65;65m██[38;2;65;65;65m██[38;2;65;65;65m██[38;2;255;255;255m██[38;2;65;65;65m██[38;2;65;65;65m██[38;2;65;65;65m██[38;2;82;131;139m██[38;2;82;131;139m██[38;2;82;131;139m██[38;2;0;0;0m██  [38;2;0;0;0m██[38;2;0;0;0m██                                        
            [38;2;0;0;0m██[38;2;65;65;65m██[38;2;65;65;65m██[38;2;65;65;65m██[38;2;189;189;197m██[38;2;255;255;255m██[38;2;65;65;65m██[38;2;82;156;205m██[38;2;82;131;139m██[38;2;82;131;139m██[38;2;82;131;139m██[38;2;65;65;65m██[38;2;0;0;0m██[38;2;82;131;139m██[38;2;82;131;139m██[38;2;0;0;0m██                                      
            [38;2;0;0;0m██[38;2;82;156;205m██[38;2;65;65;65m██[38;2;65;65;65m██[38;2;65;65;65m██[38;2;82;156;205m██[38;2;82;156;205m██[38;2;82;131;139m██[38;2;82;131;139m██[38;2;82;131;139m██[38;2;65;65;65m██[38;2;82;131;139m██[38;2;82;131;139m██[38;2;82;131;139m██[38;2;82;131;139m██[38;2;0;0;0m██                                      
              [38;2;0;0;0m██[38;2;82;156;205m██[38;2;82;156;205m██[38;2;82;156;205m██[38;2;82;156;205m██[38;2;82;131;139m██[38;2;65;65;65m██[38;2;0;0;0m██[38;2;0;0;0m██[38;2;82;131;139m██[38;2;82;131;139m██[38;2;65;65;65m██[38;2;82;131;139m██[38;2;82;131;139m██[38;2;0;0;0m██                                      
                [38;2;0;0;0m██[38;2;0;0;0m██[38;2;0;0;0m██[38;2;65;65;65m██[38;2;65;65;65m██[38;2;0;0;0m██    [38;2;0;0;0m██[38;2;65;65;65m██[38;2;82;131;139m██[38;2;82;131;139m██[38;2;0;0;0m██                                        
                    [38;2;0;0;0m██[38;2;57;82;115m██[38;2;57;82;115m██[38;2;0;0;0m██      [38;2;0;0;0m██[38;2;82;131;139m██[38;2;82;131;139m██[38;2;0;0;0m██                                        
                      [38;2;0;0;0m██[38;2;0;0;0m██      [38;2;0;0;0m██[38;2;82;156;205m██[38;2;82;156;205m██[38;2;0;0;0m██                                          
                                [38;2;0;0;0m██[38;2;82;156;205m██[38;2;82;156;205m██[38;2;0;0;0m██                                          
                                [38;2;0;0;0m██[38;2;82;156;205m██[38;2;82;156;205m██[38;2;0;0;0m██                                          
                                  [38;2;0;0;0m██[38;2;0;0;0m██                                            
