                                              [38;2;0;0;0m██[38;2;0;0;0m██[38;2;0;0;0m██[38;2;0;0;0m██                      
                                      [38;2;0;0;0m██[38;2;0;0;0m██[38;2;0;0;0m██[38;2;0;0;0m██[38;2;180;172;148m██[38;2;180;172;148m██[38;2;180;172;148m██[38;2;180;172;148m██[38;2;0;0;0m██[38;2;0;0;0m██                  
                                  [38;2;0;0;0m██[38;2;0;0;0m██[38;2;180;172;148m██[38;2;180;172;148m██[38;2;82;90;106m██[38;2;131;115;90m██[38;2;131;115;90m██[38;2;65;65;65m██[38;2;65;65;65m██[38;2;131;115;90m██[38;2;131;115;90m██[38;2;131;115;90m██[38;2;0;0;0m██[38;2;0;0;0m██[38;2;0;0;0m██            
                                [38;2;0;0;0m██[38;2;180;172;148m██[38;2;180;172;148m██[38;2;180;172;148m██[38;2;82;90;106m██[38;2;131;115;90m██[38;2;65;65;65m██[38;2;65;65;65m██[38;2;180;172;148m██[38;2;180;172;148m██[38;2;65;65;65m██[38;2;65;65;65m██[38;2;131;115;90m██[38;2;65;65;65m██[38;2;180;172;148m██[38;2;180;172;148m██[38;2;0;0;0m██          
                            [38;2;0;0;0m██[38;2;0;0;0m██[38;2;180;172;148m██[38;2;180;172;148m██[38;2;180;172;148m██[38;2;82;90;106m██[38;2;131;115;90m██[38;2;65;65;65m██[38;2;180;172;148m██[38;2;180;172;148m██[38;2;180;172;148m██[38;2;180;172;148m██[38;2;180;172;148m██[38;2;180;172;148m██[38;2;65;65;65m██[38;2;65;65;65m██[38;2;131;115;90m██[38;2;180;172;148m██[38;2;180;172;148m██[38;2;0;0;0m██        
                          [38;2;0;0;0m██[38;2;65;65;65m██[38;2;180;172;148m██[38;2;180;172;148m██[38;2;180;172;148m██[38;2;82;90;106m██[38;2;131;115;90m██[38;2;65;65;65m██[38;2;180;172;148m██[38;2;180;172;148m██[38;2;180;172;148m██[38;2;180;172;148m██[38;2;180;172;148m██[38;2;180;172;148m██[38;2;180;172;148m██[38;2;180;172;148m██[38;2;156;148;98m██[38;2;65;65;65m██[38;2;131;115;90m██[38;2;131;115;90m██[38;2;180;172;148m██[38;2;0;0;0m██      
                        [38;2;0;0;0m██[38;2;65;65;65m██[38;2;180;172;148m██[38;2;180;172;148m██[38;2;82;90;106m██[38;2;82;90;106m██[38;2;131;115;90m██[38;2;65;65;65m██[38;2;131;115;90m██[38;2;82;90;106m██[38;2;180;172;148m██[38;2;180;172;148m██[38;2;180;172;148m██[38;2;180;172;148m██[38;2;180;172;148m██[38;2;180;172;148m██[38;2;156;148;98m██[38;2;180;172;148m██[38;2;156;148;98m██[38;2;65;65;65m██[38;2;131;115;90m██[38;2;131;115;90m██[38;2;131;115;90m██[38;2;0;0;0m██    
                      [38;2;0;0;0m██[38;2;131;115;90m██[38;2;65;65;65m██[38;2;82;90;106m██[38;2;82;90;106m██[38;2;131;115;90m██[38;2;65;65;65m██[38;2;65;65;65m██[38;2;65;65;65m██[38;2;131;115;90m██[38;2;131;115;90m██[38;2;82;90;106m██[38;2;180;172;148m██[38;2;180;172;148m██[38;2;180;172;148m██[38;2;180;172;148m██[38;2;156;148;98m██[38;2;180;172;148m██[38;2;156;148;98m██[38;2;180;172;148m██[38;2;65;65;65m██[38;2;65;65;65m██[38;2;65;65;65m██[38;2;131;115;90m██[38;2;0;0;0m██    
                    [38;2;0;0;0m██[38;2;131;115;90m██[38;2;131;115;90m██[38;2;65;65;65m██[38;2;131;115;90m██[38;2;131;115;90m██[38;2;65;65;65m██[38;2;82;90;106m██[38;2;82;90;106m██[38;2;131;115;90m██[38;2;65;65;65m██[38;2;131;115;90m██[38;2;131;115;90m██[38;2;82;90;106m██[38;2;180;172;148m██[38;2;180;172;148m██[38;2;180;172;148m██[38;2;180;172;148m██[38;2;156;148;98m██[38;2;180;172;148m██[38;2;131;115;90m██[38;2;65;65;65m██[38;2;131;115;90m██[38;2;131;115;90m██[38;2;65;65;65m██[38;2;0;0;0m██    
                    [38;2;0;0;0m██[38;2;131;115;90m██[38;2;131;115;90m██[38;2;131;115;90m██[38;2;65;65;65m██[38;2;65;65;65m██[38;2;82;90;106m██[38;2;180;172;148m██[38;2;180;172;148m██[38;2;82;90;106m██[38;2;131;115;90m██[38;2;65;65;65m██[38;2;131;115;90m██[38;2;131;115;90m██[38;2;82;90;106m██[38;2;180;172;148m██[38;2;180;172;148m██[38;2;82;90;106m██[38;2;82;90;106m██[38;2;131;115;90m██[38;2;65;65;65m██[38;2;131;115;90m██[38;2;131;115;90m██[38;2;82;90;106m██[38;2;180;172;148m██[38;2;82;90;106m██[38;2;0;0;0m██  
  [38;2;0;0;0m██[38;2;0;0;0m██            [38;2;0;0;0m██[38;2;131;115;90m██[38;2;131;115;90m██[38;2;65;65;65m██[38;2;65;65;65m██[38;2;82;90;106m██[38;2;180;172;148m██[38;2;180;172;148m██[38;2;180;172;148m██[38;2;180;172;148m██[38;2;180;172;148m██[38;2;82;90;106m██[38;2;131;115;90m██[38;2;65;65;65m██[38;2;131;115;90m██[38;2;131;115;90m██[38;2;82;90;106m██[38;2;82;90;106m██[38;2;131;115;90m██[38;2;131;115;90m██[38;2;131;115;90m██[38;2;65;65;65m██[38;2;131;115;90m██[38;2;82;90;106m██[38;2;180;172;148m██[38;2;156;148;98m██[38;2;180;172;148m██[38;2;0;0;0m██  
[38;2;0;0;0m██[38;2;213;213;213m██[38;2;213;213;213m██[38;2;0;0;0m██[38;2;0;0;0m██[38;2;0;0;0m██      [38;2;0;0;0m██[38;2;131;115;90m██[38;2;65;65;65m██[38;2;131;115;90m██[38;2;65;65;65m██[38;2;180;172;148m██[38;2;180;172;148m██[38;2;180;172;148m██[38;2;180;172;148m██[38;2;180;172;148m██[38;2;180;172;148m██[38;2;180;172;148m██[38;2;82;90;106m██[38;2;131;115;90m██[38;2;65;65;65m██[38;2;131;115;90m██[38;2;131;115;90m██[38;2;131;115;90m██[38;2;65;65;65m██[38;2;65;65;65m██[38;2;65;65;65m██[38;2;131;115;90m██[38;2;131;115;90m██[38;2;82;90;106m██[38;2;156;148;98m██[38;2;180;172;148m██[38;2;156;148;98m██[38;2;0;0;0m██  
  [38;2;0;0;0m██[38;2;139;90;90m██[38;2;139;90;90m██[38;2;164;131;98m██[38;2;65;65;65m██[38;2;0;0;0m██      [38;2;0;0;0m██[38;2;82;90;106m██[38;2;131;115;90m██[38;2;65;65;65m██[38;2;180;172;148m██[38;2;180;172;148m██[38;2;180;172;148m██[38;2;180;172;148m██[38;2;180;172;148m██[38;2;180;172;148m██[38;2;180;172;148m██[38;2;82;90;106m██[38;2;131;115;90m██[38;2;65;65;65m██[38;2;65;65;65m██[38;2;65;65;65m██[38;2;65;65;65m██[38;2;131;115;90m██[38;2;131;115;90m██[38;2;131;115;90m██[38;2;65;65;65m██[38;2;131;115;90m██[38;2;131;115;90m██[38;2;82;90;106m██[38;2;156;148;98m██[38;2;180;172;148m██[38;2;156;148;98m██[38;2;0;0;0m██
    [38;2;0;0;0m██[38;2;164;131;98m██[38;2;65;65;65m██[38;2;213;213;213m██[38;2;213;213;213m██[38;2;0;0;0m██  [38;2;0;0;0m██[38;2;180;172;148m██[38;2;180;172;148m██[38;2;82;90;106m██[38;2;131;115;90m██[38;2;65;65;65m██[38;2;180;172;148m██[38;2;180;172;148m██[38;2;180;172;148m██[38;2;180;172;148m██[38;2;180;172;148m██[38;2;82;90;106m██[38;2;131;115;90m██[38;2;131;115;90m██[38;2;65;65;65m██[38;2;131;115;90m██[38;2;131;115;90m██[38;2;131;115;90m██[38;2;131;115;90m██[38;2;82;90;106m██[38;2;82;90;106m██[38;2;180;172;148m██[38;2;82;90;106m██[38;2;65;65;65m██[38;2;65;65;65m██[38;2;180;172;148m██[38;2;156;148;98m██[38;2;180;172;148m██[38;2;0;0;0m██
  [38;2;0;0;0m██[38;2;139;90;90m██[38;2;164;131;98m██[38;2;164;131;98m██[38;2;65;65;65m██[38;2;164;131;98m██[38;2;65;65;65m██[38;2;0;0;0m██[38;2;0;0;0m██[38;2;180;172;148m██[38;2;180;172;148m██[38;2;82;90;106m██[38;2;131;115;90m██[38;2;65;65;65m██[38;2;65;65;65m██[38;2;65;65;65m██[38;2;65;65;65m██[38;2;180;172;148m██[38;2;180;172;148m██[38;2;82;90;106m██[38;2;131;115;90m██[38;2;65;65;65m██[38;2;131;115;90m██[38;2;131;115;90m██[38;2;131;115;90m██[38;2;82;90;106m██[38;2;82;90;106m██[38;2;180;172;148m██[38;2;180;172;148m██[38;2;180;172;148m██[38;2;65;65;65m██[38;2;255;255;255m██[38;2;255;255;255m██[38;2;65;65;65m██[38;2;180;172;148m██[38;2;0;0;0m██  
[38;2;0;0;0m██[38;2;213;213;213m██[38;2;213;213;213m██[38;2;139;90;90m██[38;2;164;131;98m██[38;2;164;131;98m██[38;2;164;131;98m██[38;2;65;65;65m██[38;2;164;131;98m██[38;2;65;65;65m██[38;2;180;172;148m██[38;2;180;172;148m██[38;2;180;172;148m██[38;2;65;65;65m██[38;2;65;65;65m██[38;2;205;172;156m██[38;2;205;172;156m██[38;2;205;172;156m██[38;2;65;65;65m██[38;2;65;65;65m██[38;2;65;65;65m██[38;2;131;115;90m██[38;2;65;65;65m██[38;2;131;115;90m██[38;2;131;115;90m██[38;2;82;90;106m██[38;2;180;172;148m██[38;2;180;172;148m██[38;2;180;172;148m██[38;2;180;172;148m██[38;2;180;172;148m██[38;2;180;172;148m██[38;2;65;65;65m██[38;2;164;131;98m██[38;2;205;172;156m██[38;2;65;65;65m██[38;2;0;0;0m██  
  [38;2;0;0;0m██[38;2;0;0;0m██[38;2;0;0;0m██[38;2;0;0;0m██[38;2;164;131;98m██[38;2;65;65;65m██[38;2;139;90;90m██[38;2;139;90;90m██[38;2;164;131;98m██[38;2;65;65;65m██[38;2;180;172;148m██[38;2;65;65;65m██[38;2;205;172;156m██[38;2;205;172;156m██[38;2;205;172;156m██[38;2;205;172;156m██[38;2;205;172;156m██[38;2;205;172;156m██[38;2;205;172;156m██[38;2;205;172;156m██[38;2;65;65;65m██[38;2;131;115;90m██[38;2;131;115;90m██[38;2;131;115;90m██[38;2;82;90;106m██[38;2;180;172;148m██[38;2;180;172;148m██[38;2;180;172;148m██[38;2;180;172;148m██[38;2;65;65;65m██[38;2;65;65;65m██[38;2;205;172;156m██[38;2;205;172;156m██[38;2;205;172;156m██[38;2;205;172;156m██[38;2;0;0;0m██  
          [38;2;0;0;0m██[38;2;0;0;0m██[38;2;0;0;0m██[38;2;164;131;98m██[38;2;139;90;90m██[38;2;139;90;90m██[38;2;65;65;65m██[38;2;205;172;156m██[38;2;205;172;156m██[38;2;205;172;156m██[38;2;205;172;156m██[38;2;205;172;156m██[38;2;205;172;156m██[38;2;205;172;156m██[38;2;205;172;156m██[38;2;205;172;156m██[38;2;139;90;90m██[38;2;65;65;65m██[38;2;131;115;90m██[38;2;82;90;106m██[38;2;180;172;148m██[38;2;180;172;148m██[38;2;180;172;148m██[38;2;180;172;148m██[38;2;65;65;65m██[38;2;255;255;255m██[38;2;164;131;98m██[38;2;205;172;156m██[38;2;205;172;156m██[38;2;205;172;156m██[38;2;82;90;106m██[38;2;0;0;0m██  
                [38;2;0;0;0m██[38;2;0;0;0m██[38;2;0;0;0m██[38;2;65;65;65m██[38;2;205;172;156m██[38;2;205;172;156m██[38;2;205;172;156m██[38;2;205;172;156m██[38;2;205;172;156m██[38;2;205;172;156m██[38;2;205;172;156m██[38;2;98;82;49m██[38;2;98;82;49m██[38;2;164;131;98m██[38;2;164;131;98m██[38;2;65;65;65m██[38;2;82;90;106m██[38;2;180;172;148m██[38;2;180;172;148m██[38;2;180;172;148m██[38;2;180;172;148m██[38;2;180;172;148m██[38;2;65;65;65m██[38;2;205;172;156m██[38;2;205;172;156m██[38;2;205;172;156m██[38;2;82;90;106m██[38;2;255;255;255m██[38;2;164;131;98m██[38;2;0;0;0m██
                    [38;2;0;0;0m██[38;2;205;172;156m██[38;2;205;172;156m██[38;2;205;172;156m██[38;2;205;172;156m██[38;2;205;172;156m██[38;2;205;172;156m██[38;2;205;172;156m██[38;2;98;82;49m██[38;2;255;255;255m██[38;2;139;90;90m██[38;2;164;131;98m██[38;2;164;131;98m██[38;2;65;65;65m██[38;2;131;115;90m██[38;2;82;90;106m██[38;2;180;172;148m██[38;2;180;172;148m██[38;2;156;148;98m██[38;2;180;172;148m██[38;2;156;148;98m██[38;2;65;65;65m██[38;2;205;172;156m██[38;2;205;172;156m██[38;2;205;172;156m██[38;2;82;90;106m██[38;2;164;131;98m██[38;2;0;0;0m██
                    [38;2;0;0;0m██[38;2;205;172;156m██[38;2;205;172;156m██[38;2;205;172;156m██[38;2;205;172;156m██[38;2;205;172;156m██[38;2;205;172;156m██[38;2;98;82;49m██[38;2;255;98;65m██[38;2;255;255;255m██[38;2;139;90;90m██[38;2;164;131;98m██[38;2;164;131;98m██[38;2;164;131;98m██[38;2;65;65;65m██[38;2;82;90;106m██[38;2;180;172;148m██[38;2;156;148;98m██[38;2;180;172;148m██[38;2;156;148;98m██[38;2;180;172;148m██[38;2;156;148;98m██[38;2;65;65;65m██[38;2;82;90;106m██[38;2;82;90;106m██[38;2;164;131;98m██[38;2;139;90;90m██[38;2;0;0;0m██
                      [38;2;0;0;0m██[38;2;205;172;156m██[38;2;205;172;156m██[38;2;205;172;156m██[38;2;205;172;156m██[38;2;98;82;49m██[38;2;0;0;0m██[38;2;255;98;65m██[38;2;255;255;255m██[38;2;164;131;98m██[38;2;164;131;98m██[38;2;164;131;98m██[38;2;164;131;98m██[38;2;65;65;65m██[38;2;131;115;90m██[38;2;82;90;106m██[38;2;180;172;148m██[38;2;156;148;98m██[38;2;65;65;65m██[38;2;65;65;65m██[38;2;65;65;65m██[38;2;164;131;98m██[38;2;164;131;98m██[38;2;164;131;98m██[38;2;164;131;98m██[38;2;164;131;98m██[38;2;0;0;0m██
                      [38;2;0;0;0m██[38;2;205;172;156m██[38;2;205;172;156m██[38;2;205;172;156m██[38;2;164;131;98m██[38;2;98;82;49m██[38;2;255;98;65m██[38;2;255;255;255m██[38;2;164;131;98m██[38;2;164;131;98m██[38;2;98;82;49m██[38;2;164;131;98m██[38;2;65;65;65m██[38;2;98;82;49m██[38;2;65;65;65m██[38;2;65;65;65m██[38;2;65;65;65m██[38;2;65;65;65m██[38;2;131;115;90m██[38;2;131;115;90m██[38;2;131;115;90m██[38;2;65;65;65m██[38;2;164;131;98m██[38;2;164;131;98m██[38;2;65;65;65m██[38;2;0;0;0m██  
                      [38;2;0;0;0m██[38;2;205;172;156m██[38;2;205;172;156m██[38;2;205;172;156m██[38;2;98;82;49m██[38;2;164;131;98m██[38;2;164;131;98m██[38;2;98;82;49m██[38;2;98;82;49m██[38;2;98;82;49m██[38;2;164;131;98m██[38;2;65;65;65m██[38;2;98;82;49m██[38;2;65;65;65m██[38;2;98;82;49m██[38;2;131;115;90m██[38;2;131;115;90m██[38;2;131;115;90m██[38;2;98;82;49m██[38;2;65;65;65m██[38;2;65;65;65m██[38;2;205;172;156m██[38;2;65;65;65m██[38;2;0;0;0m██[38;2;0;0;0m██    
                      [38;2;0;0;0m██[38;2;139;90;90m██[38;2;139;90;90m██[38;2;139;90;90m██[38;2;164;131;98m██[38;2;164;131;98m██[38;2;98;82;49m██[38;2;255;123;139m██[38;2;255;123;139m██[38;2;164;131;98m██[38;2;65;65;65m██[38;2;98;82;49m██[38;2;65;65;65m██[38;2;98;82;49m██[38;2;131;115;90m██[38;2;98;82;49m██[38;2;98;82;49m██[38;2;98;82;49m██[38;2;65;65;65m██[38;2;205;172;156m██[38;2;205;172;156m██[38;2;205;172;156m██[38;2;205;172;156m██[38;2;0;0;0m██      
                        [38;2;0;0;0m██[38;2;65;65;65m██[38;2;98;82;49m██[38;2;98;82;49m██[38;2;98;82;49m██[38;2;255;123;139m██[38;2;255;123;139m██[38;2;164;131;98m██[38;2;65;65;65m██[38;2;0;0;0m██[38;2;0;0;0m██[38;2;0;0;0m██[38;2;131;115;90m██[38;2;98;82;49m██[38;2;98;82;49m██[38;2;98;82;49m██[38;2;65;65;65m██[38;2;205;172;156m██[38;2;205;172;156m██[38;2;205;172;156m██[38;2;205;172;156m██[38;2;205;172;156m██[38;2;205;172;156m██[38;2;0;0;0m██    
                      [38;2;0;0;0m██[38;2;139;90;90m██[38;2;139;90;90m██[38;2;65;65;65m██[38;2;255;123;139m██[38;2;255;123;139m██[38;2;255;255;255m██[38;2;0;0;0m██[38;2;0;0;0m██[38;2;0;0;0m██      [38;2;0;0;0m██[38;2;0;0;0m██[38;2;0;0;0m██[38;2;65;65;65m██[38;2;164;131;98m██[38;2;164;131;98m██[38;2;205;172;156m██[38;2;205;172;156m██[38;2;205;172;156m██[38;2;205;172;156m██[38;2;205;172;156m██[38;2;0;0;0m██    
                    [38;2;0;0;0m██[38;2;213;213;213m██[38;2;65;65;65m██[38;2;139;90;90m██[38;2;139;90;90m██[38;2;65;65;65m██[38;2;65;65;65m██[38;2;0;0;0m██                  [38;2;0;0;0m██[38;2;164;131;98m██[38;2;164;131;98m██[38;2;139;90;90m██[38;2;205;172;156m██[38;2;205;172;156m██[38;2;205;172;156m██[38;2;164;131;98m██[38;2;0;0;0m██    
                      [38;2;0;0;0m██[38;2;0;0;0m██[38;2;213;213;213m██[38;2;65;65;65m██[38;2;213;213;213m██[38;2;0;0;0m██                      [38;2;0;0;0m██[38;2;164;131;98m██[38;2;164;131;98m██[38;2;139;90;90m██[38;2;164;131;98m██[38;2;139;90;90m██[38;2;0;0;0m██      
                          [38;2;0;0;0m██[38;2;0;0;0m██[38;2;0;0;0m██                        [38;2;0;0;0m██[38;2;164;131;98m██[38;2;164;131;98m██[38;2;164;131;98m██[38;2;164;131;98m██[38;2;164;131;98m██[38;2;0;0;0m██      
                                                      [38;2;0;0;0m██[38;2;255;255;255m██[38;2;139;90;90m██[38;2;139;90;90m██[38;2;164;131;98m██[38;2;139;90;90m██[38;2;139;90;90m██[38;2;255;255;255m██[38;2;0;0;0m██    
                                                        [38;2;0;0;0m██[38;2;0;0;0m██[38;2;255;255;255m██[38;2;0;0;0m██[38;2;255;255;255m██[38;2;0;0;0m██[38;2;0;0;0m██      
                                                            [38;2;0;0;0m██  [38;2;0;0;0m██          
