                      [38;2;0;0;0m██[38;2;0;0;0m██[38;2;0;0;0m██                  
                    [38;2;0;0;0m██[38;2;108;82;56m██[38;2;108;82;56m██[38;2;108;82;56m██[38;2;0;0;0m██                
                  [38;2;0;0;0m██[38;2;108;82;56m██[38;2;108;82;56m██[38;2;241;140;94m██[38;2;0;0;0m██[38;2;0;0;0m██                
                  [38;2;0;0;0m██[38;2;108;82;56m██[38;2;241;140;94m██[38;2;0;0;0m██                    
                [38;2;0;0;0m██[38;2;241;140;94m██[38;2;65;65;65m██[38;2;208;115;86m██[38;2;241;140;94m██[38;2;0;0;0m██                  
        [38;2;0;0;0m██[38;2;0;0;0m██[38;2;0;0;0m██[38;2;0;0;0m██[38;2;241;140;94m██[38;2;241;140;94m██[38;2;241;140;94m██[38;2;241;140;94m██[38;2;241;140;94m██[38;2;241;140;94m██[38;2;0;0;0m██                
    [38;2;0;0;0m██[38;2;0;0;0m██[38;2;241;140;94m██[38;2;241;140;94m██[38;2;208;115;86m██[38;2;65;65;65m██[38;2;241;140;94m██[38;2;241;140;94m██[38;2;241;140;94m██[38;2;241;140;94m██[38;2;175;90;80m██[38;2;241;140;94m██[38;2;0;0;0m██                
  [38;2;0;0;0m██[38;2;241;140;94m██[38;2;241;140;94m██[38;2;0;0;0m██[38;2;0;0;0m██[38;2;0;0;0m██[38;2;0;0;0m██[38;2;208;115;86m██[38;2;241;140;94m██[38;2;241;140;94m██[38;2;175;90;80m██[38;2;166;115;52m██[38;2;241;140;94m██[38;2;241;140;94m██[38;2;0;0;0m██              
[38;2;0;0;0m██[38;2;241;140;94m██[38;2;241;140;94m██[38;2;0;0;0m██      [38;2;0;0;0m██[38;2;175;90;80m██[38;2;241;140;94m██[38;2;175;90;80m██[38;2;255;166;0m██[38;2;166;115;52m██[38;2;65;65;65m██[38;2;241;140;94m██[38;2;208;115;86m██[38;2;0;0;0m██[38;2;0;0;0m██[38;2;0;0;0m██        
[38;2;0;0;0m██[38;2;241;140;94m██[38;2;241;140;94m██[38;2;0;0;0m██        [38;2;0;0;0m██[38;2;166;115;52m██[38;2;198;149;76m██[38;2;255;190;90m██[38;2;198;149;76m██[38;2;0;0;0m██[38;2;0;0;0m██[38;2;241;140;94m██[38;2;241;140;94m██[38;2;208;115;86m██[38;2;175;90;80m██[38;2;0;0;0m██[38;2;0;0;0m██    
[38;2;0;0;0m██[38;2;175;90;80m██[38;2;241;140;94m██[38;2;241;140;94m██[38;2;0;0;0m██      [38;2;0;0;0m██[38;2;249;154;207m██[38;2;198;149;76m██[38;2;198;149;76m██[38;2;198;149;76m██[38;2;0;0;0m██  [38;2;0;0;0m██[38;2;0;0;0m██[38;2;241;140;94m██[38;2;241;140;94m██[38;2;241;140;94m██[38;2;241;140;94m██[38;2;0;0;0m██  
  [38;2;0;0;0m██[38;2;241;140;94m██[38;2;0;0;0m██        [38;2;0;0;0m██[38;2;166;115;52m██[38;2;198;149;76m██[38;2;198;149;76m██[38;2;198;149;76m██[38;2;0;0;0m██      [38;2;0;0;0m██[38;2;0;0;0m██[38;2;175;90;80m██[38;2;241;140;94m██[38;2;241;140;94m██[38;2;0;0;0m██
    [38;2;0;0;0m██[38;2;0;0;0m██        [38;2;0;0;0m██[38;2;198;149;76m██[38;2;198;149;76m██[38;2;198;149;76m██[38;2;198;149;76m██[38;2;0;0;0m██          [38;2;0;0;0m██[38;2;241;140;94m██[38;2;241;140;94m██[38;2;0;0;0m██
              [38;2;0;0;0m██[38;2;166;115;52m██[38;2;198;149;76m██[38;2;198;149;76m██[38;2;198;149;76m██[38;2;198;149;76m██[38;2;0;0;0m██        [38;2;0;0;0m██[38;2;241;140;94m██[38;2;241;140;94m██[38;2;241;140;94m██[38;2;0;0;0m██
            [38;2;0;0;0m██[38;2;82;66;48m██[38;2;198;149;76m██[38;2;198;149;76m██[38;2;198;149;76m██[38;2;198;149;76m██[38;2;198;149;76m██[38;2;166;115;52m██[38;2;0;0;0m██        [38;2;0;0;0m██[38;2;241;140;94m██[38;2;0;0;0m██  
          [38;2;0;0;0m██[38;2;82;66;48m██[38;2;108;82;56m██[38;2;166;115;52m██[38;2;198;149;76m██[38;2;198;149;76m██[38;2;198;149;76m██[38;2;108;82;56m██[38;2;82;66;48m██[38;2;0;0;0m██        [38;2;0;0;0m██[38;2;0;0;0m██    
          [38;2;0;0;0m██[38;2;175;90;80m██[38;2;108;82;56m██[38;2;108;82;56m██[38;2;82;66;48m██[38;2;108;82;56m██[38;2;108;82;56m██[38;2;82;66;48m██[38;2;82;66;48m██[38;2;108;82;56m██[38;2;0;0;0m██              
        [38;2;0;0;0m██[38;2;108;82;56m██[38;2;255;166;0m██[38;2;241;140;94m██[38;2;108;82;56m██[38;2;82;66;48m██[38;2;108;82;56m██[38;2;82;66;48m██[38;2;255;166;0m██[38;2;82;66;48m██[38;2;108;82;56m██[38;2;0;0;0m██              
        [38;2;0;0;0m██[38;2;82;66;48m██[38;2;108;82;56m██[38;2;108;82;56m██[38;2;108;82;56m██[38;2;82;66;48m██[38;2;108;82;56m██[38;2;241;140;94m██[38;2;255;190;90m██[38;2;108;82;56m██[38;2;82;66;48m██[38;2;108;82;56m██[38;2;0;0;0m██            
        [38;2;0;0;0m██[38;2;82;66;48m██[38;2;255;166;0m██[38;2;82;66;48m██[38;2;82;66;48m██[38;2;255;166;0m██[38;2;108;82;56m██[38;2;108;82;56m██[38;2;108;82;56m██[38;2;108;82;56m██[38;2;82;66;48m██[38;2;108;82;56m██[38;2;0;0;0m██            
          [38;2;0;0;0m██[38;2;208;115;86m██[38;2;255;190;90m██[38;2;255;190;90m██[38;2;255;190;90m██[38;2;108;82;56m██[38;2;108;82;56m██[38;2;255;166;0m██[38;2;108;82;56m██[38;2;82;66;48m██[38;2;108;82;56m██[38;2;0;0;0m██            
          [38;2;0;0;0m██[38;2;108;82;56m██[38;2;82;66;48m██[38;2;108;82;56m██[38;2;255;166;0m██[38;2;255;190;90m██[38;2;255;166;0m██[38;2;175;90;80m██[38;2;82;66;48m██[38;2;108;82;56m██[38;2;82;66;48m██[38;2;0;0;0m██            
            [38;2;0;0;0m██[38;2;82;66;48m██[38;2;108;82;56m██[38;2;0;0;0m██[38;2;0;0;0m██[38;2;108;82;56m██[38;2;82;66;48m██[38;2;82;66;48m██[38;2;108;82;56m██[38;2;0;0;0m██              
              [38;2;0;0;0m██[38;2;0;0;0m██    [38;2;0;0;0m██[38;2;82;66;48m██[38;2;108;82;56m██[38;2;0;0;0m██                
                        [38;2;0;0;0m██[38;2;0;0;0m██                  
