                    [38;2;0;0;0m██[38;2;0;0;0m██                  
                [38;2;0;0;0m██[38;2;0;0;0m██[38;2;139;180;139m██[38;2;139;180;139m██[38;2;0;0;0m██[38;2;0;0;0m██              
              [38;2;0;0;0m██[38;2;139;180;139m██[38;2;164;205;164m██[38;2;139;180;139m██[38;2;139;180;139m██[38;2;139;180;139m██[38;2;139;180;139m██[38;2;0;0;0m██            
    [38;2;0;0;0m██[38;2;0;0;0m██[38;2;0;0;0m██  [38;2;0;0;0m██[38;2;139;180;139m██[38;2;139;180;139m██[38;2;139;180;139m██[38;2;139;180;139m██[38;2;139;180;139m██[38;2;139;180;139m██[38;2;139;180;139m██[38;2;139;180;139m██[38;2;0;0;0m██          
  [38;2;0;0;0m██[38;2;139;180;139m██[38;2;139;180;139m██[38;2;74;123;65m██[38;2;0;0;0m██[38;2;255;255;255m██[38;2;139;180;139m██[38;2;139;180;139m██[38;2;139;180;139m██[38;2;139;180;139m██[38;2;115;156;106m██[38;2;65;65;65m██[38;2;139;180;139m██[38;2;115;156;106m██[38;2;0;0;0m██          
[38;2;0;0;0m██[38;2;164;205;164m██[38;2;139;180;139m██[38;2;139;180;139m██[38;2;139;180;139m██[38;2;255;255;255m██[38;2;0;0;0m██[38;2;139;180;139m██[38;2;139;180;139m██[38;2;115;156;106m██[38;2;115;156;106m██[38;2;255;255;255m██[38;2;255;255;255m██[38;2;65;65;65m██[38;2;115;156;106m██[38;2;139;180;139m██[38;2;0;0;0m██        
[38;2;0;0;0m██[38;2;139;180;139m██[38;2;115;156;106m██[38;2;139;180;139m██[38;2;65;65;65m██[38;2;139;180;139m██[38;2;139;180;139m██[38;2;74;123;65m██[38;2;74;123;65m██[38;2;74;123;65m██[38;2;255;255;255m██[38;2;0;0;0m██[38;2;255;255;255m██[38;2;65;65;65m██[38;2;139;180;139m██[38;2;213;197;65m██[38;2;0;0;0m██[38;2;0;0;0m██      
  [38;2;0;0;0m██[38;2;0;0;0m██[38;2;115;156;106m██[38;2;65;65;65m██[38;2;139;180;139m██[38;2;139;180;139m██[38;2;139;180;139m██[38;2;139;180;139m██[38;2;115;156;106m██[38;2;255;255;255m██[38;2;255;255;255m██[38;2;115;156;106m██[38;2;213;197;65m██[38;2;213;197;65m██[38;2;74;123;65m██[38;2;74;123;65m██[38;2;115;156;106m██[38;2;0;0;0m██    
      [38;2;0;0;0m██[38;2;115;156;106m██[38;2;65;65;65m██[38;2;65;65;65m██[38;2;139;180;139m██[38;2;139;180;139m██[38;2;139;180;139m██[38;2;139;180;139m██[38;2;139;180;139m██[38;2;65;65;65m██[38;2;255;238;65m██[38;2;74;123;65m██[38;2;74;123;65m██[38;2;115;156;106m██[38;2;115;156;106m██[38;2;0;0;0m██    
        [38;2;0;0;0m██[38;2;65;65;65m██[38;2;213;197;65m██[38;2;65;65;65m██[38;2;65;65;65m██[38;2;65;65;65m██[38;2;255;255;255m██[38;2;65;65;65m██[38;2;255;238;65m██[38;2;255;238;65m██[38;2;115;156;106m██[38;2;115;156;106m██[38;2;65;65;65m██[38;2;115;156;106m██[38;2;74;123;65m██[38;2;0;0;0m██  
      [38;2;0;0;0m██[38;2;115;156;106m██[38;2;115;156;106m██[38;2;213;197;65m██[38;2;65;65;65m██[38;2;65;65;65m██[38;2;65;65;65m██[38;2;65;65;65m██[38;2;255;238;65m██[38;2;255;238;65m██[38;2;115;156;106m██[38;2;115;156;106m██[38;2;139;180;139m██[38;2;115;156;106m██[38;2;65;65;65m██[38;2;74;123;65m██[38;2;115;156;106m██[38;2;0;0;0m██
    [38;2;0;0;0m██[38;2;115;156;106m██[38;2;74;123;65m██[38;2;255;238;65m██[38;2;65;65;65m██[38;2;65;65;65m██[38;2;115;156;222m██[38;2;115;156;222m██[38;2;65;65;65m██[38;2;255;238;65m██[38;2;65;65;65m██[38;2;65;65;65m██[38;2;139;180;139m██[38;2;139;180;139m██[38;2;139;180;139m██[38;2;65;65;65m██[38;2;115;156;106m██[38;2;115;156;106m██[38;2;0;0;0m██
    [38;2;0;0;0m██[38;2;115;156;106m██[38;2;74;123;65m██[38;2;255;238;65m██[38;2;255;238;65m██[38;2;65;65;65m██[38;2;65;65;65m██[38;2;65;65;65m██[38;2;255;238;65m██[38;2;65;65;65m██[38;2;115;156;106m██[38;2;164;205;164m██[38;2;164;205;164m██[38;2;139;180;139m██[38;2;115;156;106m██[38;2;65;65;65m██[38;2;115;156;106m██[38;2;74;123;65m██[38;2;0;0;0m██
      [38;2;0;0;0m██[38;2;115;156;106m██[38;2;74;123;65m██[38;2;255;238;65m██[38;2;255;238;65m██[38;2;255;238;65m██[38;2;255;238;65m██[38;2;213;197;65m██[38;2;65;65;65m██[38;2;139;180;139m██[38;2;115;156;106m██[38;2;164;205;164m██[38;2;115;156;106m██[38;2;65;65;65m██[38;2;115;156;106m██[38;2;115;156;106m██[38;2;0;0;0m██  
      [38;2;0;0;0m██[38;2;115;156;106m██[38;2;115;156;106m██[38;2;115;156;106m██[38;2;213;197;65m██[38;2;255;238;65m██[38;2;213;197;65m██[38;2;115;156;106m██[38;2;115;156;106m██[38;2;65;65;65m██[38;2;115;156;106m██[38;2;139;180;139m██[38;2;65;65;65m██[38;2;115;156;106m██[38;2;115;156;106m██[38;2;0;0;0m██    
        [38;2;0;0;0m██[38;2;115;156;106m██[38;2;115;156;106m██[38;2;0;0;0m██[38;2;255;238;65m██[38;2;74;123;65m██[38;2;74;123;65m██[38;2;74;123;65m██[38;2;115;156;106m██[38;2;65;65;65m██[38;2;65;65;65m██[38;2;115;156;106m██[38;2;0;0;0m██[38;2;0;0;0m██      
          [38;2;0;0;0m██[38;2;0;0;0m██  [38;2;0;0;0m██[38;2;115;156;106m██[38;2;115;156;106m██[38;2;115;156;106m██[38;2;115;156;106m██[38;2;0;0;0m██[38;2;0;0;0m██[38;2;0;0;0m██          
                  [38;2;0;0;0m██[38;2;0;0;0m██[38;2;0;0;0m██[38;2;0;0;0m██                
