                [38;2;0;0;0m██[38;2;0;0;0m██[38;2;0;0;0m██                                  
            [38;2;0;0;0m██[38;2;0;0;0m██[38;2;74;156;58m██[38;2;74;156;58m██[38;2;74;156;58m██[38;2;0;0;0m██[38;2;0;0;0m██                              
          [38;2;0;0;0m██[38;2;66;123;66m██[38;2;74;156;58m██[38;2;74;156;58m██[38;2;74;156;58m██[38;2;74;156;58m██[38;2;74;156;58m██[38;2;74;156;58m██[38;2;0;0;0m██[38;2;0;0;0m██                          
          [38;2;0;0;0m██[38;2;74;156;58m██[38;2;65;65;65m██[38;2;65;65;65m██[38;2;0;0;0m██[38;2;0;0;0m██[38;2;66;123;66m██[38;2;74;156;58m██[38;2;74;156;58m██[38;2;74;156;58m██[38;2;0;0;0m██                        
        [38;2;0;0;0m██[38;2;74;156;82m██[38;2;65;65;65m██[38;2;107;197;123m██[38;2;107;197;123m██[38;2;0;0;0m██  [38;2;0;0;0m██[38;2;0;0;0m██[38;2;66;123;66m██[38;2;66;123;66m██[38;2;74;156;58m██[38;2;0;0;0m██                      
      [38;2;0;0;0m██[38;2;107;197;123m██[38;2;107;197;123m██[38;2;107;197;123m██[38;2;107;197;123m██[38;2;107;197;123m██[38;2;107;197;123m██[38;2;0;0;0m██    [38;2;0;0;0m██[38;2;66;123;66m██[38;2;66;123;66m██[38;2;66;123;66m██[38;2;0;0;0m██      [38;2;0;0;0m██[38;2;0;0;0m██          
    [38;2;0;0;0m██[38;2;107;197;123m██[38;2;107;197;123m██[38;2;107;197;123m██[38;2;74;156;82m██[38;2;107;197;123m██[38;2;107;197;123m██[38;2;107;197;123m██[38;2;0;0;0m██      [38;2;0;0;0m██[38;2;66;123;66m██[38;2;66;123;66m██[38;2;66;123;66m██[38;2;0;0;0m██[38;2;0;0;0m██[38;2;0;0;0m██[38;2;66;123;66m██[38;2;0;0;0m██          
  [38;2;0;0;0m██[38;2;107;197;123m██[38;2;107;197;123m██[38;2;107;197;123m██[38;2;66;123;66m██[38;2;107;197;123m██[38;2;0;0;0m██[38;2;247;247;41m██[38;2;107;197;123m██[38;2;107;197;123m██[38;2;0;0;0m██      [38;2;0;0;0m██[38;2;0;0;0m██[38;2;66;123;66m██[38;2;66;123;66m██[38;2;66;123;66m██[38;2;66;123;66m██[38;2;0;0;0m██            
  [38;2;0;0;0m██[38;2;107;197;123m██[38;2;74;156;82m██[38;2;107;197;123m██[38;2;107;197;123m██[38;2;247;247;41m██[38;2;0;0;0m██[38;2;247;247;41m██[38;2;230;82;90m██[38;2;107;197;123m██[38;2;0;0;0m██          [38;2;0;0;0m██[38;2;0;0;0m██[38;2;0;0;0m██[38;2;0;0;0m██              
    [38;2;0;0;0m██[38;2;107;197;123m██[38;2;107;197;123m██[38;2;74;156;82m██[38;2;74;156;82m██[38;2;74;156;82m██[38;2;230;82;90m██[38;2;230;82;90m██[38;2;107;197;123m██[38;2;74;156;82m██[38;2;0;0;0m██                              
      [38;2;0;0;0m██[38;2;0;0;0m██[38;2;173;74;82m██[38;2;230;82;90m██[38;2;230;82;90m██[38;2;230;82;90m██[38;2;230;82;90m██[38;2;173;74;82m██[38;2;74;156;82m██[38;2;74;156;82m██[38;2;0;0;0m██[38;2;0;0;0m██      [38;2;0;0;0m██[38;2;0;0;0m██[38;2;0;0;0m██              
[38;2;0;0;0m██[38;2;0;0;0m██[38;2;0;0;0m██    [38;2;0;0;0m██[38;2;65;65;65m██[38;2;230;82;90m██[38;2;230;82;90m██[38;2;230;82;90m██[38;2;230;82;90m██[38;2;65;65;65m██[38;2;74;156;82m██[38;2;74;156;82m██[38;2;74;156;82m██[38;2;0;0;0m██[38;2;0;0;0m██[38;2;0;0;0m██[38;2;74;156;58m██[38;2;74;156;58m██[38;2;0;0;0m██              
[38;2;0;0;0m██[38;2;74;156;58m██[38;2;74;156;58m██[38;2;0;0;0m██[38;2;0;0;0m██[38;2;74;156;82m██[38;2;74;156;82m██[38;2;0;0;0m██[38;2;0;0;0m██[38;2;230;82;90m██[38;2;230;82;90m██[38;2;230;82;90m██[38;2;65;65;65m██[38;2;65;65;65m██[38;2;107;197;123m██[38;2;107;197;123m██[38;2;0;0;0m██[38;2;65;65;65m██[38;2;65;65;65m██[38;2;0;0;0m██                
  [38;2;0;0;0m██[38;2;65;65;65m██[38;2;74;156;82m██[38;2;107;197;123m██[38;2;0;0;0m██[38;2;0;0;0m██    [38;2;0;0;0m██[38;2;173;74;82m██[38;2;65;65;65m██[38;2;107;197;123m██[38;2;107;197;123m██[38;2;107;197;123m██[38;2;65;65;65m██[38;2;65;65;65m██[38;2;74;156;58m██[38;2;74;156;58m██[38;2;74;156;58m██[38;2;0;0;0m██              
[38;2;0;0;0m██[38;2;58;107;58m██[38;2;0;0;0m██[38;2;107;197;123m██[38;2;66;123;66m██[38;2;0;0;0m██    [38;2;0;0;0m██[38;2;0;0;0m██[38;2;65;65;65m██[38;2;107;197;123m██[38;2;65;65;65m██[38;2;107;197;123m██[38;2;65;65;65m██[38;2;74;156;58m██[38;2;74;156;58m██[38;2;65;65;65m██[38;2;65;65;65m██[38;2;0;0;0m██            [38;2;0;0;0m██[38;2;0;0;0m██
[38;2;0;0;0m██[38;2;0;0;0m██  [38;2;0;0;0m██[38;2;0;0;0m██    [38;2;0;0;0m██[38;2;65;65;65m██[38;2;74;156;82m██[38;2;173;74;82m██[38;2;65;65;65m██[38;2;65;65;65m██[38;2;107;197;123m██[38;2;65;65;65m██[38;2;65;65;65m██[38;2;65;65;65m██[38;2;74;156;82m██[38;2;0;0;0m██    [38;2;0;0;0m██[38;2;0;0;0m██[38;2;0;0;0m██[38;2;0;0;0m██[38;2;0;0;0m██[38;2;74;156;58m██[38;2;0;0;0m██
              [38;2;0;0;0m██[38;2;74;156;82m██[38;2;74;156;82m██[38;2;65;65;65m██[38;2;74;156;82m██[38;2;74;156;82m██[38;2;65;65;65m██[38;2;173;74;82m██[38;2;74;156;82m██[38;2;107;197;123m██[38;2;107;197;123m██[38;2;65;65;65m██[38;2;0;0;0m██[38;2;0;0;0m██[38;2;58;107;58m██[38;2;58;107;58m██[38;2;58;107;58m██[38;2;74;156;58m██[38;2;74;156;58m██[38;2;0;0;0m██  
                [38;2;0;0;0m██[38;2;74;156;82m██[38;2;74;156;82m██[38;2;0;0;0m██[38;2;173;74;82m██[38;2;173;74;82m██[38;2;65;65;65m██[38;2;107;197;123m██[38;2;107;197;123m██[38;2;107;197;123m██[38;2;74;156;82m██[38;2;65;65;65m██[38;2;58;107;58m██[38;2;58;107;58m██[38;2;58;107;58m██[38;2;0;0;0m██[38;2;0;0;0m██[38;2;0;0;0m██    
              [38;2;0;0;0m██[38;2;74;156;82m██[38;2;74;156;82m██[38;2;0;0;0m██  [38;2;0;0;0m██[38;2;0;0;0m██[38;2;0;0;0m██[38;2;0;0;0m██[38;2;107;197;123m██[38;2;74;156;82m██[38;2;74;156;82m██[38;2;0;0;0m██[38;2;0;0;0m██[38;2;0;0;0m██[38;2;0;0;0m██          
                [38;2;0;0;0m██[38;2;0;0;0m██            [38;2;0;0;0m██[38;2;58;107;58m██[38;2;0;0;0m██                  
                              [38;2;0;0;0m██[38;2;107;197;123m██[38;2;74;156;82m██[38;2;107;197;123m██[38;2;0;0;0m██                
                                [38;2;0;0;0m██[38;2;0;0;0m██[38;2;0;0;0m██                  
