                [38;2;0;0;0m██[38;2;0;0;0m██[38;2;0;0;0m██[38;2;0;0;0m██          
            [38;2;0;0;0m██[38;2;0;0;0m██[38;2;205;213;213m██[38;2;205;213;213m██[38;2;205;213;213m██[38;2;205;213;213m██[38;2;0;0;0m██[38;2;0;0;0m██      
          [38;2;0;0;0m██[38;2;230;115;65m██[38;2;230;115;65m██[38;2;230;115;65m██[38;2;65;65;65m██[38;2;205;213;213m██[38;2;205;213;213m██[38;2;205;213;213m██[38;2;205;213;213m██[38;2;0;0;0m██    
        [38;2;0;0;0m██[38;2;230;115;65m██[38;2;230;115;65m██[38;2;230;115;65m██[38;2;230;115;65m██[38;2;230;115;65m██[38;2;65;65;65m██[38;2;205;213;213m██[38;2;205;213;213m██[38;2;205;213;213m██[38;2;205;213;213m██[38;2;0;0;0m██  
      [38;2;0;0;0m██[38;2;230;115;65m██[38;2;230;115;65m██[38;2;230;115;65m██[38;2;230;115;65m██[38;2;230;115;65m██[38;2;230;115;65m██[38;2;255;213;82m██[38;2;65;65;65m██[38;2;205;213;213m██[38;2;205;213;213m██[38;2;205;213;213m██[38;2;0;0;0m██  
      [38;2;0;0;0m██[38;2;255;213;82m██[38;2;230;115;65m██[38;2;230;115;65m██[38;2;230;115;65m██[38;2;255;213;82m██[38;2;255;213;82m██[38;2;255;213;82m██[38;2;65;65;65m██[38;2;205;213;213m██[38;2;115;123;123m██[38;2;205;213;213m██[38;2;255;213;82m██[38;2;0;0;0m██
    [38;2;0;0;0m██[38;2;0;0;0m██[38;2;65;65;65m██[38;2;255;213;82m██[38;2;255;213;82m██[38;2;255;213;82m██[38;2;255;213;82m██[38;2;65;65;65m██[38;2;0;0;0m██[38;2;255;255;255m██[38;2;172;180;180m██[38;2;255;213;82m██[38;2;115;123;123m██[38;2;172;180;180m██[38;2;0;0;0m██
  [38;2;0;0;0m██[38;2;213;172;82m██[38;2;213;172;82m██[38;2;65;65;65m██[38;2;65;65;65m██[38;2;65;65;65m██[38;2;65;65;65m██[38;2;65;65;65m██[38;2;255;255;255m██[38;2;0;0;0m██[38;2;255;255;255m██[38;2;172;180;180m██[38;2;255;213;82m██[38;2;65;65;65m██[38;2;172;180;180m██[38;2;0;0;0m██
[38;2;0;0;0m██[38;2;189;82;65m██[38;2;189;82;65m██[38;2;213;172;82m██[38;2;65;65;65m██[38;2;115;74;57m██[38;2;65;65;65m██[38;2;255;213;82m██[38;2;255;213;82m██[38;2;148;106;57m██[38;2;255;255;255m██[38;2;115;74;57m██[38;2;172;180;180m██[38;2;172;180;180m██[38;2;0;0;0m██[38;2;0;0;0m██  
[38;2;0;0;0m██[38;2;189;82;65m██[38;2;189;82;65m██[38;2;0;0;0m██[38;2;0;0;0m██[38;2;115;74;57m██[38;2;65;65;65m██[38;2;230;115;65m██[38;2;255;213;82m██[38;2;115;74;57m██[38;2;115;74;57m██[38;2;65;65;65m██[38;2;172;180;180m██[38;2;65;65;65m██[38;2;0;0;0m██    
[38;2;0;0;0m██[38;2;0;0;0m██[38;2;0;0;0m██    [38;2;0;0;0m██[38;2;230;115;65m██[38;2;230;115;65m██[38;2;230;115;65m██[38;2;65;65;65m██[38;2;65;65;65m██[38;2;172;180;180m██[38;2;172;180;180m██[38;2;0;0;0m██      
          [38;2;0;0;0m██[38;2;230;115;65m██[38;2;230;115;65m██[38;2;0;0;0m██[38;2;0;0;0m██[38;2;172;180;180m██[38;2;172;180;180m██[38;2;0;0;0m██        
          [38;2;0;0;0m██[38;2;0;0;0m██[38;2;0;0;0m██    [38;2;0;0;0m██[38;2;0;0;0m██          
