                    [38;2;0;0;0m██                                      
                  [38;2;0;0;0m██[38;2;74;107;197m██[38;2;0;0;0m██          [38;2;0;0;0m██                        
                  [38;2;0;0;0m██[38;2;74;107;197m██[38;2;0;0;0m██        [38;2;0;0;0m██[38;2;74;148;230m██[38;2;0;0;0m██                      
                [38;2;0;0;0m██[38;2;74;107;197m██[38;2;197;173;107m██[38;2;0;0;0m██      [38;2;0;0;0m██[38;2;74;148;230m██[38;2;247;222;123m██[38;2;0;0;0m██                      
                [38;2;0;0;0m██[38;2;74;107;197m██[38;2;197;173;107m██[38;2;197;173;107m██[38;2;0;0;0m██    [38;2;0;0;0m██[38;2;74;148;230m██[38;2;247;222;123m██[38;2;247;222;123m██[38;2;0;0;0m██[38;2;0;0;0m██[38;2;0;0;0m██                
                [38;2;0;0;0m██[38;2;74;107;197m██[38;2;197;173;107m██[38;2;197;173;107m██[38;2;0;0;0m██  [38;2;0;0;0m██[38;2;74;148;230m██[38;2;247;222;123m██[38;2;247;222;123m██[38;2;247;222;123m██[38;2;247;222;123m██[38;2;74;148;230m██[38;2;0;0;0m██                
              [38;2;0;0;0m██[38;2;74;107;197m██[38;2;74;107;197m██[38;2;197;173;107m██[38;2;197;173;107m██[38;2;197;173;107m██[38;2;0;0;0m██[38;2;65;65;65m██[38;2;74;148;230m██[38;2;247;222;123m██[38;2;247;222;123m██[38;2;247;222;123m██[38;2;74;148;230m██[38;2;0;0;0m██                  
            [38;2;0;0;0m██[38;2;123;123;123m██[38;2;65;65;65m██[38;2;74;107;197m██[38;2;197;173;107m██[38;2;197;173;107m██[38;2;65;65;65m██[38;2;74;148;230m██[38;2;74;107;197m██[38;2;247;222;123m██[38;2;247;222;123m██[38;2;247;222;123m██[38;2;74;148;230m██[38;2;74;148;230m██[38;2;197;173;107m██[38;2;0;0;0m██                
            [38;2;0;0;0m██[38;2;123;123;123m██[38;2;65;65;65m██[38;2;74;148;230m██[38;2;65;65;65m██[38;2;65;65;65m██[38;2;74;107;197m██[38;2;74;148;230m██[38;2;74;107;197m██[38;2;247;222;123m██[38;2;247;222;123m██[38;2;247;222;123m██[38;2;74;107;197m██[38;2;197;173;107m██[38;2;197;173;107m██[38;2;0;0;0m██      [38;2;0;0;0m██[38;2;0;0;0m██      
            [38;2;0;0;0m██[38;2;123;123;123m██[38;2;65;65;65m██[38;2;74;148;230m██[38;2;74;148;230m██[38;2;74;148;230m██[38;2;74;148;230m██[38;2;74;148;230m██[38;2;74;148;230m██[38;2;74;107;197m██[38;2;247;222;123m██[38;2;74;107;197m██[38;2;74;148;230m██[38;2;197;173;107m██[38;2;0;0;0m██    [38;2;0;0;0m██[38;2;0;0;0m██[38;2;74;148;230m██[38;2;0;0;0m██[38;2;0;0;0m██    
  [38;2;0;0;0m██[38;2;0;0;0m██    [38;2;0;0;0m██[38;2;123;123;123m██[38;2;123;123;123m██[38;2;65;65;65m██[38;2;74;148;230m██[38;2;74;148;230m██[38;2;65;65;65m██[38;2;65;65;65m██[38;2;74;148;230m██[38;2;74;148;230m██[38;2;74;148;230m██[38;2;65;65;65m██[38;2;74;148;230m██[38;2;74;148;230m██[38;2;197;173;107m██[38;2;0;0;0m██  [38;2;0;0;0m██[38;2;197;173;107m██[38;2;74;107;197m██[38;2;74;148;230m██[38;2;74;107;197m██[38;2;247;222;123m██[38;2;0;0;0m██  
  [38;2;0;0;0m██[38;2;99;99;99m██[38;2;0;0;0m██  [38;2;0;0;0m██[38;2;123;123;123m██[38;2;123;123;123m██[38;2;65;65;65m██[38;2;65;65;65m██[38;2;65;65;65m██[38;2;123;123;123m██[38;2;65;65;65m██[38;2;65;65;65m██[38;2;74;148;230m██[38;2;173;74;58m██[38;2;214;74;58m██[38;2;65;65;65m██[38;2;74;148;230m██[38;2;0;0;0m██    [38;2;0;0;0m██[38;2;197;173;107m██[38;2;74;148;230m██[38;2;74;148;230m██[38;2;197;173;107m██[38;2;247;222;123m██[38;2;0;0;0m██  
    [38;2;0;0;0m██[38;2;99;99;99m██[38;2;0;0;0m██[38;2;65;65;65m██[38;2;123;123;123m██[38;2;65;65;65m██[38;2;65;65;65m██[38;2;123;123;123m██[38;2;123;123;123m██[38;2;65;65;65m██[38;2;74;148;230m██[38;2;74;148;230m██[38;2;65;65;65m██[38;2;214;74;58m██[38;2;214;74;58m██[38;2;65;65;65m██[38;2;74;148;230m██[38;2;74;148;230m██[38;2;0;0;0m██  [38;2;0;0;0m██[38;2;197;173;107m██[38;2;74;148;230m██[38;2;74;148;230m██[38;2;247;222;123m██[38;2;197;173;107m██[38;2;0;0;0m██  
    [38;2;0;0;0m██[38;2;99;99;99m██[38;2;65;65;65m██[38;2;123;123;123m██[38;2;123;123;123m██[38;2;65;65;65m██[38;2;123;123;123m██[38;2;123;123;123m██[38;2;65;65;65m██[38;2;74;148;230m██[38;2;74;148;230m██[38;2;74;107;197m██[38;2;74;107;197m██[38;2;65;65;65m██[38;2;74;148;230m██[38;2;74;148;230m██[38;2;65;65;65m██[38;2;173;74;58m██[38;2;0;0;0m██    [38;2;0;0;0m██[38;2;74;148;230m██[38;2;197;173;107m██[38;2;247;222;123m██[38;2;0;0;0m██    
      [38;2;0;0;0m██[38;2;123;123;123m██[38;2;123;123;123m██[38;2;123;123;123m██[38;2;123;123;123m██[38;2;123;123;123m██[38;2;65;65;65m██[38;2;74;148;230m██[38;2;74;148;230m██[38;2;74;148;230m██[38;2;74;148;230m██[38;2;65;65;65m██[38;2;65;65;65m██[38;2;74;148;230m██[38;2;74;148;230m██[38;2;65;65;65m██[38;2;214;74;58m██[38;2;0;0;0m██    [38;2;0;0;0m██[38;2;74;107;197m██[38;2;247;222;123m██[38;2;0;0;0m██      
      [38;2;0;0;0m██[38;2;65;65;65m██[38;2;123;123;123m██[38;2;123;123;123m██[38;2;65;65;65m██[38;2;65;65;65m██[38;2;74;107;197m██[38;2;74;148;230m██[38;2;74;148;230m██[38;2;74;107;197m██[38;2;65;65;65m██[38;2;74;107;197m██[38;2;74;148;230m██[38;2;65;65;65m██[38;2;65;65;65m██[38;2;65;65;65m██[38;2;0;0;0m██    [38;2;0;0;0m██[38;2;74;148;230m██[38;2;74;107;197m██[38;2;0;0;0m██        
        [38;2;0;0;0m██[38;2;65;65;65m██[38;2;65;65;65m██[38;2;0;0;0m██[38;2;255;255;255m██[38;2;74;107;197m██[38;2;74;148;230m██[38;2;74;148;230m██[38;2;74;148;230m██[38;2;65;65;65m██[38;2;65;65;65m██[38;2;65;65;65m██[38;2;247;222;123m██[38;2;247;222;123m██[38;2;247;222;123m██[38;2;247;222;123m██[38;2;0;0;0m██[38;2;0;0;0m██[38;2;74;107;197m██[38;2;74;107;197m██[38;2;173;74;58m██[38;2;0;0;0m██        
      [38;2;0;0;0m██[38;2;74;148;230m██[38;2;115;197;255m██[38;2;74;148;230m██[38;2;173;74;58m██[38;2;255;255;255m██[38;2;74;107;197m██[38;2;74;148;230m██[38;2;74;107;197m██[38;2;65;65;65m██[38;2;247;222;123m██[38;2;247;222;123m██[38;2;247;222;123m██[38;2;247;222;123m██[38;2;247;222;123m██[38;2;65;65;65m██[38;2;65;65;65m██[38;2;74;148;230m██[38;2;74;107;197m██[38;2;74;148;230m██[38;2;74;148;230m██[38;2;74;107;197m██[38;2;0;0;0m██        
    [38;2;0;0;0m██[38;2;197;173;107m██[38;2;115;197;255m██[38;2;74;107;197m██[38;2;115;197;255m██[38;2;74;148;230m██[38;2;74;148;230m██[38;2;74;148;230m██[38;2;74;148;230m██[38;2;74;148;230m██[38;2;74;148;230m██[38;2;65;65;65m██[38;2;247;222;123m██[38;2;247;222;123m██[38;2;140;123;74m██[38;2;65;65;65m██[38;2;214;74;58m██[38;2;214;74;58m██[38;2;65;65;65m██[38;2;74;148;230m██[38;2;74;107;197m██[38;2;173;74;58m██[38;2;0;0;0m██          
    [38;2;0;0;0m██[38;2;140;123;74m██[38;2;247;222;123m██[38;2;247;222;123m██[38;2;197;173;107m██[38;2;140;123;74m██[38;2;74;148;230m██[38;2;74;148;230m██[38;2;74;148;230m██[38;2;65;65;65m██[38;2;65;65;65m██[38;2;65;65;65m██[38;2;247;222;123m██[38;2;247;222;123m██[38;2;247;222;123m██[38;2;65;65;65m██[38;2;74;148;230m██[38;2;214;74;58m██[38;2;65;65;65m██[38;2;214;74;58m██[38;2;74;107;197m██[38;2;74;148;230m██[38;2;0;0;0m██          
  [38;2;0;0;0m██[38;2;189;189;189m██[38;2;0;0;0m██[38;2;65;65;65m██[38;2;65;65;65m██[38;2;140;123;74m██[38;2;197;173;107m██[38;2;65;65;65m██[38;2;74;148;230m██[38;2;65;65;65m██[38;2;65;65;65m██[38;2;247;222;123m██[38;2;247;222;123m██[38;2;247;222;123m██[38;2;65;65;65m██[38;2;65;65;65m██[38;2;65;65;65m██[38;2;74;148;230m██[38;2;74;148;230m██[38;2;65;65;65m██[38;2;74;148;230m██[38;2;74;107;197m██[38;2;0;0;0m██      [38;2;0;0;0m██[38;2;0;0;0m██  
[38;2;0;0;0m██[38;2;189;189;189m██[38;2;99;99;99m██[38;2;0;0;0m██[38;2;65;65;65m██[38;2;255;255;255m██[38;2;65;65;65m██[38;2;197;173;107m██[38;2;65;65;65m██[38;2;74;148;230m██[38;2;65;65;65m██[38;2;123;123;123m██[38;2;65;65;65m██[38;2;99;99;99m██[38;2;99;99;99m██[38;2;99;99;99m██[38;2;123;123;123m██[38;2;123;123;123m██[38;2;123;123;123m██[38;2;65;65;65m██[38;2;74;148;230m██[38;2;99;99;99m██[38;2;123;123;123m██[38;2;0;0;0m██    [38;2;0;0;0m██[38;2;189;189;189m██[38;2;189;189;189m██[38;2;0;0;0m██
[38;2;0;0;0m██[38;2;189;189;189m██[38;2;0;0;0m██  [38;2;0;0;0m██[38;2;65;65;65m██[38;2;173;74;58m██[38;2;65;65;65m██[38;2;197;173;107m██[38;2;65;65;65m██[38;2;0;0;0m██[38;2;189;189;189m██[38;2;123;123;123m██[38;2;65;65;65m██[38;2;123;123;123m██[38;2;123;123;123m██[38;2;123;123;123m██[38;2;99;99;99m██[38;2;99;99;99m██[38;2;123;123;123m██[38;2;123;123;123m██[38;2;99;99;99m██[38;2;0;0;0m██  [38;2;0;0;0m██[38;2;0;0;0m██[38;2;189;189;189m██[38;2;0;0;0m██[38;2;0;0;0m██  
[38;2;0;0;0m██[38;2;189;189;189m██[38;2;0;0;0m██  [38;2;0;0;0m██[38;2;173;74;58m██[38;2;214;74;58m██[38;2;65;65;65m██[38;2;247;222;123m██[38;2;0;0;0m██  [38;2;0;0;0m██[38;2;189;189;189m██[38;2;0;0;0m██[38;2;0;0;0m██[38;2;0;0;0m██[38;2;99;99;99m██[38;2;123;123;123m██[38;2;123;123;123m██[38;2;99;99;99m██[38;2;0;0;0m██[38;2;0;0;0m██  [38;2;0;0;0m██[38;2;189;189;189m██[38;2;189;189;189m██[38;2;0;0;0m██      
  [38;2;0;0;0m██[38;2;189;189;189m██[38;2;0;0;0m██[38;2;0;0;0m██[38;2;214;74;58m██[38;2;255;255;255m██[38;2;65;65;65m██[38;2;247;222;123m██[38;2;0;0;0m██  [38;2;0;0;0m██[38;2;189;189;189m██[38;2;0;0;0m██    [38;2;0;0;0m██[38;2;0;0;0m██[38;2;0;0;0m██[38;2;0;0;0m██    [38;2;0;0;0m██[38;2;189;189;189m██[38;2;0;0;0m██[38;2;0;0;0m██        
    [38;2;0;0;0m██[38;2;0;0;0m██[38;2;140;123;74m██[38;2;65;65;65m██[38;2;65;65;65m██[38;2;247;222;123m██[38;2;0;0;0m██      [38;2;0;0;0m██[38;2;255;255;255m██[38;2;0;0;0m██[38;2;0;0;0m██      [38;2;0;0;0m██[38;2;0;0;0m██[38;2;0;0;0m██[38;2;189;189;189m██[38;2;0;0;0m██            
        [38;2;0;0;0m██[38;2;197;173;107m██[38;2;247;222;123m██[38;2;140;123;74m██[38;2;0;0;0m██        [38;2;0;0;0m██[38;2;255;255;255m██[38;2;255;255;255m██[38;2;0;0;0m██[38;2;0;0;0m██[38;2;0;0;0m██[38;2;255;255;255m██[38;2;255;255;255m██[38;2;189;189;189m██[38;2;0;0;0m██              
          [38;2;0;0;0m██[38;2;0;0;0m██[38;2;0;0;0m██            [38;2;0;0;0m██[38;2;0;0;0m██[38;2;255;255;255m██[38;2;255;255;255m██[38;2;255;255;255m██[38;2;0;0;0m██[38;2;0;0;0m██[38;2;0;0;0m██                
                                [38;2;0;0;0m██[38;2;0;0;0m██[38;2;0;0;0m██                      
