              [38;2;0;0;0m██[38;2;0;0;0m██[38;2;0;0;0m██                
          [38;2;0;0;0m██[38;2;0;0;0m██[38;2;115;115;107m██[38;2;115;115;107m██[38;2;115;115;107m██[38;2;0;0;0m██[38;2;0;0;0m██            
      [38;2;0;0;0m██[38;2;0;0;0m██[38;2;74;74;74m██[38;2;115;115;107m██[38;2;115;115;107m██[38;2;115;115;107m██[38;2;115;115;107m██[38;2;115;115;107m██[38;2;115;115;107m██[38;2;0;0;0m██          
    [38;2;0;0;0m██[38;2;74;74;74m██[38;2;115;115;107m██[38;2;247;222;107m██[38;2;115;115;107m██[38;2;255;255;255m██[38;2;189;189;189m██[38;2;74;74;74m██[38;2;74;74;74m██[38;2;74;74;74m██[38;2;74;74;74m██[38;2;0;0;0m██        
  [38;2;0;0;0m██[38;2;65;65;65m██[38;2;74;74;74m██[38;2;156;132;41m██[38;2;156;132;41m██[38;2;206;181;74m██[38;2;25;99;206m██[38;2;255;255;255m██[38;2;115;115;107m██[38;2;74;74;74m██[38;2;115;115;107m██[38;2;115;115;107m██[38;2;0;0;0m██        
  [38;2;0;0;0m██[38;2;74;74;74m██[38;2;247;222;107m██[38;2;247;222;107m██[38;2;247;222;107m██[38;2;247;222;107m██[38;2;25;99;206m██[38;2;255;255;255m██[38;2;247;222;107m██[38;2;115;115;107m██[38;2;74;74;74m██[38;2;115;115;107m██[38;2;0;0;0m██        
[38;2;0;0;0m██[38;2;65;65;65m██[38;2;74;74;74m██[38;2;206;181;74m██[38;2;247;222;107m██[38;2;206;181;74m██[38;2;247;222;107m██[38;2;255;255;255m██[38;2;247;222;107m██[38;2;247;222;107m██[38;2;247;222;107m██[38;2;74;74;74m██[38;2;115;115;107m██[38;2;115;115;107m██[38;2;0;0;0m██      
[38;2;0;0;0m██[38;2;65;65;65m██[38;2;65;65;65m██[38;2;74;74;74m██[38;2;247;222;107m██[38;2;247;222;107m██[38;2;247;222;107m██[38;2;115;115;107m██[38;2;247;222;107m██[38;2;247;222;107m██[38;2;247;222;107m██[38;2;74;74;74m██[38;2;115;115;107m██[38;2;115;115;107m██[38;2;0;0;0m██      
  [38;2;0;0;0m██[38;2;65;65;65m██[38;2;74;74;74m██[38;2;0;0;0m██[38;2;115;115;107m██[38;2;115;115;107m██[38;2;247;222;107m██[38;2;247;222;107m██[38;2;247;222;107m██[38;2;0;0;0m██[38;2;0;0;0m██[38;2;115;115;107m██[38;2;115;115;107m██[38;2;0;0;0m██      
  [38;2;0;0;0m██[38;2;156;132;41m██[38;2;0;0;0m██  [38;2;0;0;0m██[38;2;0;0;0m██[38;2;0;0;0m██[38;2;206;181;74m██[38;2;0;0;0m██  [38;2;0;0;0m██[38;2;115;115;107m██[38;2;115;115;107m██[38;2;206;181;74m██[38;2;0;0;0m██    
    [38;2;0;0;0m██[38;2;0;0;0m██      [38;2;0;0;0m██[38;2;247;222;107m██[38;2;247;222;107m██[38;2;0;0;0m██[38;2;74;74;74m██[38;2;206;181;74m██[38;2;247;222;107m██[38;2;247;222;107m██[38;2;0;0;0m██    
            [38;2;0;0;0m██[38;2;206;181;74m██[38;2;156;132;41m██[38;2;247;222;107m██[38;2;247;222;107m██[38;2;247;222;107m██[38;2;74;74;74m██[38;2;247;222;107m██[38;2;74;74;74m██[38;2;74;74;74m██[38;2;0;0;0m██  
            [38;2;0;0;0m██[38;2;206;181;74m██[38;2;156;132;41m██[38;2;247;222;107m██[38;2;156;132;41m██[38;2;247;222;107m██[38;2;247;222;107m██[38;2;74;74;74m██[38;2;74;74;74m██[38;2;206;181;74m██[38;2;115;115;107m██[38;2;0;0;0m██
            [38;2;0;0;0m██[38;2;74;74;74m██[38;2;115;115;107m██[38;2;74;74;74m██[38;2;206;181;74m██[38;2;247;222;107m██[38;2;247;222;107m██[38;2;156;132;41m██[38;2;206;181;74m██[38;2;156;132;41m██[38;2;0;0;0m██  
              [38;2;0;0;0m██[38;2;0;0;0m██[38;2;0;0;0m██[38;2;0;0;0m██[38;2;247;222;107m██[38;2;247;222;107m██[38;2;74;74;74m██[38;2;0;0;0m██[38;2;0;0;0m██    
                      [38;2;0;0;0m██[38;2;115;115;107m██[38;2;0;0;0m██        
                      [38;2;0;0;0m██[38;2;0;0;0m██          
