                [38;2;0;0;0m██[38;2;0;0;0m██[38;2;0;0;0m██                          
              [38;2;0;0;0m██[38;2;65;65;65m██[38;2;132;90;66m██[38;2;0;0;0m██[38;2;0;0;0m██[38;2;0;0;0m██                      
            [38;2;0;0;0m██[38;2;132;90;66m██[38;2;255;255;255m██[38;2;132;90;66m██[38;2;65;65;65m██[38;2;156;123;82m██[38;2;156;123;82m██[38;2;0;0;0m██                    
            [38;2;0;0;0m██[38;2;197;189;173m██[38;2;0;0;0m██[38;2;65;65;65m██[38;2;156;123;82m██[38;2;255;255;255m██[38;2;197;189;173m██[38;2;156;123;82m██[38;2;0;0;0m██                  
            [38;2;0;0;0m██[38;2;132;90;66m██[38;2;197;189;173m██[38;2;65;65;65m██[38;2;197;189;173m██[38;2;0;0;0m██[38;2;255;255;255m██[38;2;156;123;82m██[38;2;0;0;0m██  [38;2;0;0;0m██[38;2;0;0;0m██[38;2;0;0;0m██          
              [38;2;0;0;0m██[38;2;132;90;66m██[38;2;132;90;66m██[38;2;156;123;82m██[38;2;255;255;255m██[38;2;197;189;173m██[38;2;132;90;66m██[38;2;65;65;65m██[38;2;0;0;0m██[38;2;156;123;82m██[38;2;156;123;82m██[38;2;156;123;82m██[38;2;0;0;0m██        
        [38;2;0;0;0m██[38;2;0;0;0m██[38;2;0;0;0m██[38;2;65;65;65m██[38;2;65;65;65m██[38;2;156;123;82m██[38;2;156;123;82m██[38;2;156;123;82m██[38;2;132;90;66m██[38;2;156;123;82m██[38;2;156;123;82m██[38;2;65;65;65m██[38;2;132;90;66m██[38;2;132;90;66m██[38;2;132;90;66m██[38;2;197;173;107m██[38;2;0;0;0m██  [38;2;0;0;0m██  
    [38;2;0;0;0m██[38;2;0;0;0m██[38;2;230;214;140m██[38;2;230;214;140m██[38;2;230;214;140m██[38;2;230;214;140m██[38;2;230;214;140m██[38;2;65;65;65m██[38;2;65;65;65m██[38;2;230;214;140m██[38;2;230;214;140m██[38;2;65;65;65m██[38;2;65;65;65m██[38;2;230;214;140m██[38;2;230;214;140m██[38;2;230;214;140m██[38;2;156;123;82m██[38;2;156;123;82m██[38;2;197;173;107m██[38;2;0;0;0m██[38;2;197;173;107m██[38;2;0;0;0m██
  [38;2;0;0;0m██[38;2;230;214;140m██[38;2;230;214;140m██[38;2;230;214;140m██[38;2;230;214;140m██[38;2;230;214;140m██[38;2;230;214;140m██[38;2;230;214;140m██[38;2;230;214;140m██[38;2;230;214;140m██[38;2;65;65;65m██[38;2;230;214;140m██[38;2;65;65;65m██[38;2;197;173;107m██[38;2;197;173;107m██[38;2;230;214;140m██[38;2;156;123;82m██[38;2;156;123;82m██[38;2;156;123;82m██[38;2;156;123;82m██[38;2;65;65;65m██[38;2;197;173;107m██[38;2;0;0;0m██
[38;2;0;0;0m██[38;2;65;65;65m██[38;2;156;123;82m██[38;2;230;214;140m██[38;2;230;214;140m██[38;2;230;214;140m██[38;2;230;214;140m██[38;2;230;214;140m██[38;2;230;214;140m██[38;2;230;214;140m██[38;2;230;214;140m██[38;2;230;214;140m██[38;2;230;214;140m██[38;2;230;214;140m██[38;2;65;65;65m██[38;2;197;173;107m██[38;2;197;173;107m██[38;2;156;123;82m██[38;2;156;123;82m██[38;2;230;214;140m██[38;2;156;123;82m██[38;2;230;214;140m██[38;2;0;0;0m██  
[38;2;0;0;0m██[38;2;65;65;65m██[38;2;156;123;82m██[38;2;230;214;140m██[38;2;230;214;140m██[38;2;230;214;140m██[38;2;156;123;82m██[38;2;156;123;82m██[38;2;156;123;82m██[38;2;230;214;140m██[38;2;230;214;140m██[38;2;230;214;140m██[38;2;230;214;140m██[38;2;230;214;140m██[38;2;65;65;65m██[38;2;197;173;107m██[38;2;197;173;107m██[38;2;197;173;107m██[38;2;230;214;140m██[38;2;230;214;140m██[38;2;230;214;140m██[38;2;230;214;140m██[38;2;0;0;0m██  
[38;2;0;0;0m██[38;2;65;65;65m██[38;2;156;123;82m██[38;2;230;214;140m██[38;2;230;214;140m██[38;2;156;123;82m██[38;2;65;65;65m██[38;2;65;65;65m██[38;2;156;123;82m██[38;2;156;123;82m██[38;2;230;214;140m██[38;2;230;214;140m██[38;2;230;214;140m██[38;2;230;214;140m██[38;2;156;123;82m██[38;2;156;123;82m██[38;2;156;123;82m██[38;2;197;173;107m██[38;2;197;173;107m██[38;2;230;214;140m██[38;2;197;173;107m██[38;2;197;173;107m██[38;2;0;0;0m██  
[38;2;0;0;0m██[38;2;156;123;82m██[38;2;156;123;82m██[38;2;230;214;140m██[38;2;230;214;140m██[38;2;65;65;65m██[38;2;65;65;65m██[38;2;65;65;65m██[38;2;65;65;65m██[38;2;156;123;82m██[38;2;230;214;140m██[38;2;230;214;140m██[38;2;230;214;140m██[38;2;230;214;140m██[38;2;156;123;82m██[38;2;156;123;82m██[38;2;230;214;140m██[38;2;197;173;107m██[38;2;65;65;65m██[38;2;156;123;82m██[38;2;197;173;107m██[38;2;197;173;107m██[38;2;0;0;0m██  
  [38;2;0;0;0m██[38;2;230;214;140m██[38;2;230;214;140m██[38;2;230;214;140m██[38;2;65;65;65m██[38;2;65;65;65m██[38;2;65;65;65m██[38;2;65;65;65m██[38;2;156;123;82m██[38;2;230;214;140m██[38;2;230;214;140m██[38;2;230;214;140m██[38;2;197;173;107m██[38;2;197;173;107m██[38;2;230;214;140m██[38;2;230;214;140m██[38;2;65;65;65m██[38;2;156;123;82m██[38;2;156;123;82m██[38;2;230;214;140m██[38;2;0;0;0m██    
    [38;2;0;0;0m██[38;2;230;214;140m██[38;2;230;214;140m██[38;2;230;214;140m██[38;2;65;65;65m██[38;2;65;65;65m██[38;2;156;123;82m██[38;2;230;214;140m██[38;2;230;214;140m██[38;2;230;214;140m██[38;2;230;214;140m██[38;2;65;65;65m██[38;2;197;173;107m██[38;2;197;173;107m██[38;2;230;214;140m██[38;2;0;0;0m██[38;2;0;0;0m██[38;2;230;214;140m██[38;2;230;214;140m██[38;2;0;0;0m██    
      [38;2;0;0;0m██[38;2;0;0;0m██[38;2;230;214;140m██[38;2;230;214;140m██[38;2;230;214;140m██[38;2;230;214;140m██[38;2;230;214;140m██[38;2;230;214;140m██[38;2;0;0;0m██[38;2;0;0;0m██[38;2;230;214;140m██[38;2;230;214;140m██[38;2;230;214;140m██[38;2;230;214;140m██[38;2;0;0;0m██  [38;2;0;0;0m██[38;2;0;0;0m██      
          [38;2;0;0;0m██[38;2;0;0;0m██[38;2;0;0;0m██[38;2;0;0;0m██[38;2;0;0;0m██[38;2;0;0;0m██  [38;2;0;0;0m██[38;2;230;214;140m██[38;2;156;123;82m██[38;2;255;255;255m██[38;2;0;0;0m██              
                          [38;2;0;0;0m██[38;2;0;0;0m██[38;2;0;0;0m██                
