                                      [38;2;0;0;0m██[38;2;0;0;0m██        
                          [38;2;0;0;0m██    [38;2;0;0;0m██[38;2;0;0;0m██  [38;2;0;0;0m██[38;2;90;156;222m██[38;2;0;0;0m██[38;2;0;0;0m██    
                        [38;2;0;0;0m██[38;2;247;148;49m██[38;2;0;0;0m██[38;2;0;0;0m██[38;2;214;115;49m██[38;2;214;115;49m██[38;2;0;0;0m██[38;2;90;156;222m██[38;2;181;107;82m██[38;2;214;115;49m██[38;2;181;107;82m██[38;2;0;0;0m██  
        [38;2;0;0;0m██[38;2;0;0;0m██[38;2;0;0;0m██        [38;2;0;0;0m██[38;2;247;148;49m██[38;2;214;115;49m██[38;2;214;115;49m██[38;2;65;65;65m██[38;2;65;65;65m██[38;2;65;65;65m██[38;2;90;156;222m██[38;2;90;156;222m██[38;2;214;115;49m██[38;2;222;222;222m██[38;2;214;115;49m██[38;2;90;156;222m██[38;2;0;0;0m██
    [38;2;0;0;0m██[38;2;0;0;0m██[38;2;247;148;49m██[38;2;247;148;49m██[38;2;181;107;82m██[38;2;0;0;0m██[38;2;0;0;0m██    [38;2;0;0;0m██[38;2;247;148;49m██[38;2;214;115;49m██[38;2;65;65;65m██[38;2;90;156;222m██[38;2;90;156;222m██[38;2;90;156;222m██[38;2;0;0;0m██[38;2;90;156;222m██[38;2;181;107;82m██[38;2;214;115;49m██[38;2;181;107;82m██[38;2;0;0;0m██  
  [38;2;0;0;0m██[38;2;65;65;65m██[38;2;181;107;82m██[38;2;247;148;49m██[38;2;247;148;49m██[38;2;181;107;82m██[38;2;247;148;49m██[38;2;247;148;49m██[38;2;0;0;0m██[38;2;0;0;0m██[38;2;65;65;65m██[38;2;214;115;49m██[38;2;65;65;65m██[38;2;90;156;222m██[38;2;90;156;222m██[38;2;0;0;0m██[38;2;0;0;0m██  [38;2;0;0;0m██[38;2;90;156;222m██[38;2;0;0;0m██[38;2;0;0;0m██    
  [38;2;0;0;0m██[38;2;247;148;49m██[38;2;247;148;49m██[38;2;181;107;82m██[38;2;247;148;49m██[38;2;247;148;49m██[38;2;181;107;82m██[38;2;247;148;49m██[38;2;247;148;49m██[38;2;0;0;0m██[38;2;65;65;65m██[38;2;214;115;49m██[38;2;65;65;65m██[38;2;90;156;222m██[38;2;0;0;0m██      [38;2;0;0;0m██[38;2;0;0;0m██        
    [38;2;0;0;0m██[38;2;0;0;0m██[38;2;247;148;49m██[38;2;181;107;82m██[38;2;247;148;49m██[38;2;181;107;82m██[38;2;247;148;49m██[38;2;0;0;0m██[38;2;0;0;0m██[38;2;115;197;255m██[38;2;65;65;65m██[38;2;214;115;49m██[38;2;65;65;65m██[38;2;0;0;0m██                  
        [38;2;0;0;0m██[38;2;65;65;65m██[38;2;247;148;49m██[38;2;65;65;65m██[38;2;0;0;0m██    [38;2;0;0;0m██[38;2;115;197;255m██[38;2;65;65;65m██[38;2;214;115;49m██[38;2;65;65;65m██[38;2;0;0;0m██[38;2;0;0;0m██              
      [38;2;0;0;0m██[38;2;65;65;65m██[38;2;115;197;255m██[38;2;115;197;255m██[38;2;115;197;255m██[38;2;65;65;65m██[38;2;0;0;0m██    [38;2;0;0;0m██[38;2;247;148;49m██[38;2;214;115;49m██[38;2;214;115;49m██[38;2;65;65;65m██[38;2;90;156;222m██[38;2;0;0;0m██            
    [38;2;0;0;0m██[38;2;115;197;255m██[38;2;115;197;255m██[38;2;115;197;255m██[38;2;115;197;255m██[38;2;115;197;255m██[38;2;247;148;49m██[38;2;115;197;255m██[38;2;0;0;0m██[38;2;0;0;0m██[38;2;247;148;49m██[38;2;247;148;49m██[38;2;247;148;49m██[38;2;214;115;49m██[38;2;65;65;65m██[38;2;214;115;49m██[38;2;222;222;222m██[38;2;0;0;0m██          
  [38;2;0;0;0m██[38;2;247;148;49m██[38;2;115;197;255m██[38;2;115;197;255m██[38;2;115;197;255m██[38;2;115;197;255m██[38;2;247;148;49m██[38;2;255;255;255m██[38;2;247;148;49m██[38;2;115;197;255m██[38;2;65;65;65m██[38;2;65;65;65m██[38;2;247;148;49m██[38;2;247;148;49m██[38;2;65;65;65m██[38;2;90;156;222m██[38;2;90;156;222m██[38;2;214;115;49m██[38;2;0;0;0m██          
[38;2;0;0;0m██[38;2;214;115;49m██[38;2;255;255;255m██[38;2;247;148;49m██[38;2;115;197;255m██[38;2;247;148;49m██[38;2;115;197;255m██[38;2;255;255;255m██[38;2;0;0;0m██[38;2;255;255;255m██[38;2;115;197;255m██[38;2;90;156;222m██[38;2;90;156;222m██[38;2;65;65;65m██[38;2;65;65;65m██[38;2;214;115;49m██[38;2;90;156;222m██[38;2;90;156;222m██[38;2;90;156;222m██[38;2;0;0;0m██          
  [38;2;0;0;0m██[38;2;247;148;49m██[38;2;115;197;255m██[38;2;247;148;49m██[38;2;255;255;255m██[38;2;247;148;49m██[38;2;247;148;49m██[38;2;255;255;255m██[38;2;247;148;49m██[38;2;115;197;255m██[38;2;90;156;222m██[38;2;90;156;222m██[38;2;90;156;222m██[38;2;214;115;49m██[38;2;222;222;222m██[38;2;214;115;49m██[38;2;90;156;222m██[38;2;0;0;0m██            
    [38;2;0;0;0m██[38;2;65;65;65m██[38;2;90;156;222m██[38;2;214;115;49m██[38;2;115;197;255m██[38;2;115;197;255m██[38;2;247;148;49m██[38;2;115;197;255m██[38;2;65;65;65m██[38;2;90;156;222m██[38;2;90;156;222m██[38;2;90;156;222m██[38;2;90;156;222m██[38;2;214;115;49m██[38;2;0;0;0m██[38;2;0;0;0m██              
    [38;2;0;0;0m██[38;2;65;65;65m██[38;2;255;255;255m██[38;2;65;65;65m██[38;2;65;65;65m██[38;2;255;255;255m██[38;2;65;65;65m██[38;2;65;65;65m██[38;2;90;156;222m██[38;2;90;156;222m██[38;2;90;156;222m██[38;2;90;156;222m██[38;2;0;0;0m██[38;2;0;0;0m██                  
  [38;2;0;0;0m██[38;2;255;255;255m██[38;2;173;66;74m██[38;2;65;65;65m██[38;2;173;66;74m██[38;2;173;66;74m██[38;2;65;65;65m██[38;2;65;65;65m██[38;2;90;156;222m██[38;2;90;156;222m██[38;2;90;156;222m██[38;2;90;156;222m██[38;2;0;0;0m██                      
[38;2;0;0;0m██[38;2;115;197;255m██[38;2;222;222;222m██[38;2;173;66;74m██[38;2;173;66;74m██[38;2;173;66;74m██[38;2;255;255;255m██[38;2;173;66;74m██[38;2;173;66;74m██[38;2;65;65;65m██[38;2;90;156;222m██[38;2;65;65;65m██[38;2;90;156;222m██[38;2;0;0;0m██                      
[38;2;0;0;0m██[38;2;90;156;222m██[38;2;65;65;65m██[38;2;65;65;65m██[38;2;65;65;65m██[38;2;65;65;65m██[38;2;255;255;255m██[38;2;222;222;222m██[38;2;173;66;74m██[38;2;65;65;65m██[38;2;90;156;222m██[38;2;65;65;65m██[38;2;0;0;0m██                        
  [38;2;0;0;0m██[38;2;90;156;222m██[38;2;115;197;255m██[38;2;115;197;255m██[38;2;115;197;255m██[38;2;65;65;65m██[38;2;65;65;65m██[38;2;65;65;65m██[38;2;115;197;255m██[38;2;90;156;222m██[38;2;181;107;82m██[38;2;0;0;0m██                        
[38;2;0;0;0m██[38;2;181;107;82m██[38;2;0;0;0m██[38;2;0;0;0m██[38;2;0;0;0m██[38;2;0;0;0m██[38;2;115;197;255m██[38;2;115;197;255m██[38;2;90;156;222m██[38;2;90;156;222m██[38;2;181;107;82m██[38;2;247;148;49m██[38;2;247;148;49m██[38;2;0;0;0m██                      
[38;2;0;0;0m██[38;2;0;0;0m██        [38;2;0;0;0m██[38;2;0;0;0m██[38;2;181;107;82m██[38;2;181;107;82m██[38;2;247;148;49m██[38;2;247;148;49m██[38;2;247;148;49m██[38;2;0;0;0m██                      
                [38;2;0;0;0m██[38;2;247;148;49m██[38;2;247;148;49m██[38;2;247;148;49m██[38;2;0;0;0m██                        
                  [38;2;0;0;0m██[38;2;0;0;0m██[38;2;0;0;0m██                          
