    [38;2;0;0;0m██[38;2;0;0;0m██    [38;2;0;0;0m██[38;2;0;0;0m██[38;2;0;0;0m██                          
  [38;2;0;0;0m██[38;2;255;222;82m██[38;2;255;222;82m██[38;2;0;0;0m██[38;2;0;0;0m██[38;2;255;222;82m██[38;2;255;222;82m██[38;2;255;222;82m██[38;2;0;0;0m██                        
[38;2;0;0;0m██[38;2;255;222;82m██[38;2;255;222;82m██[38;2;255;222;82m██[38;2;255;222;82m██[38;2;255;222;82m██[38;2;255;222;82m██[38;2;255;222;82m██[38;2;255;222;82m██[38;2;255;222;82m██[38;2;0;0;0m██                      
[38;2;0;0;0m██[38;2;255;222;82m██[38;2;255;222;82m██[38;2;255;222;82m██[38;2;255;222;82m██[38;2;255;222;82m██[38;2;255;222;82m██[38;2;255;222;82m██[38;2;255;222;82m██[38;2;255;222;82m██[38;2;0;0;0m██                      
[38;2;0;0;0m██[38;2;255;222;82m██[38;2;246;230;172m██[38;2;246;230;172m██[38;2;255;222;82m██[38;2;246;230;172m██[38;2;246;230;172m██[38;2;255;222;82m██[38;2;255;222;82m██[38;2;255;222;82m██[38;2;0;0;0m██              [38;2;0;0;0m██[38;2;0;0;0m██[38;2;0;0;0m██  
[38;2;0;0;0m██[38;2;255;222;82m██[38;2;246;230;172m██[38;2;246;230;172m██[38;2;246;230;172m██[38;2;246;230;172m██[38;2;246;230;172m██[38;2;255;222;82m██[38;2;255;222;82m██[38;2;65;65;65m██[38;2;0;0;0m██[38;2;0;0;0m██          [38;2;0;0;0m██[38;2;180;148;49m██[38;2;246;230;172m██[38;2;180;148;49m██[38;2;0;0;0m██
  [38;2;0;0;0m██[38;2;246;230;172m██[38;2;246;230;172m██[38;2;246;230;172m██[38;2;246;230;172m██[38;2;246;230;172m██[38;2;255;222;82m██[38;2;255;222;82m██[38;2;65;65;65m██[38;2;197;197;197m██[38;2;197;197;197m██[38;2;0;0;0m██        [38;2;0;0;0m██[38;2;246;230;172m██[38;2;246;230;172m██[38;2;246;230;172m██[38;2;0;0;0m██
  [38;2;0;0;0m██[38;2;255;222;82m██[38;2;246;230;172m██[38;2;246;230;172m██[38;2;246;230;172m██[38;2;255;222;82m██[38;2;255;222;82m██[38;2;65;65;65m██[38;2;197;197;197m██[38;2;197;197;197m██[38;2;0;0;0m██          [38;2;0;0;0m██[38;2;180;148;49m██[38;2;246;230;172m██[38;2;180;148;49m██[38;2;0;0;0m██
    [38;2;0;0;0m██[38;2;65;65;65m██[38;2;246;230;172m██[38;2;255;222;82m██[38;2;65;65;65m██[38;2;65;65;65m██[38;2;65;65;65m██[38;2;65;65;65m██[38;2;148;148;139m██[38;2;197;197;197m██[38;2;0;0;0m██          [38;2;0;0;0m██[38;2;148;148;139m██[38;2;0;0;0m██  
    [38;2;0;0;0m██[38;2;197;197;197m██[38;2;65;65;65m██[38;2;65;65;65m██[38;2;65;65;65m██[38;2;0;0;0m██[38;2;255;255;255m██[38;2;255;255;255m██[38;2;98;98;98m██[38;2;197;197;197m██[38;2;0;0;0m██        [38;2;0;0;0m██[38;2;148;148;139m██[38;2;0;0;0m██    
  [38;2;0;0;0m██[38;2;197;197;197m██[38;2;197;197;197m██[38;2;197;197;197m██[38;2;98;98;98m██[38;2;255;255;255m██[38;2;213;65;57m██[38;2;255;255;255m██[38;2;255;255;255m██[38;2;148;148;139m██[38;2;197;197;197m██[38;2;0;0;0m██      [38;2;0;0;0m██[38;2;148;148;139m██[38;2;148;148;139m██[38;2;0;0;0m██    
  [38;2;0;0;0m██[38;2;197;197;197m██[38;2;98;98;98m██[38;2;197;197;197m██[38;2;197;197;197m██[38;2;148;148;139m██[38;2;255;255;255m██[38;2;255;255;255m██[38;2;197;197;197m██[38;2;197;197;197m██[38;2;0;0;0m██    [38;2;0;0;0m██[38;2;0;0;0m██[38;2;148;148;139m██[38;2;148;148;139m██[38;2;0;0;0m██      
    [38;2;0;0;0m██[38;2;197;197;197m██[38;2;197;197;197m██[38;2;197;197;197m██[38;2;197;197;197m██[38;2;197;197;197m██[38;2;197;197;197m██[38;2;197;197;197m██[38;2;148;148;139m██[38;2;0;0;0m██[38;2;0;0;0m██[38;2;0;0;0m██[38;2;197;197;197m██[38;2;197;197;197m██[38;2;98;98;98m██[38;2;148;148;139m██[38;2;0;0;0m██      
      [38;2;0;0;0m██[38;2;0;0;0m██[38;2;148;148;139m██[38;2;197;197;197m██[38;2;197;197;197m██[38;2;197;197;197m██[38;2;148;148;139m██[38;2;148;148;139m██[38;2;148;148;139m██[38;2;197;197;197m██[38;2;197;197;197m██[38;2;65;65;65m██[38;2;197;197;197m██[38;2;246;230;172m██[38;2;0;0;0m██        
          [38;2;0;0;0m██[38;2;0;0;0m██[38;2;98;98;98m██[38;2;98;98;98m██[38;2;148;148;139m██[38;2;148;148;139m██[38;2;65;65;65m██[38;2;197;197;197m██[38;2;65;65;65m██[38;2;197;197;197m██[38;2;65;65;65m██[38;2;0;0;0m██          
            [38;2;0;0;0m██[38;2;255;255;255m██[38;2;255;255;255m██[38;2;98;98;98m██[38;2;65;65;65m██[38;2;197;197;197m██[38;2;65;65;65m██[38;2;65;65;65m██[38;2;197;197;197m██[38;2;197;197;197m██[38;2;65;65;65m██[38;2;0;0;0m██        
              [38;2;0;0;0m██[38;2;255;255;255m██[38;2;98;98;98m██[38;2;65;65;65m██[38;2;197;197;197m██[38;2;197;197;197m██[38;2;65;65;65m██[38;2;65;65;65m██[38;2;246;230;172m██[38;2;65;65;65m██[38;2;0;0;0m██        
            [38;2;0;0;0m██[38;2;65;65;65m██[38;2;65;65;65m██[38;2;98;98;98m██[38;2;98;98;98m██[38;2;65;65;65m██[38;2;246;230;172m██[38;2;0;0;0m██[38;2;0;0;0m██[38;2;65;65;65m██[38;2;65;65;65m██[38;2;65;65;65m██[38;2;0;0;0m██      
            [38;2;0;0;0m██[38;2;65;65;65m██[38;2;0;0;0m██[38;2;0;0;0m██[38;2;98;98;98m██[38;2;98;98;98m██[38;2;0;0;0m██    [38;2;0;0;0m██[38;2;65;65;65m██[38;2;65;65;65m██[38;2;0;0;0m██      
          [38;2;0;0;0m██[38;2;180;148;49m██[38;2;65;65;65m██[38;2;0;0;0m██  [38;2;0;0;0m██[38;2;98;98;98m██[38;2;0;0;0m██  [38;2;0;0;0m██[38;2;180;148;49m██[38;2;180;148;49m██[38;2;0;0;0m██        
            [38;2;0;0;0m██[38;2;0;0;0m██    [38;2;0;0;0m██[38;2;98;98;98m██[38;2;0;0;0m██    [38;2;0;0;0m██[38;2;0;0;0m██          
                  [38;2;0;0;0m██[38;2;255;222;82m██[38;2;255;222;82m██[38;2;0;0;0m██                  
                    [38;2;0;0;0m██[38;2;0;0;0m██                    
