          [38;2;0;0;0m██[38;2;0;0;0m██[38;2;0;0;0m██[38;2;0;0;0m██              
      [38;2;0;0;0m██[38;2;0;0;0m██[38;2;173;132;82m██[38;2;222;189;115m██[38;2;222;189;115m██[38;2;222;189;115m██[38;2;0;0;0m██[38;2;0;0;0m██          
    [38;2;0;0;0m██[38;2;222;189;115m██[38;2;222;189;115m██[38;2;222;189;115m██[38;2;222;189;115m██[38;2;222;189;115m██[38;2;222;189;115m██[38;2;222;189;115m██[38;2;173;132;82m██[38;2;0;0;0m██[38;2;0;0;0m██      
  [38;2;0;0;0m██[38;2;222;189;115m██[38;2;173;132;82m██[38;2;222;189;115m██[38;2;222;189;115m██[38;2;222;189;115m██[38;2;222;189;115m██[38;2;222;189;115m██[38;2;222;189;115m██[38;2;222;189;115m██[38;2;173;132;82m██[38;2;173;132;82m██[38;2;0;0;0m██    
  [38;2;0;0;0m██[38;2;173;132;82m██[38;2;65;65;65m██[38;2;222;189;115m██[38;2;222;189;115m██[38;2;222;189;115m██[38;2;222;189;115m██[38;2;222;189;115m██[38;2;222;189;115m██[38;2;222;189;115m██[38;2;140;107;66m██[38;2;173;132;82m██[38;2;173;132;82m██[38;2;0;0;0m██  
[38;2;0;0;0m██[38;2;173;132;82m██[38;2;65;65;65m██[38;2;165;90;82m██[38;2;65;65;65m██[38;2;222;189;115m██[38;2;173;132;82m██[38;2;65;65;65m██[38;2;65;65;65m██[38;2;222;189;115m██[38;2;222;189;115m██[38;2;222;189;115m██[38;2;140;107;66m██[38;2;140;107;66m██[38;2;0;0;0m██  
[38;2;0;0;0m██[38;2;65;65;65m██[38;2;165;90;82m██[38;2;247;99;82m██[38;2;165;90;82m██[38;2;65;65;65m██[38;2;65;65;65m██[38;2;165;90;82m██[38;2;165;90;82m██[38;2;65;65;65m██[38;2;173;132;82m██[38;2;173;132;82m██[38;2;173;132;82m██[38;2;173;132;82m██[38;2;140;107;66m██[38;2;0;0;0m██
[38;2;0;0;0m██[38;2;247;222;66m██[38;2;165;90;82m██[38;2;247;99;82m██[38;2;165;90;82m██[38;2;65;65;65m██[38;2;165;90;82m██[38;2;247;99;82m██[38;2;247;99;82m██[38;2;165;90;82m██[38;2;65;65;65m██[38;2;65;65;65m██[38;2;173;132;82m██[38;2;173;132;82m██[38;2;173;132;82m██[38;2;0;0;0m██
[38;2;0;0;0m██[38;2;247;222;66m██[38;2;189;165;41m██[38;2;165;90;82m██[38;2;65;65;65m██[38;2;65;65;65m██[38;2;165;90;82m██[38;2;247;99;82m██[38;2;247;99;82m██[38;2;165;90;82m██[38;2;65;65;65m██[38;2;65;65;65m██[38;2;65;65;65m██[38;2;65;65;65m██[38;2;173;132;82m██[38;2;0;0;0m██
  [38;2;0;0;0m██[38;2;247;222;66m██[38;2;0;0;0m██[38;2;0;0;0m██[38;2;65;65;65m██[38;2;65;65;65m██[38;2;165;90;82m██[38;2;165;90;82m██[38;2;65;65;65m██[38;2;189;165;41m██[38;2;65;65;65m██[38;2;65;65;65m██[38;2;65;65;65m██[38;2;0;0;0m██  
    [38;2;0;0;0m██    [38;2;0;0;0m██[38;2;0;0;0m██[38;2;0;0;0m██[38;2;65;65;65m██[38;2;247;222;66m██[38;2;247;222;66m██[38;2;65;65;65m██[38;2;189;165;41m██[38;2;0;0;0m██    
              [38;2;0;0;0m██[38;2;247;222;66m██[38;2;247;222;66m██[38;2;0;0;0m██[38;2;0;0;0m██[38;2;0;0;0m██      
              [38;2;0;0;0m██[38;2;0;0;0m██[38;2;0;0;0m██            
