        [38;2;0;0;0m██[38;2;0;0;0m██  [38;2;0;0;0m██  [38;2;0;0;0m██  [38;2;0;0;0m██                
        [38;2;0;0;0m██[38;2;247;230;173m██[38;2;0;0;0m██[38;2;123;156;74m██[38;2;0;0;0m██[38;2;247;230;173m██[38;2;0;0;0m██[38;2;247;230;173m██[38;2;0;0;0m██              
        [38;2;0;0;0m██[38;2;247;230;173m██[38;2;123;156;74m██[38;2;123;156;74m██[38;2;65;65;65m██[38;2;247;230;173m██[38;2;247;230;173m██[38;2;247;230;173m██[38;2;0;0;0m██[38;2;0;0;0m██            
        [38;2;0;0;0m██[38;2;156;206;74m██[38;2;123;156;74m██[38;2;123;156;74m██[38;2;65;65;65m██[38;2;247;230;173m██[38;2;123;156;74m██[38;2;214;197;107m██[38;2;214;197;107m██[38;2;214;197;107m██[38;2;0;0;0m██          
        [38;2;0;0;0m██[38;2;156;206;74m██[38;2;156;206;74m██[38;2;65;65;65m██[38;2;247;230;173m██[38;2;156;206;74m██[38;2;123;156;74m██[38;2;123;156;74m██[38;2;214;197;107m██[38;2;0;0;0m██            
      [38;2;0;0;0m██[38;2;247;230;173m██[38;2;156;206;74m██[38;2;247;230;173m██[38;2;247;230;173m██[38;2;247;230;173m██[38;2;247;230;173m██[38;2;123;156;74m██[38;2;123;156;74m██[38;2;214;197;107m██[38;2;214;197;107m██[38;2;0;0;0m██          
      [38;2;0;0;0m██[38;2;247;230;173m██[38;2;247;230;173m██[38;2;156;206;74m██[38;2;156;206;74m██[38;2;247;230;173m██[38;2;156;206;74m██[38;2;247;230;173m██[38;2;123;156;74m██[38;2;214;197;107m██[38;2;0;0;0m██            
    [38;2;0;0;0m██[38;2;156;206;74m██[38;2;247;230;173m██[38;2;156;206;74m██[38;2;156;206;74m██[38;2;156;206;74m██[38;2;247;230;173m██[38;2;0;0;0m██[38;2;214;197;107m██[38;2;123;156;74m██[38;2;0;0;0m██              
  [38;2;0;0;0m██[38;2;65;65;65m██[38;2;247;230;173m██[38;2;247;230;173m██[38;2;247;230;173m██[38;2;156;206;74m██[38;2;123;156;74m██[38;2;214;197;107m██[38;2;123;156;74m██[38;2;214;197;107m██[38;2;123;156;74m██[38;2;0;0;0m██              
  [38;2;0;0;0m██[38;2;214;197;107m██[38;2;65;65;65m██[38;2;65;65;65m██[38;2;65;65;65m██[38;2;247;230;173m██[38;2;247;230;173m██[38;2;123;156;74m██[38;2;214;197;107m██[38;2;214;197;107m██[38;2;0;0;0m██    [38;2;0;0;0m██[38;2;0;0;0m██[38;2;0;0;0m██[38;2;0;0;0m██    
    [38;2;0;0;0m██[38;2;214;197;107m██[38;2;214;197;107m██[38;2;214;197;107m██[38;2;65;65;65m██[38;2;65;65;65m██[38;2;247;230;173m██[38;2;123;156;74m██[38;2;123;156;74m██[38;2;0;0;0m██  [38;2;0;0;0m██[38;2;65;65;65m██[38;2;156;206;74m██[38;2;156;206;74m██[38;2;65;65;65m██[38;2;0;0;0m██  
  [38;2;0;0;0m██[38;2;0;0;0m██[38;2;65;65;65m██[38;2;65;65;65m██[38;2;123;156;74m██[38;2;214;197;107m██[38;2;214;197;107m██[38;2;123;156;74m██[38;2;123;156;74m██[38;2;65;65;65m██[38;2;123;156;74m██[38;2;0;0;0m██[38;2;65;65;65m██[38;2;156;206;74m██[38;2;123;156;74m██[38;2;82;115;66m██[38;2;156;206;74m██[38;2;0;0;0m██  
[38;2;0;0;0m██[38;2;214;197;107m██[38;2;123;156;74m██[38;2;123;156;74m██[38;2;0;0;0m██[38;2;0;0;0m██[38;2;65;65;65m██[38;2;65;65;65m██[38;2;123;156;74m██[38;2;123;156;74m██[38;2;123;156;74m██[38;2;156;206;74m██[38;2;156;206;74m██[38;2;65;65;65m██[38;2;156;206;74m██[38;2;82;115;66m██[38;2;156;206;74m██[38;2;82;115;66m██[38;2;156;206;74m██[38;2;0;0;0m██
  [38;2;0;0;0m██[38;2;0;0;0m██[38;2;0;0;0m██    [38;2;0;0;0m██[38;2;156;206;74m██[38;2;156;206;74m██[38;2;65;65;65m██[38;2;156;206;74m██[38;2;156;206;74m██[38;2;123;156;74m██[38;2;65;65;65m██[38;2;156;206;74m██[38;2;156;206;74m██[38;2;156;206;74m██[38;2;82;115;66m██[38;2;156;206;74m██[38;2;0;0;0m██
            [38;2;0;0;0m██[38;2;189;82;123m██[38;2;65;65;65m██[38;2;247;230;173m██[38;2;247;230;173m██[38;2;65;65;65m██[38;2;65;65;65m██[38;2;123;156;74m██[38;2;123;156;74m██[38;2;156;206;74m██[38;2;82;115;66m██[38;2;156;206;74m██[38;2;0;0;0m██  
          [38;2;0;0;0m██[38;2;123;156;74m██[38;2;189;82;123m██[38;2;189;82;123m██[38;2;65;65;65m██[38;2;65;65;65m██[38;2;156;206;74m██[38;2;123;156;74m██[38;2;65;65;65m██[38;2;82;115;66m██[38;2;82;115;66m██[38;2;123;156;74m██[38;2;123;156;74m██[38;2;0;0;0m██  
          [38;2;0;0;0m██[38;2;123;156;74m██[38;2;65;65;65m██[38;2;123;156;74m██[38;2;123;156;74m██[38;2;156;206;74m██[38;2;156;206;74m██[38;2;156;206;74m██[38;2;65;65;65m██[38;2;123;156;74m██[38;2;123;156;74m██[38;2;0;0;0m██[38;2;0;0;0m██    
            [38;2;0;0;0m██[38;2;0;0;0m██[38;2;0;0;0m██[38;2;65;65;65m██[38;2;156;206;74m██[38;2;156;206;74m██[38;2;65;65;65m██[38;2;0;0;0m██[38;2;0;0;0m██[38;2;0;0;0m██        
                  [38;2;0;0;0m██[38;2;247;230;173m██[38;2;247;230;173m██[38;2;0;0;0m██              
                    [38;2;0;0;0m██[38;2;0;0;0m██                
