                                [38;2;7;7;7m██[38;2;7;7;7m██                                
                              [38;2;7;7;7m██[38;2;121;131;151m██[38;2;7;7;7m██                                
                            [38;2;7;7;7m██[38;2;121;131;151m██[38;2;121;131;151m██[38;2;7;7;7m██                                
                          [38;2;7;7;7m██[38;2;66;66;66m██[38;2;121;131;151m██[38;2;66;66;66m██[38;2;7;7;7m██                                
                          [38;2;7;7;7m██[38;2;121;131;151m██[38;2;66;66;66m██[38;2;82;90;106m██[38;2;7;7;7m██                                
                        [38;2;7;7;7m██[38;2;66;66;66m██[38;2;121;131;151m██[38;2;66;66;66m██[38;2;7;7;7m██                                  
                        [38;2;7;7;7m██[38;2;121;131;151m██[38;2;66;66;66m██[38;2;82;90;106m██[38;2;66;66;66m██[38;2;7;7;7m██              [38;2;7;7;7m██[38;2;7;7;7m██              
                        [38;2;7;7;7m██[38;2;82;90;106m██[38;2;66;66;66m██[38;2;82;90;106m██[38;2;66;66;66m██[38;2;196;163;108m██[38;2;7;7;7m██[38;2;7;7;7m██        [38;2;7;7;7m██[38;2;248;248;248m██[38;2;7;7;7m██              
              [38;2;7;7;7m██[38;2;7;7;7m██    [38;2;7;7;7m██[38;2;219;198;164m██[38;2;66;66;66m██[38;2;82;90;106m██[38;2;66;66;66m██[38;2;196;163;108m██[38;2;196;163;108m██[38;2;196;163;108m██[38;2;196;163;108m██[38;2;7;7;7m██[38;2;7;7;7m██    [38;2;7;7;7m██[38;2;248;248;248m██[38;2;189;205;205m██[38;2;7;7;7m██[38;2;7;7;7m██          
              [38;2;7;7;7m██[38;2;121;131;151m██[38;2;7;7;7m██[38;2;7;7;7m██[38;2;196;163;108m██[38;2;219;198;164m██[38;2;219;198;164m██[38;2;66;66;66m██[38;2;219;198;164m██[38;2;196;163;108m██[38;2;196;163;108m██[38;2;66;66;66m██[38;2;66;66;66m██[38;2;82;90;106m██[38;2;7;7;7m██  [38;2;7;7;7m██[38;2;248;248;248m██[38;2;248;248;248m██[38;2;189;205;205m██[38;2;248;248;248m██[38;2;7;7;7m██          
              [38;2;7;7;7m██[38;2;82;90;106m██[38;2;121;131;151m██[38;2;66;66;66m██[38;2;196;163;108m██[38;2;196;163;108m██[38;2;219;198;164m██[38;2;219;198;164m██[38;2;196;163;108m██[38;2;196;163;108m██[38;2;66;66;66m██[38;2;82;90;106m██[38;2;82;90;106m██[38;2;66;66;66m██[38;2;7;7;7m██  [38;2;7;7;7m██[38;2;248;248;248m██[38;2;189;205;205m██[38;2;248;248;248m██[38;2;248;248;248m██[38;2;7;7;7m██          
                [38;2;7;7;7m██[38;2;82;90;106m██[38;2;121;131;151m██[38;2;66;66;66m██[38;2;196;163;108m██[38;2;196;163;108m██[38;2;196;163;108m██[38;2;66;66;66m██[38;2;66;66;66m██[38;2;121;131;151m██[38;2;66;66;66m██[38;2;66;66;66m██[38;2;7;7;7m██  [38;2;7;7;7m██[38;2;248;248;248m██[38;2;248;248;248m██[38;2;66;66;66m██[38;2;248;248;248m██[38;2;7;7;7m██            
                [38;2;7;7;7m██[38;2;82;90;106m██[38;2;121;131;151m██[38;2;66;66;66m██[38;2;196;163;108m██[38;2;196;163;108m██[38;2;66;66;66m██[38;2;121;131;151m██[38;2;121;131;151m██[38;2;66;66;66m██[38;2;82;90;106m██[38;2;66;66;66m██[38;2;113;92;68m██[38;2;7;7;7m██[38;2;66;66;66m██[38;2;248;248;248m██[38;2;66;66;66m██[38;2;82;90;106m██[38;2;66;66;66m██[38;2;7;7;7m██            
                [38;2;7;7;7m██[38;2;66;66;66m██[38;2;82;90;106m██[38;2;121;131;151m██[38;2;66;66;66m██[38;2;66;66;66m██[38;2;121;131;151m██[38;2;66;66;66m██[38;2;66;66;66m██[38;2;82;90;106m██[38;2;66;66;66m██[38;2;82;90;106m██[38;2;66;66;66m██[38;2;113;92;68m██[38;2;66;66;66m██[38;2;66;66;66m██[38;2;82;90;106m██[38;2;82;90;106m██[38;2;66;66;66m██[38;2;66;66;66m██[38;2;7;7;7m██          
              [38;2;7;7;7m██[38;2;161;129;82m██[38;2;66;66;66m██[38;2;66;66;66m██[38;2;82;90;106m██[38;2;66;66;66m██[38;2;121;131;151m██[38;2;66;66;66m██[38;2;82;90;106m██[38;2;82;90;106m██[38;2;66;66;66m██[38;2;196;163;108m██[38;2;66;66;66m██[38;2;82;90;106m██[38;2;66;66;66m██[38;2;82;90;106m██[38;2;82;90;106m██[38;2;66;66;66m██[38;2;82;90;106m██[38;2;66;66;66m██[38;2;82;90;106m██[38;2;7;7;7m██          
              [38;2;7;7;7m██[38;2;161;129;82m██[38;2;66;66;66m██[38;2;82;90;106m██[38;2;66;66;66m██[38;2;82;90;106m██[38;2;66;66;66m██[38;2;82;90;106m██[38;2;66;66;66m██[38;2;66;66;66m██[38;2;248;248;248m██[38;2;196;163;108m██[38;2;66;66;66m██[38;2;66;66;66m██[38;2;66;66;66m██[38;2;82;90;106m██[38;2;66;66;66m██[38;2;196;163;108m██[38;2;66;66;66m██[38;2;196;163;108m██[38;2;66;66;66m██[38;2;82;90;106m██[38;2;7;7;7m██        
              [38;2;7;7;7m██[38;2;66;66;66m██[38;2;82;90;106m██[38;2;66;66;66m██[38;2;66;66;66m██[38;2;82;90;106m██[38;2;66;66;66m██[38;2;66;66;66m██[38;2;7;7;7m██[38;2;248;248;248m██[38;2;196;163;108m██[38;2;66;66;66m██[38;2;82;90;106m██[38;2;82;90;106m██[38;2;66;66;66m██[38;2;66;66;66m██[38;2;82;90;106m██[38;2;219;198;164m██[38;2;219;198;164m██[38;2;161;129;82m██[38;2;66;66;66m██[38;2;82;90;106m██[38;2;66;66;66m██[38;2;7;7;7m██      
                [38;2;7;7;7m██[38;2;66;66;66m██[38;2;66;66;66m██[38;2;196;163;108m██[38;2;66;66;66m██[38;2;161;129;82m██[38;2;196;163;108m██[38;2;196;163;108m██[38;2;196;163;108m██[38;2;66;66;66m██[38;2;82;90;106m██[38;2;66;66;66m██[38;2;82;90;106m██[38;2;82;90;106m██[38;2;82;90;106m██[38;2;66;66;66m██[38;2;219;198;164m██[38;2;161;129;82m██[38;2;196;163;108m██[38;2;161;129;82m██[38;2;66;66;66m██[38;2;82;90;106m██[38;2;7;7;7m██      
                [38;2;7;7;7m██[38;2;82;90;106m██[38;2;66;66;66m██[38;2;196;163;108m██[38;2;196;163;108m██[38;2;196;163;108m██[38;2;196;163;108m██[38;2;196;163;108m██[38;2;66;66;66m██[38;2;82;90;106m██[38;2;82;90;106m██[38;2;66;66;66m██[38;2;66;66;66m██[38;2;66;66;66m██[38;2;66;66;66m██[38;2;82;90;106m██[38;2;66;66;66m██[38;2;161;129;82m██[38;2;196;163;108m██[38;2;161;129;82m██[38;2;66;66;66m██[38;2;7;7;7m██        
                  [38;2;7;7;7m██[38;2;82;90;106m██[38;2;66;66;66m██[38;2;161;129;82m██[38;2;196;163;108m██[38;2;66;66;66m██[38;2;66;66;66m██[38;2;82;90;106m██[38;2;66;66;66m██[38;2;66;66;66m██[38;2;255;246;180m██[38;2;205;197;123m██[38;2;66;66;66m██[38;2;82;90;106m██[38;2;66;66;66m██[38;2;196;163;108m██[38;2;196;163;108m██[38;2;161;129;82m██[38;2;196;163;108m██[38;2;7;7;7m██          
  [38;2;7;7;7m██[38;2;7;7;7m██[38;2;7;7;7m██        [38;2;7;7;7m██[38;2;161;129;82m██[38;2;66;66;66m██[38;2;82;90;106m██[38;2;66;66;66m██[38;2;66;66;66m██[38;2;82;90;106m██[38;2;82;90;106m██[38;2;82;90;106m██[38;2;66;66;66m██[38;2;255;246;180m██[38;2;205;197;123m██[38;2;196;163;108m██[38;2;66;66;66m██[38;2;82;90;106m██[38;2;82;90;106m██[38;2;66;66;66m██[38;2;66;66;66m██[38;2;66;66;66m██[38;2;196;163;108m██[38;2;161;129;82m██[38;2;7;7;7m██        
  [38;2;7;7;7m██[38;2;82;90;106m██[38;2;82;90;106m██[38;2;7;7;7m██    [38;2;7;7;7m██[38;2;196;163;108m██[38;2;66;66;66m██[38;2;66;66;66m██[38;2;82;90;106m██[38;2;82;90;106m██[38;2;82;90;106m██[38;2;82;90;106m██[38;2;66;66;66m██[38;2;66;66;66m██[38;2;255;246;180m██[38;2;255;246;180m██[38;2;196;163;108m██[38;2;196;163;108m██[38;2;196;163;108m██[38;2;66;66;66m██[38;2;82;90;106m██[38;2;66;66;66m██[38;2;82;90;106m██[38;2;66;66;66m██[38;2;161;129;82m██[38;2;196;163;108m██[38;2;7;7;7m██        
  [38;2;7;7;7m██[38;2;82;90;106m██[38;2;82;90;106m██[38;2;82;90;106m██[38;2;7;7;7m██[38;2;7;7;7m██[38;2;196;163;108m██[38;2;196;163;108m██[38;2;7;7;7m██[38;2;7;7;7m██[38;2;66;66;66m██[38;2;66;66;66m██[38;2;82;90;106m██[38;2;66;66;66m██[38;2;66;66;66m██[38;2;161;129;82m██[38;2;161;129;82m██[38;2;161;129;82m██[38;2;161;129;82m██[38;2;161;129;82m██[38;2;161;129;82m██[38;2;66;66;66m██[38;2;66;66;66m██[38;2;66;66;66m██[38;2;82;90;106m██[38;2;82;90;106m██[38;2;7;7;7m██[38;2;196;163;108m██[38;2;196;163;108m██[38;2;7;7;7m██      
    [38;2;7;7;7m██[38;2;82;90;106m██[38;2;82;90;106m██[38;2;82;90;106m██[38;2;66;66;66m██[38;2;196;163;108m██[38;2;7;7;7m██    [38;2;7;7;7m██[38;2;113;92;68m██[38;2;66;66;66m██[38;2;113;92;68m██[38;2;161;129;82m██[38;2;66;66;66m██[38;2;66;66;66m██[38;2;66;66;66m██[38;2;66;66;66m██[38;2;161;129;82m██[38;2;66;66;66m██[38;2;66;66;66m██[38;2;82;90;106m██[38;2;82;90;106m██[38;2;66;66;66m██[38;2;7;7;7m██  [38;2;7;7;7m██[38;2;161;129;82m██[38;2;196;163;108m██[38;2;7;7;7m██    
  [38;2;7;7;7m██[38;2;161;129;82m██[38;2;82;90;106m██[38;2;82;90;106m██[38;2;82;90;106m██[38;2;82;90;106m██[38;2;66;66;66m██[38;2;7;7;7m██  [38;2;7;7;7m██[38;2;66;66;66m██[38;2;161;129;82m██[38;2;161;129;82m██[38;2;161;129;82m██[38;2;66;66;66m██[38;2;66;66;66m██[38;2;205;197;123m██[38;2;205;197;123m██[38;2;205;197;123m██[38;2;66;66;66m██[38;2;113;92;68m██[38;2;66;66;66m██[38;2;82;90;106m██[38;2;82;90;106m██[38;2;82;90;106m██[38;2;82;90;106m██[38;2;7;7;7m██[38;2;196;163;108m██[38;2;196;163;108m██[38;2;196;163;108m██[38;2;7;7;7m██    
[38;2;7;7;7m██[38;2;196;163;108m██[38;2;161;129;82m██[38;2;66;66;66m██[38;2;82;90;106m██[38;2;82;90;106m██[38;2;82;90;106m██[38;2;82;90;106m██[38;2;82;90;106m██[38;2;7;7;7m██[38;2;82;90;106m██[38;2;66;66;66m██[38;2;113;92;68m██[38;2;161;129;82m██[38;2;113;92;68m██[38;2;161;129;82m██[38;2;66;66;66m██[38;2;161;129;82m██[38;2;196;163;108m██[38;2;196;163;108m██[38;2;113;92;68m██[38;2;161;129;82m██[38;2;161;129;82m██[38;2;66;66;66m██[38;2;82;90;106m██[38;2;82;90;106m██[38;2;82;90;106m██[38;2;82;90;106m██[38;2;66;66;66m██[38;2;196;163;108m██[38;2;7;7;7m██      
[38;2;7;7;7m██[38;2;7;7;7m██[38;2;7;7;7m██[38;2;66;66;66m██[38;2;82;90;106m██[38;2;82;90;106m██[38;2;82;90;106m██[38;2;82;90;106m██[38;2;82;90;106m██[38;2;82;90;106m██[38;2;82;90;106m██[38;2;66;66;66m██[38;2;113;92;68m██[38;2;113;92;68m██[38;2;161;129;82m██[38;2;66;66;66m██[38;2;161;129;82m██[38;2;113;92;68m██[38;2;113;92;68m██[38;2;113;92;68m██[38;2;161;129;82m██[38;2;113;92;68m██[38;2;66;66;66m██[38;2;66;66;66m██[38;2;66;66;66m██[38;2;82;90;106m██[38;2;82;90;106m██[38;2;82;90;106m██[38;2;82;90;106m██[38;2;7;7;7m██    [38;2;7;7;7m██[38;2;7;7;7m██
      [38;2;7;7;7m██[38;2;66;66;66m██[38;2;82;90;106m██[38;2;82;90;106m██[38;2;82;90;106m██[38;2;82;90;106m██[38;2;82;90;106m██[38;2;82;90;106m██[38;2;7;7;7m██[38;2;82;90;106m██[38;2;161;129;82m██[38;2;113;92;68m██[38;2;66;66;66m██[38;2;7;7;7m██[38;2;161;129;82m██[38;2;161;129;82m██[38;2;161;129;82m██[38;2;161;129;82m██[38;2;66;66;66m██[38;2;196;163;108m██[38;2;196;163;108m██[38;2;66;66;66m██[38;2;82;90;106m██[38;2;82;90;106m██[38;2;82;90;106m██[38;2;82;90;106m██[38;2;82;90;106m██[38;2;7;7;7m██[38;2;7;7;7m██[38;2;82;90;106m██[38;2;7;7;7m██
        [38;2;7;7;7m██[38;2;82;90;106m██[38;2;82;90;106m██[38;2;82;90;106m██[38;2;82;90;106m██[38;2;66;66;66m██[38;2;7;7;7m██  [38;2;7;7;7m██[38;2;82;90;106m██[38;2;82;90;106m██[38;2;7;7;7m██  [38;2;7;7;7m██[38;2;161;129;82m██[38;2;161;129;82m██[38;2;7;7;7m██[38;2;7;7;7m██[38;2;7;7;7m██[38;2;66;66;66m██[38;2;82;90;106m██[38;2;82;90;106m██[38;2;82;90;106m██[38;2;82;90;106m██[38;2;82;90;106m██[38;2;82;90;106m██[38;2;82;90;106m██[38;2;82;90;106m██[38;2;82;90;106m██[38;2;7;7;7m██
    [38;2;7;7;7m██[38;2;7;7;7m██[38;2;82;90;106m██[38;2;82;90;106m██[38;2;66;66;66m██[38;2;66;66;66m██[38;2;82;90;106m██[38;2;7;7;7m██      [38;2;7;7;7m██[38;2;205;197;123m██[38;2;82;90;106m██[38;2;7;7;7m██  [38;2;7;7;7m██[38;2;7;7;7m██      [38;2;7;7;7m██[38;2;82;90;106m██[38;2;82;90;106m██[38;2;82;90;106m██[38;2;82;90;106m██[38;2;82;90;106m██[38;2;82;90;106m██[38;2;82;90;106m██[38;2;82;90;106m██[38;2;7;7;7m██  
    [38;2;7;7;7m██[38;2;82;90;106m██[38;2;82;90;106m██[38;2;66;66;66m██[38;2;82;90;106m██[38;2;7;7;7m██[38;2;7;7;7m██        [38;2;7;7;7m██[38;2;82;90;106m██[38;2;161;129;82m██[38;2;161;129;82m██[38;2;7;7;7m██      [38;2;7;7;7m██[38;2;7;7;7m██[38;2;66;66;66m██[38;2;82;90;106m██[38;2;82;90;106m██[38;2;82;90;106m██[38;2;82;90;106m██[38;2;82;90;106m██[38;2;82;90;106m██[38;2;66;66;66m██[38;2;82;90;106m██[38;2;7;7;7m██  
      [38;2;7;7;7m██[38;2;7;7;7m██[38;2;7;7;7m██[38;2;7;7;7m██          [38;2;7;7;7m██[38;2;66;66;66m██[38;2;161;129;82m██[38;2;66;66;66m██[38;2;161;129;82m██[38;2;7;7;7m██      [38;2;7;7;7m██[38;2;82;90;106m██[38;2;82;90;106m██[38;2;82;90;106m██[38;2;82;90;106m██[38;2;82;90;106m██[38;2;82;90;106m██[38;2;82;90;106m██[38;2;82;90;106m██[38;2;82;90;106m██[38;2;7;7;7m██    
                        [38;2;7;7;7m██[38;2;82;90;106m██[38;2;66;66;66m██[38;2;82;90;106m██[38;2;66;66;66m██[38;2;7;7;7m██        [38;2;7;7;7m██[38;2;66;66;66m██[38;2;66;66;66m██[38;2;82;90;106m██[38;2;82;90;106m██[38;2;82;90;106m██[38;2;82;90;106m██[38;2;7;7;7m██[38;2;7;7;7m██      
                        [38;2;7;7;7m██[38;2;82;90;106m██[38;2;7;7;7m██[38;2;82;90;106m██[38;2;7;7;7m██            [38;2;7;7;7m██[38;2;82;90;106m██[38;2;66;66;66m██[38;2;66;66;66m██[38;2;66;66;66m██[38;2;7;7;7m██          
                        [38;2;7;7;7m██[38;2;82;90;106m██[38;2;7;7;7m██[38;2;82;90;106m██[38;2;7;7;7m██            [38;2;7;7;7m██[38;2;82;90;106m██[38;2;7;7;7m██[38;2;82;90;106m██[38;2;7;7;7m██            
                          [38;2;7;7;7m██  [38;2;7;7;7m██              [38;2;7;7;7m██[38;2;82;90;106m██[38;2;7;7;7m██[38;2;82;90;106m██[38;2;7;7;7m██            
                                                [38;2;7;7;7m██  [38;2;7;7;7m██              
