          [38;2;0;0;0m██[38;2;0;0;0m██                          
        [38;2;0;0;0m██[38;2;189;90;66m██[38;2;189;90;66m██[38;2;0;0;0m██        [38;2;0;0;0m██[38;2;0;0;0m██            
      [38;2;0;0;0m██[38;2;65;65;65m██[38;2;189;90;66m██[38;2;189;90;66m██[38;2;0;0;0m██      [38;2;0;0;0m██[38;2;239;107;74m██[38;2;239;107;74m██[38;2;0;0;0m██          
      [38;2;0;0;0m██[38;2;156;74;58m██[38;2;156;74;58m██[38;2;0;0;0m██        [38;2;0;0;0m██[38;2;239;107;74m██[38;2;239;107;74m██[38;2;0;0;0m██          
    [38;2;0;0;0m██[38;2;156;74;58m██[38;2;0;0;0m██[38;2;189;90;66m██[38;2;65;65;65m██[38;2;0;0;0m██      [38;2;0;0;0m██[38;2;189;90;66m██[38;2;189;90;66m██[38;2;189;90;66m██[38;2;0;0;0m██        
    [38;2;0;0;0m██[38;2;156;74;58m██[38;2;0;0;0m██[38;2;65;65;65m██[38;2;189;90;66m██[38;2;0;0;0m██    [38;2;0;0;0m██[38;2;239;107;74m██[38;2;239;107;74m██[38;2;0;0;0m██[38;2;0;0;0m██[38;2;189;90;66m██[38;2;0;0;0m██      
  [38;2;0;0;0m██[38;2;156;74;58m██[38;2;0;0;0m██  [38;2;0;0;0m██[38;2;189;90;66m██[38;2;189;90;66m██[38;2;0;0;0m██[38;2;0;0;0m██[38;2;239;107;74m██[38;2;239;107;74m██[38;2;189;90;66m██[38;2;0;0;0m██  [38;2;0;0;0m██[38;2;239;107;74m██[38;2;0;0;0m██    
  [38;2;0;0;0m██[38;2;156;74;58m██[38;2;0;0;0m██  [38;2;0;0;0m██[38;2;156;74;58m██[38;2;239;107;74m██[38;2;239;107;74m██[38;2;189;90;66m██[38;2;239;107;74m██[38;2;239;107;74m██[38;2;0;0;0m██      [38;2;0;0;0m██[38;2;239;107;74m██[38;2;0;0;0m██  
    [38;2;0;0;0m██    [38;2;0;0;0m██[38;2;239;107;74m██[38;2;239;107;74m██[38;2;239;107;74m██[38;2;239;107;74m██[38;2;239;107;74m██[38;2;239;107;74m██[38;2;0;0;0m██      [38;2;0;0;0m██[38;2;239;107;74m██[38;2;0;0;0m██  
      [38;2;0;0;0m██[38;2;0;0;0m██[38;2;189;90;66m██[38;2;239;107;74m██[38;2;239;107;74m██[38;2;239;107;74m██[38;2;189;90;66m██[38;2;65;65;65m██[38;2;189;90;66m██[38;2;239;107;74m██[38;2;0;0;0m██      [38;2;0;0;0m██[38;2;239;107;74m██[38;2;0;0;0m██
    [38;2;0;0;0m██[38;2;189;90;66m██[38;2;65;65;65m██[38;2;65;65;65m██[38;2;239;107;74m██[38;2;239;107;74m██[38;2;239;107;74m██[38;2;65;65;65m██[38;2;255;255;255m██[38;2;65;65;65m██[38;2;239;107;74m██[38;2;0;0;0m██      [38;2;0;0;0m██[38;2;239;107;74m██[38;2;0;0;0m██
    [38;2;0;0;0m██[38;2;65;65;65m██[38;2;123;123;107m██[38;2;123;123;107m██[38;2;65;65;65m██[38;2;65;65;65m██[38;2;239;107;74m██[38;2;65;65;65m██[38;2;0;0;0m██[38;2;65;65;65m██[38;2;239;107;74m██[38;2;0;0;0m██        [38;2;0;0;0m██  
    [38;2;0;0;0m██[38;2;65;65;65m██[38;2;123;123;107m██[38;2;65;65;65m██[38;2;156;90;58m██[38;2;156;90;58m██[38;2;65;65;65m██[38;2;123;123;107m██[38;2;123;123;107m██[38;2;65;65;65m██[38;2;0;0;0m██              
  [38;2;0;0;0m██[38;2;123;123;107m██[38;2;65;65;65m██[38;2;123;123;107m██[38;2;65;65;65m██[38;2;0;0;0m██[38;2;65;65;65m██[38;2;65;65;65m██[38;2;123;123;107m██[38;2;123;123;107m██[38;2;123;123;107m██[38;2;0;0;0m██    [38;2;0;0;0m██[38;2;0;0;0m██      
  [38;2;0;0;0m██[38;2;65;65;65m██[38;2;123;123;107m██[38;2;65;65;65m██[38;2;0;0;0m██  [38;2;0;0;0m██[38;2;189;165;82m██[38;2;65;65;65m██[38;2;123;123;107m██[38;2;123;123;107m██[38;2;65;65;65m██[38;2;0;0;0m██[38;2;0;0;0m██[38;2;239;107;74m██[38;2;189;90;66m██[38;2;0;0;0m██    
[38;2;0;0;0m██[38;2;156;74;58m██[38;2;0;0;0m██[38;2;0;0;0m██[38;2;0;0;0m██  [38;2;0;0;0m██[38;2;247;230;140m██[38;2;247;230;140m██[38;2;65;65;65m██[38;2;123;123;107m██[38;2;123;123;107m██[38;2;65;65;65m██[38;2;123;123;107m██[38;2;65;65;65m██[38;2;239;107;74m██[38;2;239;107;74m██[38;2;0;0;0m██    
[38;2;0;0;0m██[38;2;156;74;58m██[38;2;0;0;0m██    [38;2;0;0;0m██[38;2;239;107;74m██[38;2;247;230;140m██[38;2;239;107;74m██[38;2;239;107;74m██[38;2;65;65;65m██[38;2;123;123;107m██[38;2;123;123;107m██[38;2;123;123;107m██[38;2;0;0;0m██[38;2;189;90;66m██[38;2;239;107;74m██[38;2;189;90;66m██[38;2;0;0;0m██  
[38;2;0;0;0m██[38;2;156;74;58m██[38;2;0;0;0m██  [38;2;0;0;0m██[38;2;239;107;74m██[38;2;123;123;107m██[38;2;123;123;107m██[38;2;239;107;74m██[38;2;123;123;107m██[38;2;123;123;107m██[38;2;65;65;65m██[38;2;65;65;65m██[38;2;0;0;0m██  [38;2;0;0;0m██[38;2;239;107;74m██[38;2;239;107;74m██[38;2;0;0;0m██  
  [38;2;0;0;0m██    [38;2;0;0;0m██[38;2;239;107;74m██[38;2;123;123;107m██[38;2;123;123;107m██[38;2;239;107;74m██[38;2;123;123;107m██[38;2;123;123;107m██[38;2;65;65;65m██[38;2;99;99;90m██[38;2;99;99;90m██[38;2;0;0;0m██[38;2;0;0;0m██[38;2;239;107;74m██[38;2;239;107;74m██[38;2;0;0;0m██  
          [38;2;0;0;0m██[38;2;239;107;74m██[38;2;239;107;74m██[38;2;239;107;74m██[38;2;239;107;74m██[38;2;65;65;65m██[38;2;0;0;0m██[38;2;65;65;65m██[38;2;99;99;90m██[38;2;99;99;90m██[38;2;65;65;65m██[38;2;239;107;74m██[38;2;189;90;66m██[38;2;0;0;0m██  
          [38;2;0;0;0m██[38;2;65;65;65m██[38;2;189;165;82m██[38;2;189;165;82m██[38;2;239;107;74m██[38;2;0;0;0m██  [38;2;0;0;0m██[38;2;99;99;90m██[38;2;99;99;90m██[38;2;65;65;65m██[38;2;239;107;74m██[38;2;0;0;0m██    
            [38;2;0;0;0m██[38;2;0;0;0m██[38;2;0;0;0m██[38;2;0;0;0m██[38;2;189;90;66m██[38;2;0;0;0m██  [38;2;0;0;0m██[38;2;99;99;90m██[38;2;0;0;0m██[38;2;239;107;74m██[38;2;0;0;0m██    
                  [38;2;0;0;0m██[38;2;189;90;66m██[38;2;0;0;0m██    [38;2;0;0;0m██  [38;2;0;0;0m██      
                    [38;2;0;0;0m██                  
