                    [38;2;0;0;0m██[38;2;0;0;0m██    [38;2;0;0;0m██[38;2;0;0;0m██              
            [38;2;0;0;0m██[38;2;0;0;0m██  [38;2;0;0;0m██[38;2;255;255;255m██[38;2;255;255;255m██[38;2;0;0;0m██[38;2;0;0;0m██[38;2;255;255;255m██[38;2;255;255;255m██[38;2;0;0;0m██            
          [38;2;0;0;0m██[38;2;255;255;255m██[38;2;255;255;255m██[38;2;0;0;0m██[38;2;255;255;255m██[38;2;189;197;197m██[38;2;189;197;197m██[38;2;65;65;65m██[38;2;189;197;197m██[38;2;189;197;197m██[38;2;189;197;197m██[38;2;65;65;65m██[38;2;0;0;0m██          
        [38;2;0;0;0m██[38;2;255;255;255m██[38;2;255;255;255m██[38;2;189;197;197m██[38;2;65;65;65m██[38;2;189;197;197m██[38;2;189;197;197m██[38;2;189;197;197m██[38;2;123;123;123m██[38;2;255;255;255m██[38;2;189;197;197m██[38;2;189;197;197m██[38;2;123;123;123m██[38;2;255;255;255m██[38;2;0;0;0m██        
    [38;2;0;0;0m██[38;2;0;0;0m██[38;2;189;197;197m██[38;2;255;255;255m██[38;2;189;197;197m██[38;2;189;197;197m██[38;2;65;65;65m██[38;2;156;165;165m██[38;2;189;197;197m██[38;2;255;255;255m██[38;2;255;255;255m██[38;2;123;123;123m██[38;2;255;255;255m██[38;2;123;123;123m██[38;2;189;197;197m██[38;2;189;197;197m██[38;2;65;65;65m██[38;2;0;0;0m██      
  [38;2;0;0;0m██[38;2;255;255;255m██[38;2;123;123;123m██[38;2;255;255;255m██[38;2;255;255;255m██[38;2;189;197;197m██[38;2;189;197;197m██[38;2;189;197;197m██[38;2;65;65;65m██[38;2;255;255;255m██[38;2;255;255;255m██[38;2;255;255;255m██[38;2;123;123;123m██[38;2;189;197;197m██[38;2;65;65;65m██[38;2;65;65;65m██[38;2;156;165;165m██[38;2;123;123;123m██[38;2;255;255;255m██[38;2;0;0;0m██    
  [38;2;0;0;0m██[38;2;189;197;197m██[38;2;255;255;255m██[38;2;255;255;255m██[38;2;189;197;197m██[38;2;189;197;197m██[38;2;189;197;197m██[38;2;189;197;197m██[38;2;156;165;165m██[38;2;65;65;65m██[38;2;65;65;65m██[38;2;189;197;197m██[38;2;123;123;123m██[38;2;65;65;65m██[38;2;65;65;65m██[38;2;123;123;123m██[38;2;65;65;65m██[38;2;156;165;165m██[38;2;189;197;197m██[38;2;0;0;0m██[38;2;0;0;0m██  
[38;2;0;0;0m██[38;2;255;255;255m██[38;2;189;197;197m██[38;2;255;255;255m██[38;2;255;255;255m██[38;2;189;197;197m██[38;2;189;197;197m██[38;2;65;65;65m██[38;2;65;65;65m██[38;2;189;197;197m██[38;2;255;255;255m██[38;2;255;255;255m██[38;2;65;65;65m██[38;2;65;65;65m██[38;2;123;123;123m██[38;2;123;123;123m██[38;2;65;65;65m██[38;2;123;123;123m██[38;2;65;65;65m██[38;2;123;123;123m██[38;2;189;197;197m██[38;2;123;123;123m██[38;2;0;0;0m██
[38;2;0;0;0m██[38;2;65;65;65m██[38;2;189;197;197m██[38;2;255;255;255m██[38;2;189;197;197m██[38;2;189;197;197m██[38;2;189;197;197m██[38;2;123;123;123m██[38;2;65;65;65m██[38;2;255;255;255m██[38;2;255;255;255m██[38;2;65;65;65m██[38;2;65;65;65m██[38;2;123;123;123m██[38;2;123;123;123m██[38;2;123;123;123m██[38;2;65;65;65m██[38;2;123;123;123m██[38;2;65;65;65m██[38;2;65;65;65m██[38;2;123;123;123m██[38;2;123;123;123m██[38;2;0;0;0m██
[38;2;0;0;0m██[38;2;65;65;65m██[38;2;255;255;255m██[38;2;255;255;255m██[38;2;189;197;197m██[38;2;65;65;65m██[38;2;65;65;65m██[38;2;189;197;197m██[38;2;255;255;255m██[38;2;189;197;197m██[38;2;65;65;65m██[38;2;65;65;65m██[38;2;123;123;123m██[38;2;65;65;65m██[38;2;123;123;123m██[38;2;65;65;65m██[38;2;123;123;123m██[38;2;123;123;123m██[38;2;189;197;197m██[38;2;255;255;255m██[38;2;65;65;65m██[38;2;0;0;0m██  
[38;2;0;0;0m██[38;2;255;255;255m██[38;2;255;255;255m██[38;2;189;197;197m██[38;2;189;197;197m██[38;2;123;123;123m██[38;2;65;65;65m██[38;2;189;197;197m██[38;2;189;197;197m██[38;2;65;65;65m██[38;2;65;65;65m██[38;2;123;123;123m██[38;2;123;123;123m██[38;2;65;65;65m██[38;2;65;65;65m██[38;2;65;65;65m██[38;2;189;197;197m██[38;2;189;197;197m██[38;2;156;165;165m██[38;2;65;65;65m██[38;2;0;0;0m██    
[38;2;0;0;0m██[38;2;189;197;197m██[38;2;255;255;255m██[38;2;189;197;197m██[38;2;65;65;65m██[38;2;189;197;197m██[38;2;189;197;197m██[38;2;33;148;222m██[38;2;33;148;222m██[38;2;189;197;197m██[38;2;65;65;65m██[38;2;123;123;123m██[38;2;123;123;123m██[38;2;123;123;123m██[38;2;65;65;65m██[38;2;65;65;65m██[38;2;65;65;65m██[38;2;65;65;65m██[38;2;65;65;65m██[38;2;189;197;197m██[38;2;0;0;0m██    
  [38;2;0;0;0m██[38;2;255;255;255m██[38;2;189;197;197m██[38;2;189;197;197m██[38;2;189;197;197m██[38;2;33;148;222m██[38;2;0;0;0m██[38;2;107;189;247m██[38;2;189;197;197m██[38;2;123;123;123m██[38;2;65;65;65m██[38;2;123;123;123m██[38;2;189;197;197m██[38;2;255;255;255m██[38;2;0;0;0m██[38;2;189;197;197m██[38;2;65;65;65m██[38;2;189;197;197m██[38;2;0;0;0m██[38;2;0;0;0m██    
  [38;2;0;0;0m██[38;2;255;255;255m██[38;2;189;197;197m██[38;2;189;197;197m██[38;2;123;123;123m██[38;2;189;197;197m██[38;2;189;197;197m██[38;2;189;197;197m██[38;2;65;65;65m██[38;2;65;65;65m██[38;2;189;197;197m██[38;2;189;197;197m██[38;2;156;165;165m██[38;2;0;0;0m██  [38;2;0;0;0m██[38;2;0;0;0m██[38;2;0;0;0m██[38;2;0;0;0m██      
    [38;2;0;0;0m██[38;2;189;197;197m██[38;2;123;123;123m██[38;2;123;123;123m██[38;2;65;65;65m██[38;2;65;65;65m██[38;2;0;0;0m██[38;2;0;0;0m██[38;2;65;65;65m██[38;2;65;65;65m██[38;2;123;123;123m██[38;2;123;123;123m██[38;2;255;255;255m██[38;2;0;0;0m██              
      [38;2;0;0;0m██[38;2;0;0;0m██[38;2;0;0;0m██[38;2;0;0;0m██[38;2;0;0;0m██    [38;2;0;0;0m██[38;2;255;255;255m██[38;2;65;65;65m██[38;2;255;255;255m██[38;2;0;0;0m██[38;2;0;0;0m██              
                      [38;2;0;0;0m██[38;2;0;0;0m██[38;2;0;0;0m██[38;2;0;0;0m██                
