                  [38;2;0;0;0m██[38;2;0;0;0m██                                                
          [38;2;0;0;0m██    [38;2;0;0;0m██[38;2;222;222;222m██[38;2;0;0;0m██                                                
        [38;2;0;0;0m██[38;2;181;181;181m██[38;2;0;0;0m██  [38;2;0;0;0m██[38;2;222;222;222m██[38;2;181;181;181m██[38;2;0;0;0m██[38;2;0;0;0m██                                            
        [38;2;0;0;0m██[38;2;181;181;181m██[38;2;0;0;0m██  [38;2;0;0;0m██[38;2;222;222;222m██[38;2;181;181;181m██[38;2;222;222;222m██[38;2;0;0;0m██                                            
      [38;2;0;0;0m██[38;2;181;181;181m██[38;2;181;181;181m██[38;2;181;181;181m██[38;2;0;0;0m██[38;2;222;222;222m██[38;2;222;222;222m██[38;2;222;222;222m██[38;2;0;0;0m██                                              
      [38;2;0;0;0m██[38;2;65;65;65m██[38;2;65;65;65m██[38;2;65;65;65m██[38;2;65;65;65m██[38;2;222;222;222m██[38;2;222;222;222m██[38;2;222;222;222m██[38;2;0;0;0m██                                              
    [38;2;0;0;0m██[38;2;65;65;65m██[38;2;156;140;214m██[38;2;156;140;214m██[38;2;65;65;65m██[38;2;222;222;222m██[38;2;222;222;222m██[38;2;222;222;222m██[38;2;0;0;0m██                                                
    [38;2;0;0;0m██[38;2;222;222;222m██[38;2;222;222;222m██[38;2;156;140;214m██[38;2;156;140;214m██[38;2;156;140;214m██[38;2;181;181;181m██[38;2;222;222;222m██[38;2;0;0;0m██                                                
  [38;2;0;0;0m██[38;2;222;222;222m██[38;2;222;222;222m██[38;2;156;140;214m██[38;2;156;140;214m██[38;2;0;0;0m██[38;2;255;255;255m██[38;2;181;181;181m██[38;2;222;222;222m██[38;2;222;222;222m██[38;2;0;0;0m██                                              
  [38;2;0;0;0m██[38;2;156;140;214m██[38;2;156;140;214m██[38;2;156;140;214m██[38;2;247;197;58m██[38;2;0;0;0m██[38;2;255;255;255m██[38;2;140;140;140m██[38;2;222;222;222m██[38;2;222;222;222m██[38;2;0;0;0m██        [38;2;0;0;0m██[38;2;0;0;0m██[38;2;0;0;0m██[38;2;0;0;0m██[38;2;0;0;0m██[38;2;0;0;0m██      [38;2;0;0;0m██[38;2;0;0;0m██[38;2;0;0;0m██[38;2;0;0;0m██            
[38;2;0;0;0m██[38;2;156;140;214m██[38;2;156;140;214m██[38;2;156;140;214m██[38;2;123;115;181m██[38;2;123;115;181m██[38;2;255;255;255m██[38;2;181;181;181m██[38;2;65;65;65m██[38;2;222;222;222m██[38;2;181;181;181m██[38;2;0;0;0m██  [38;2;0;0;0m██[38;2;0;0;0m██[38;2;0;0;0m██[38;2;222;222;222m██[38;2;222;222;222m██[38;2;123;115;181m██[38;2;156;140;214m██[38;2;156;140;214m██[38;2;123;115;181m██[38;2;0;0;0m██[38;2;0;0;0m██[38;2;0;0;0m██[38;2;99;90;148m██[38;2;123;115;181m██[38;2;123;115;181m██[38;2;0;0;0m██            
  [38;2;0;0;0m██[38;2;0;0;0m██[38;2;0;0;0m██[38;2;181;181;181m██[38;2;181;181;181m██[38;2;181;181;181m██[38;2;65;65;65m██[38;2;222;222;222m██[38;2;181;181;181m██[38;2;181;181;181m██[38;2;181;181;181m██[38;2;65;65;65m██[38;2;123;115;181m██[38;2;65;65;65m██[38;2;222;222;222m██[38;2;222;222;222m██[38;2;123;115;181m██[38;2;222;222;222m██[38;2;222;222;222m██[38;2;156;140;214m██[38;2;156;140;214m██[38;2;156;140;214m██[38;2;99;90;148m██[38;2;123;115;181m██[38;2;123;115;181m██[38;2;123;115;181m██[38;2;0;0;0m██              
        [38;2;0;0;0m██[38;2;0;0;0m██[38;2;0;0;0m██[38;2;0;0;0m██[38;2;65;65;65m██[38;2;65;65;65m██[38;2;181;181;181m██[38;2;181;181;181m██[38;2;222;222;222m██[38;2;65;65;65m██[38;2;140;140;140m██[38;2;140;140;140m██[38;2;140;140;140m██[38;2;222;222;222m██[38;2;222;222;222m██[38;2;156;140;214m██[38;2;156;140;214m██[38;2;156;140;214m██[38;2;65;65;65m██[38;2;65;65;65m██[38;2;65;65;65m██[38;2;65;65;65m██[38;2;65;65;65m██[38;2;0;0;0m██              
                [38;2;0;0;0m██[38;2;181;181;181m██[38;2;181;181;181m██[38;2;181;181;181m██[38;2;222;222;222m██[38;2;222;222;222m██[38;2;222;222;222m██[38;2;222;222;222m██[38;2;222;222;222m██[38;2;222;222;222m██[38;2;156;140;214m██[38;2;65;65;65m██[38;2;65;65;65m██[38;2;65;65;65m██[38;2;156;140;214m██[38;2;156;140;214m██[38;2;156;140;214m██[38;2;156;140;214m██[38;2;156;140;214m██[38;2;156;140;214m██[38;2;0;0;0m██[38;2;0;0;0m██          
            [38;2;0;0;0m██[38;2;0;0;0m██[38;2;99;90;148m██[38;2;65;65;65m██[38;2;181;181;181m██[38;2;222;222;222m██[38;2;222;222;222m██[38;2;222;222;222m██[38;2;222;222;222m██[38;2;140;140;140m██[38;2;140;140;140m██[38;2;65;65;65m██[38;2;65;65;65m██[38;2;156;140;214m██[38;2;156;140;214m██[38;2;156;140;214m██[38;2;156;140;214m██[38;2;123;115;181m██[38;2;123;115;181m██[38;2;123;115;181m██[38;2;156;140;214m██[38;2;156;140;214m██[38;2;156;140;214m██[38;2;222;222;222m██[38;2;0;0;0m██        
        [38;2;0;0;0m██[38;2;0;0;0m██[38;2;123;115;181m██[38;2;99;90;148m██[38;2;65;65;65m██[38;2;65;65;65m██[38;2;222;222;222m██[38;2;222;222;222m██[38;2;222;222;222m██[38;2;222;222;222m██[38;2;140;140;140m██[38;2;222;222;222m██[38;2;65;65;65m██[38;2;156;140;214m██[38;2;156;140;214m██[38;2;156;140;214m██[38;2;156;140;214m██[38;2;123;115;181m██[38;2;123;115;181m██[38;2;156;140;214m██[38;2;156;140;214m██[38;2;156;140;214m██[38;2;65;65;65m██[38;2;65;65;65m██[38;2;156;140;214m██[38;2;0;0;0m██          
      [38;2;0;0;0m██[38;2;123;115;181m██[38;2;99;90;148m██[38;2;99;90;148m██[38;2;65;65;65m██[38;2;181;181;181m██[38;2;65;65;65m██[38;2;222;222;222m██[38;2;222;222;222m██[38;2;222;222;222m██[38;2;222;222;222m██[38;2;140;140;140m██[38;2;65;65;65m██[38;2;156;140;214m██[38;2;222;222;222m██[38;2;156;140;214m██[38;2;156;140;214m██[38;2;99;90;148m██[38;2;156;140;214m██[38;2;156;140;214m██[38;2;156;140;214m██[38;2;156;140;214m██[38;2;156;140;214m██[38;2;156;140;214m██[38;2;156;140;214m██[38;2;65;65;65m██[38;2;65;65;65m██[38;2;0;0;0m██        
      [38;2;0;0;0m██[38;2;99;90;148m██[38;2;99;90;148m██[38;2;99;90;148m██[38;2;181;181;181m██[38;2;181;181;181m██[38;2;181;181;181m██[38;2;65;65;65m██[38;2;156;140;214m██[38;2;222;222;222m██[38;2;222;222;222m██[38;2;65;65;65m██[38;2;156;140;214m██[38;2;222;222;222m██[38;2;156;140;214m██[38;2;156;140;214m██[38;2;123;115;181m██[38;2;123;115;181m██[38;2;65;65;65m██[38;2;65;65;65m██[38;2;156;140;214m██[38;2;156;140;214m██[38;2;156;140;214m██[38;2;156;140;214m██[38;2;156;140;214m██[38;2;156;140;214m██[38;2;156;140;214m██[38;2;156;140;214m██[38;2;0;0;0m██[38;2;0;0;0m██[38;2;0;0;0m██  
        [38;2;0;0;0m██[38;2;0;0;0m██[38;2;99;90;148m██[38;2;99;90;148m██[38;2;99;90;148m██[38;2;65;65;65m██[38;2;0;0;0m██[38;2;156;140;214m██[38;2;156;140;214m██[38;2;156;140;214m██[38;2;65;65;65m██[38;2;65;65;65m██[38;2;123;115;181m██[38;2;123;115;181m██[38;2;123;115;181m██[38;2;123;115;181m██[38;2;123;115;181m██[38;2;123;115;181m██[38;2;65;65;65m██[38;2;65;65;65m██[38;2;65;65;65m██[38;2;0;0;0m██[38;2;0;0;0m██[38;2;156;140;214m██[38;2;156;140;214m██[38;2;156;140;214m██[38;2;156;140;214m██[38;2;156;140;214m██[38;2;156;140;214m██[38;2;156;140;214m██[38;2;0;0;0m██
            [38;2;0;0;0m██[38;2;0;0;0m██[38;2;0;0;0m██[38;2;0;0;0m██  [38;2;0;0;0m██[38;2;123;115;181m██[38;2;123;115;181m██[38;2;123;115;181m██[38;2;65;65;65m██[38;2;65;65;65m██[38;2;65;65;65m██[38;2;123;115;181m██[38;2;123;115;181m██[38;2;123;115;181m██[38;2;0;0;0m██[38;2;99;90;148m██[38;2;99;90;148m██[38;2;99;90;148m██[38;2;0;0;0m██  [38;2;0;0;0m██[38;2;0;0;0m██[38;2;0;0;0m██[38;2;0;0;0m██[38;2;0;0;0m██[38;2;0;0;0m██[38;2;0;0;0m██  
                        [38;2;0;0;0m██[38;2;0;0;0m██[38;2;99;90;148m██[38;2;99;90;148m██[38;2;99;90;148m██[38;2;99;90;148m██[38;2;0;0;0m██[38;2;0;0;0m██[38;2;0;0;0m██  [38;2;0;0;0m██[38;2;65;65;65m██[38;2;65;65;65m██[38;2;99;90;148m██[38;2;0;0;0m██                
                            [38;2;0;0;0m██[38;2;65;65;65m██[38;2;0;0;0m██[38;2;0;0;0m██          [38;2;0;0;0m██[38;2;0;0;0m██[38;2;99;90;148m██[38;2;0;0;0m██                
                            [38;2;0;0;0m██[38;2;99;90;148m██[38;2;0;0;0m██                [38;2;0;0;0m██[38;2;99;90;148m██[38;2;0;0;0m██              
                              [38;2;0;0;0m██                    [38;2;0;0;0m██[38;2;0;0;0m██              
