      [38;2;0;0;0m██                              
    [38;2;0;0;0m██[38;2;0;0;0m██            [38;2;0;0;0m██                
  [38;2;0;0;0m██[38;2;0;0;0m██            [38;2;0;0;0m██[38;2;0;0;0m██                
[38;2;0;0;0m██[38;2;0;0;0m██[38;2;0;0;0m██          [38;2;0;0;0m██[38;2;0;0;0m██[38;2;0;0;0m██                
[38;2;0;0;0m██[38;2;0;0;0m██      [38;2;0;0;0m██[38;2;0;0;0m██[38;2;0;0;0m██[38;2;0;0;0m██[38;2;0;0;0m██                  
[38;2;0;0;0m██[38;2;0;0;0m██  [38;2;0;0;0m██[38;2;0;0;0m██[38;2;255;123;115m██[38;2;0;0;0m██[38;2;0;0;0m██[38;2;0;0;0m██[38;2;0;0;0m██                  
  [38;2;0;0;0m██[38;2;0;0;0m██[38;2;255;123;115m██[38;2;255;123;115m██[38;2;255;123;115m██[38;2;0;0;0m██[38;2;0;0;0m██[38;2;255;123;115m██[38;2;173;49;58m██[38;2;0;0;0m██                
  [38;2;0;0;0m██[38;2;65;65;65m██[38;2;65;65;65m██[38;2;255;123;115m██[38;2;0;0;0m██[38;2;65;65;65m██[38;2;255;123;115m██[38;2;255;123;115m██[38;2;255;123;115m██[38;2;173;49;58m██[38;2;0;0;0m██              
[38;2;0;0;0m██[38;2;255;255;255m██[38;2;65;65;65m██[38;2;65;65;65m██[38;2;255;123;115m██[38;2;0;0;0m██[38;2;58;132;247m██[38;2;0;0;0m██[38;2;255;123;115m██[38;2;255;123;115m██[38;2;222;82;99m██[38;2;0;0;0m██  [38;2;0;0;0m██[38;2;0;0;0m██[38;2;0;0;0m██      
[38;2;0;0;0m██[38;2;206;239;230m██[38;2;255;123;115m██[38;2;255;123;115m██[38;2;255;123;115m██[38;2;255;255;255m██[38;2;255;255;255m██[38;2;41;82;156m██[38;2;0;0;0m██[38;2;255;123;115m██[38;2;222;82;99m██[38;2;65;65;65m██[38;2;0;0;0m██[38;2;222;82;99m██[38;2;222;82;99m██[38;2;222;82;99m██[38;2;0;0;0m██    
[38;2;0;0;0m██[38;2;58;132;247m██[38;2;255;123;115m██[38;2;255;123;115m██[38;2;255;123;115m██[38;2;206;239;230m██[38;2;123;181;255m██[38;2;41;82;156m██[38;2;0;0;0m██[38;2;222;82;99m██[38;2;222;82;99m██[38;2;65;65;65m██[38;2;222;82;99m██[38;2;189;165;66m██[38;2;189;165;66m██[38;2;189;165;66m██[38;2;173;49;58m██[38;2;0;0;0m██  
[38;2;0;0;0m██[38;2;41;82;156m██[38;2;255;123;115m██[38;2;255;123;115m██[38;2;255;123;115m██[38;2;41;82;156m██[38;2;58;132;247m██[38;2;41;82;156m██[38;2;239;239;123m██[38;2;222;82;99m██[38;2;65;65;65m██[38;2;222;82;99m██[38;2;189;165;66m██[38;2;189;165;66m██[38;2;123;181;255m██[38;2;123;181;255m██[38;2;206;239;230m██[38;2;206;239;230m██[38;2;0;0;0m██
  [38;2;0;0;0m██[38;2;255;123;115m██[38;2;255;123;115m██[38;2;239;239;123m██[38;2;0;0;0m██[38;2;41;82;156m██[38;2;239;239;123m██[38;2;189;165;66m██[38;2;173;49;58m██[38;2;65;65;65m██[38;2;65;65;65m██[38;2;189;165;66m██[38;2;123;181;255m██[38;2;206;239;230m██[38;2;206;239;230m██[38;2;206;239;230m██[38;2;206;239;230m██[38;2;0;0;0m██
    [38;2;0;0;0m██[38;2;239;239;123m██[38;2;239;239;123m██[38;2;239;239;123m██[38;2;189;165;66m██[38;2;65;65;65m██[38;2;65;65;65m██[38;2;65;65;65m██[38;2;255;255;255m██[38;2;255;255;255m██[38;2;65;65;65m██[38;2;206;239;230m██[38;2;206;239;230m██[38;2;206;239;230m██[38;2;206;239;230m██[38;2;206;239;230m██[38;2;0;0;0m██
      [38;2;0;0;0m██[38;2;0;0;0m██[38;2;65;65;65m██[38;2;65;65;65m██[38;2;189;165;66m██[38;2;189;165;66m██[38;2;65;65;65m██[38;2;255;255;255m██[38;2;189;189;189m██[38;2;65;65;65m██[38;2;173;49;58m██[38;2;206;239;230m██[38;2;206;239;230m██[38;2;206;239;230m██[38;2;0;0;0m██  
        [38;2;0;0;0m██[38;2;189;189;189m██[38;2;65;65;65m██[38;2;239;239;123m██[38;2;189;165;66m██[38;2;239;239;123m██[38;2;65;65;65m██[38;2;65;65;65m██[38;2;189;189;189m██[38;2;173;49;58m██[38;2;65;65;65m██[38;2;0;0;0m██[38;2;0;0;0m██    
          [38;2;0;0;0m██[38;2;0;0;0m██[38;2;123;107;49m██[38;2;239;239;123m██[38;2;189;165;66m██[38;2;0;0;0m██[38;2;189;189;189m██[38;2;189;189;189m██[38;2;65;65;65m██[38;2;0;0;0m██        
              [38;2;0;0;0m██[38;2;65;65;65m██[38;2;123;107;49m██[38;2;65;65;65m██[38;2;0;0;0m██[38;2;0;0;0m██[38;2;65;65;65m██[38;2;173;49;58m██[38;2;0;0;0m██      
              [38;2;0;0;0m██[38;2;222;82;99m██[38;2;173;49;58m██[38;2;0;0;0m██  [38;2;0;0;0m██[38;2;65;65;65m██[38;2;173;49;58m██[38;2;0;0;0m██      
                [38;2;0;0;0m██[38;2;0;0;0m██    [38;2;0;0;0m██[38;2;222;82;99m██[38;2;173;49;58m██[38;2;0;0;0m██      
                          [38;2;0;0;0m██[38;2;0;0;0m██        
