                [38;2;0;0;0m██[38;2;0;0;0m██                
      [38;2;0;0;0m██[38;2;0;0;0m██[38;2;0;0;0m██  [38;2;0;0;0m██[38;2;247;181;181m██[38;2;247;181;181m██[38;2;0;0;0m██  [38;2;0;0;0m██[38;2;0;0;0m██[38;2;0;0;0m██      
    [38;2;0;0;0m██[38;2;247;181;181m██[38;2;247;181;181m██[38;2;247;181;181m██[38;2;0;0;0m██[38;2;65;65;65m██[38;2;230;132;165m██[38;2;230;132;165m██[38;2;65;65;65m██[38;2;0;0;0m██[38;2;247;181;181m██[38;2;247;181;181m██[38;2;247;181;181m██[38;2;0;0;0m██    
  [38;2;0;0;0m██[38;2;230;132;165m██[38;2;189;99;132m██[38;2;189;99;132m██[38;2;230;132;165m██[38;2;230;132;165m██[38;2;65;65;65m██[38;2;65;65;65m██[38;2;65;65;65m██[38;2;65;65;65m██[38;2;230;132;165m██[38;2;230;132;165m██[38;2;189;99;132m██[38;2;189;99;132m██[38;2;230;132;165m██[38;2;0;0;0m██  
  [38;2;0;0;0m██[38;2;189;99;132m██[38;2;189;99;132m██[38;2;65;65;65m██[38;2;65;65;65m██[38;2;65;65;65m██[38;2;247;230;107m██[38;2;115;115;115m██[38;2;115;115;115m██[38;2;65;65;65m██[38;2;65;65;65m██[38;2;65;65;65m██[38;2;65;65;65m██[38;2;189;99;132m██[38;2;189;99;132m██[38;2;0;0;0m██  
    [38;2;0;0;0m██[38;2;65;65;65m██[38;2;247;181;181m██[38;2;230;132;165m██[38;2;65;65;65m██[38;2;115;115;115m██[38;2;115;115;115m██[38;2;115;115;115m██[38;2;247;230;107m██[38;2;65;65;65m██[38;2;230;132;165m██[38;2;247;181;181m██[38;2;65;65;65m██[38;2;0;0;0m██    
  [38;2;0;0;0m██[38;2;247;181;181m██[38;2;247;181;181m██[38;2;247;181;181m██[38;2;247;181;181m██[38;2;230;132;165m██[38;2;65;65;65m██[38;2;115;115;115m██[38;2;115;115;115m██[38;2;65;65;65m██[38;2;230;132;165m██[38;2;247;181;181m██[38;2;247;181;181m██[38;2;247;181;181m██[38;2;247;181;181m██[38;2;0;0;0m██  
[38;2;0;0;0m██[38;2;230;132;165m██[38;2;189;99;132m██[38;2;247;181;181m██[38;2;65;65;65m██[38;2;65;65;65m██[38;2;65;65;65m██[38;2;247;181;181m██[38;2;65;65;65m██[38;2;65;65;65m██[38;2;247;181;181m██[38;2;65;65;65m██[38;2;65;65;65m██[38;2;65;65;65m██[38;2;247;181;181m██[38;2;189;99;132m██[38;2;230;132;165m██[38;2;0;0;0m██
[38;2;0;0;0m██[38;2;230;132;165m██[38;2;230;132;165m██[38;2;65;65;65m██[38;2;173;156;206m██[38;2;65;65;65m██[38;2;247;181;181m██[38;2;247;181;181m██[38;2;65;65;65m██[38;2;65;65;65m██[38;2;247;181;181m██[38;2;247;181;181m██[38;2;65;65;65m██[38;2;173;156;206m██[38;2;65;65;65m██[38;2;230;132;165m██[38;2;230;132;165m██[38;2;0;0;0m██
  [38;2;0;0;0m██[38;2;65;65;65m██[38;2;123;123;197m██[38;2;65;65;65m██[38;2;247;181;181m██[38;2;247;181;181m██[38;2;65;65;65m██[38;2;173;156;206m██[38;2;173;156;206m██[38;2;65;65;65m██[38;2;247;181;181m██[38;2;247;181;181m██[38;2;65;65;65m██[38;2;123;123;197m██[38;2;65;65;65m██[38;2;0;0;0m██  
    [38;2;0;0;0m██[38;2;123;123;197m██[38;2;65;65;65m██[38;2;189;99;132m██[38;2;189;99;132m██[38;2;65;65;65m██[38;2;123;123;197m██[38;2;123;123;197m██[38;2;65;65;65m██[38;2;189;99;132m██[38;2;189;99;132m██[38;2;65;65;65m██[38;2;123;123;197m██[38;2;0;0;0m██    
      [38;2;0;0;0m██[38;2;0;0;0m██[38;2;230;132;165m██[38;2;230;132;165m██[38;2;65;65;65m██[38;2;123;123;197m██[38;2;123;123;197m██[38;2;65;65;65m██[38;2;230;132;165m██[38;2;230;132;165m██[38;2;0;0;0m██[38;2;0;0;0m██      
          [38;2;0;0;0m██[38;2;0;0;0m██[38;2;123;123;197m██[38;2;123;123;197m██[38;2;123;123;197m██[38;2;123;123;197m██[38;2;0;0;0m██[38;2;0;0;0m██          
              [38;2;0;0;0m██[38;2;65;65;65m██[38;2;65;65;65m██[38;2;0;0;0m██              
          [38;2;0;0;0m██[38;2;0;0;0m██[38;2;65;65;65m██[38;2;197;173;41m██[38;2;197;173;41m██[38;2;65;65;65m██[38;2;0;0;0m██[38;2;0;0;0m██          
        [38;2;0;0;0m██[38;2;123;123;197m██[38;2;123;123;197m██[38;2;65;65;65m██[38;2;247;230;107m██[38;2;247;230;107m██[38;2;65;65;65m██[38;2;123;123;197m██[38;2;123;123;197m██[38;2;0;0;0m██        
          [38;2;0;0;0m██[38;2;173;156;206m██[38;2;173;156;206m██[38;2;123;123;197m██[38;2;123;123;197m██[38;2;173;156;206m██[38;2;173;156;206m██[38;2;0;0;0m██          
        [38;2;0;0;0m██[38;2;173;156;206m██[38;2;123;123;197m██[38;2;173;156;206m██[38;2;173;156;206m██[38;2;173;156;206m██[38;2;173;156;206m██[38;2;123;123;197m██[38;2;173;156;206m██[38;2;0;0;0m██        
        [38;2;0;0;0m██[38;2;0;0;0m██[38;2;0;0;0m██[38;2;123;123;197m██[38;2;173;156;206m██[38;2;173;156;206m██[38;2;123;123;197m██[38;2;0;0;0m██[38;2;0;0;0m██[38;2;0;0;0m██        
              [38;2;0;0;0m██[38;2;0;0;0m██[38;2;0;0;0m██[38;2;0;0;0m██              
