                              [38;2;0;0;0m██[38;2;0;0;0m██[38;2;0;0;0m██[38;2;0;0;0m██      
                            [38;2;0;0;0m██[38;2;197;165;148m██[38;2;247;230;239m██[38;2;247;230;239m██[38;2;247;230;239m██[38;2;0;0;0m██    
                          [38;2;0;0;0m██[38;2;197;165;148m██[38;2;247;230;239m██[38;2;247;230;239m██[38;2;206;197;206m██[38;2;0;0;0m██      
                          [38;2;0;0;0m██[38;2;197;165;148m██[38;2;247;230;239m██[38;2;247;230;239m██[38;2;247;230;239m██[38;2;0;0;0m██      
                            [38;2;0;0;0m██[38;2;148;123;90m██[38;2;247;230;239m██[38;2;247;230;239m██[38;2;247;230;239m██[38;2;0;0;0m██    
                          [38;2;0;0;0m██[38;2;0;0;0m██[38;2;197;165;148m██[38;2;148;123;90m██[38;2;247;230;239m██[38;2;247;230;239m██[38;2;197;165;148m██[38;2;0;0;0m██  
          [38;2;0;0;0m██        [38;2;0;0;0m██[38;2;0;0;0m██[38;2;0;0;0m██[38;2;247;230;239m██[38;2;247;230;239m██[38;2;197;165;148m██[38;2;148;123;90m██[38;2;247;230;239m██[38;2;247;230;239m██[38;2;247;230;239m██[38;2;148;123;90m██[38;2;0;0;0m██
        [38;2;0;0;0m██[38;2;247;230;239m██[38;2;0;0;0m██  [38;2;0;0;0m██[38;2;0;0;0m██[38;2;247;230;239m██[38;2;247;230;239m██[38;2;247;230;239m██[38;2;247;230;239m██[38;2;197;165;148m██[38;2;148;123;90m██[38;2;148;123;90m██[38;2;247;230;239m██[38;2;247;230;239m██[38;2;247;230;239m██[38;2;148;123;90m██[38;2;0;0;0m██
      [38;2;0;0;0m██[38;2;247;230;239m██[38;2;247;230;239m██[38;2;65;65;65m██[38;2;0;0;0m██[38;2;247;230;239m██[38;2;197;165;148m██[38;2;65;65;65m██[38;2;148;123;90m██[38;2;148;123;90m██[38;2;148;123;90m██[38;2;148;123;90m██[38;2;148;123;90m██[38;2;247;230;239m██[38;2;247;230;239m██[38;2;247;230;239m██[38;2;197;165;148m██[38;2;148;123;90m██[38;2;0;0;0m██
      [38;2;0;0;0m██[38;2;247;230;239m██[38;2;197;165;148m██[38;2;197;165;148m██[38;2;148;123;90m██[38;2;148;123;90m██[38;2;65;65;65m██[38;2;247;230;239m██[38;2;65;65;65m██[38;2;148;123;90m██[38;2;148;123;90m██[38;2;197;165;148m██[38;2;247;230;239m██[38;2;247;230;239m██[38;2;247;230;239m██[38;2;197;165;148m██[38;2;148;123;90m██[38;2;0;0;0m██  
    [38;2;0;0;0m██[38;2;247;230;239m██[38;2;197;165;148m██[38;2;148;123;90m██[38;2;148;123;90m██[38;2;148;123;90m██[38;2;65;65;65m██[38;2;247;230;239m██[38;2;247;230;239m██[38;2;65;65;65m██[38;2;247;230;239m██[38;2;247;230;239m██[38;2;247;230;239m██[38;2;247;230;239m██[38;2;247;230;239m██[38;2;197;165;148m██[38;2;148;123;90m██[38;2;148;123;90m██[38;2;0;0;0m██  
  [38;2;0;0;0m██[38;2;197;165;148m██[38;2;148;123;90m██[38;2;148;123;90m██[38;2;148;123;90m██[38;2;197;165;148m██[38;2;247;230;239m██[38;2;247;230;239m██[38;2;247;230;239m██[38;2;247;230;239m██[38;2;197;165;148m██[38;2;148;123;90m██[38;2;148;123;90m██[38;2;247;230;239m██[38;2;247;230;239m██[38;2;148;123;90m██[38;2;148;123;90m██[38;2;197;165;148m██[38;2;206;197;206m██[38;2;123;123;123m██[38;2;0;0;0m██
  [38;2;0;0;0m██[38;2;148;123;90m██[38;2;148;123;90m██[38;2;197;165;148m██[38;2;247;230;239m██[38;2;247;230;239m██[38;2;247;230;239m██[38;2;247;230;239m██[38;2;197;165;148m██[38;2;148;123;90m██[38;2;148;123;90m██[38;2;148;123;90m██[38;2;247;230;239m██[38;2;247;230;239m██[38;2;206;197;206m██[38;2;206;197;206m██[38;2;206;197;206m██[38;2;206;197;206m██[38;2;206;197;206m██[38;2;123;123;123m██[38;2;0;0;0m██
[38;2;0;0;0m██[38;2;247;230;239m██[38;2;148;123;90m██[38;2;197;165;148m██[38;2;247;230;239m██[38;2;206;197;206m██[38;2;206;197;206m██[38;2;197;165;148m██[38;2;148;123;90m██[38;2;148;123;90m██[38;2;148;123;90m██[38;2;148;123;90m██[38;2;148;123;90m██[38;2;148;123;90m██[38;2;206;197;206m██[38;2;206;197;206m██[38;2;123;123;123m██[38;2;206;197;206m██[38;2;206;197;206m██[38;2;123;123;123m██[38;2;206;197;206m██[38;2;0;0;0m██
[38;2;0;0;0m██[38;2;247;230;239m██[38;2;247;230;239m██[38;2;247;230;239m██[38;2;148;123;90m██[38;2;255;255;255m██[38;2;65;65;65m██[38;2;148;123;90m██[38;2;148;123;90m██[38;2;123;123;123m██[38;2;197;165;148m██[38;2;206;197;206m██[38;2;206;197;206m██[38;2;206;197;206m██[38;2;206;197;206m██[38;2;123;123;123m██[38;2;0;0;0m██[38;2;0;0;0m██[38;2;123;123;123m██[38;2;206;197;206m██[38;2;0;0;0m██  
[38;2;0;0;0m██[38;2;123;123;123m██[38;2;247;230;239m██[38;2;197;165;148m██[38;2;82;140;206m██[38;2;0;0;0m██[38;2;65;65;65m██[38;2;197;165;148m██[38;2;206;197;206m██[38;2;206;197;206m██[38;2;123;123;123m██[38;2;206;197;206m██[38;2;206;197;206m██[38;2;148;123;90m██[38;2;0;0;0m██[38;2;0;0;0m██    [38;2;0;0;0m██[38;2;0;0;0m██    
  [38;2;0;0;0m██[38;2;0;0;0m██[38;2;206;197;206m██[38;2;206;197;206m██[38;2;206;197;206m██[38;2;206;197;206m██[38;2;206;197;206m██[38;2;206;197;206m██[38;2;123;123;123m██[38;2;123;123;123m██[38;2;123;123;123m██[38;2;0;0;0m██[38;2;0;0;0m██                
      [38;2;0;0;0m██[38;2;0;0;0m██[38;2;0;0;0m██[38;2;0;0;0m██[38;2;123;123;123m██[38;2;123;123;123m██[38;2;206;197;206m██[38;2;206;197;206m██[38;2;0;0;0m██                    
              [38;2;0;0;0m██[38;2;247;230;239m██[38;2;206;197;206m██[38;2;0;0;0m██                      
                [38;2;0;0;0m██[38;2;0;0;0m██                        
