            [38;2;0;0;0m██                                    
          [38;2;0;0;0m██[38;2;74;90;123m██[38;2;0;0;0m██      [38;2;0;0;0m██                          
          [38;2;0;0;0m██[38;2;197;197;197m██[38;2;0;0;0m██    [38;2;0;0;0m██[38;2;74;90;123m██[38;2;0;0;0m██                        
          [38;2;0;0;0m██[38;2;197;197;197m██[38;2;74;90;123m██[38;2;0;0;0m██[38;2;0;0;0m██[38;2;0;0;0m██[38;2;197;197;197m██[38;2;74;90;123m██[38;2;0;0;0m██                      
          [38;2;0;0;0m██[38;2;180;74;57m██[38;2;74;90;123m██[38;2;57;65;98m██[38;2;74;90;123m██[38;2;0;0;0m██[38;2;197;197;197m██[38;2;74;90;123m██[38;2;0;0;0m██                      
          [38;2;0;0;0m██[38;2;74;90;123m██[38;2;238;82;74m██[38;2;238;82;74m██[38;2;180;74;57m██[38;2;74;90;123m██[38;2;197;197;197m██[38;2;74;90;123m██[38;2;74;90;123m██[38;2;0;0;0m██          [38;2;0;0;0m██  [38;2;0;0;0m██[38;2;0;0;0m██  
        [38;2;0;0;0m██[38;2;180;74;57m██[38;2;238;82;74m██[38;2;180;74;57m██[38;2;74;90;123m██[38;2;74;90;123m██[38;2;74;90;123m██[38;2;74;90;123m██[38;2;74;90;123m██[38;2;74;90;123m██[38;2;0;0;0m██        [38;2;0;0;0m██[38;2;74;90;123m██[38;2;0;0;0m██[38;2;74;90;123m██[38;2;0;0;0m██  
        [38;2;0;0;0m██[38;2;74;90;123m██[38;2;238;82;74m██[38;2;238;82;74m██[38;2;238;82;74m██[38;2;238;82;74m██[38;2;180;74;57m██[38;2;74;90;123m██[38;2;74;90;123m██[38;2;74;90;123m██[38;2;0;0;0m██        [38;2;0;0;0m██[38;2;74;90;123m██[38;2;74;90;123m██[38;2;74;90;123m██[38;2;57;65;98m██[38;2;0;0;0m██
      [38;2;0;0;0m██[38;2;57;65;98m██[38;2;205;189;49m██[38;2;238;82;74m██[38;2;74;90;123m██[38;2;57;65;98m██[38;2;57;65;98m██[38;2;57;65;98m██[38;2;57;65;98m██[38;2;57;65;98m██[38;2;74;90;123m██[38;2;74;90;123m██[38;2;0;0;0m██    [38;2;0;0;0m██[38;2;57;65;98m██[38;2;74;90;123m██[38;2;74;90;123m██[38;2;0;0;0m██[38;2;0;0;0m██  
  [38;2;0;0;0m██[38;2;0;0;0m██[38;2;57;65;98m██[38;2;74;90;123m██[38;2;205;189;49m██[38;2;74;90;123m██[38;2;74;90;123m██[38;2;255;238;49m██[38;2;0;0;0m██[38;2;255;238;49m██[38;2;255;238;49m██[38;2;57;65;98m██[38;2;74;90;123m██[38;2;74;90;123m██[38;2;0;0;0m██    [38;2;0;0;0m██[38;2;74;90;123m██[38;2;57;65;98m██[38;2;0;0;0m██      
[38;2;0;0;0m██[38;2;180;74;57m██[38;2;180;74;57m██[38;2;0;0;0m██[38;2;238;82;74m██[38;2;74;90;123m██[38;2;74;90;123m██[38;2;238;82;74m██[38;2;255;238;49m██[38;2;238;82;74m██[38;2;255;238;49m██[38;2;255;238;49m██[38;2;180;74;57m██[38;2;74;90;123m██[38;2;74;90;123m██[38;2;0;0;0m██    [38;2;0;0;0m██[38;2;74;90;123m██[38;2;0;0;0m██        
  [38;2;0;0;0m██[38;2;0;0;0m██  [38;2;0;0;0m██[38;2;238;82;74m██[38;2;238;82;74m██[38;2;238;82;74m██[38;2;180;74;57m██[38;2;255;238;49m██[38;2;255;238;49m██[38;2;180;74;57m██[38;2;238;82;74m██[38;2;74;90;123m██[38;2;0;0;0m██      [38;2;0;0;0m██[38;2;74;90;123m██[38;2;57;65;98m██[38;2;0;0;0m██      
          [38;2;0;0;0m██[38;2;0;0;0m██[38;2;238;82;74m██[38;2;238;82;74m██[38;2;180;74;57m██[38;2;180;74;57m██[38;2;238;82;74m██[38;2;74;90;123m██[38;2;0;0;0m██          [38;2;0;0;0m██[38;2;74;90;123m██[38;2;0;0;0m██      
              [38;2;0;0;0m██[38;2;0;0;0m██[38;2;57;65;98m██[38;2;57;65;98m██[38;2;57;65;98m██[38;2;238;82;74m██[38;2;238;82;74m██[38;2;0;0;0m██        [38;2;0;0;0m██[38;2;57;65;98m██[38;2;0;0;0m██      
                  [38;2;0;0;0m██[38;2;74;90;123m██[38;2;74;90;123m██[38;2;57;65;98m██[38;2;238;82;74m██[38;2;238;82;74m██[38;2;0;0;0m██    [38;2;0;0;0m██[38;2;57;65;98m██[38;2;57;65;98m██[38;2;0;0;0m██      
                [38;2;0;0;0m██[38;2;57;65;98m██[38;2;57;65;98m██[38;2;74;90;123m██[38;2;74;90;123m██[38;2;57;65;98m██[38;2;57;65;98m██[38;2;0;0;0m██[38;2;0;0;0m██[38;2;0;0;0m██[38;2;57;65;98m██[38;2;57;65;98m██[38;2;0;0;0m██        
                [38;2;0;0;0m██[38;2;180;74;57m██[38;2;57;65;98m██[38;2;74;90;123m██[38;2;57;65;98m██[38;2;74;90;123m██[38;2;74;90;123m██[38;2;74;90;123m██[38;2;57;65;98m██[38;2;57;65;98m██[38;2;57;65;98m██[38;2;0;0;0m██          
              [38;2;0;0;0m██[38;2;57;65;98m██[38;2;57;65;98m██[38;2;57;65;98m██[38;2;238;82;74m██[38;2;57;65;98m██[38;2;74;90;123m██[38;2;74;90;123m██[38;2;74;90;123m██[38;2;0;0;0m██[38;2;0;0;0m██[38;2;0;0;0m██            
            [38;2;0;0;0m██[38;2;180;74;57m██[38;2;180;74;57m██[38;2;57;65;98m██[38;2;57;65;98m██[38;2;74;90;123m██[38;2;57;65;98m██[38;2;57;65;98m██[38;2;74;90;123m██[38;2;0;0;0m██                  
              [38;2;0;0;0m██[38;2;0;0;0m██[38;2;238;82;74m██[38;2;238;82;74m██[38;2;57;65;98m██[38;2;0;0;0m██[38;2;0;0;0m██[38;2;0;0;0m██                    
                  [38;2;0;0;0m██[38;2;0;0;0m██[38;2;0;0;0m██                          
