            [38;2;0;0;0m██            
          [38;2;0;0;0m██[38;2;148;123;206m██[38;2;0;0;0m██          
          [38;2;0;0;0m██[38;2;148;123;206m██[38;2;0;0;0m██          
        [38;2;0;0;0m██[38;2;148;123;206m██[38;2;173;165;206m██[38;2;148;123;206m██[38;2;0;0;0m██        
        [38;2;0;0;0m██[38;2;148;123;206m██[38;2;173;165;206m██[38;2;148;123;206m██[38;2;0;0;0m██        
        [38;2;0;0;0m██[38;2;132;156;214m██[38;2;156;189;206m██[38;2;132;156;214m██[38;2;0;0;0m██        
    [38;2;0;0;0m██[38;2;0;0;0m██[38;2;156;189;206m██[38;2;65;65;65m██[38;2;148;123;206m██[38;2;65;65;65m██[38;2;156;189;206m██[38;2;0;0;0m██[38;2;0;0;0m██    
  [38;2;0;0;0m██[38;2;255;255;255m██[38;2;173;165;206m██[38;2;173;165;206m██[38;2;156;189;206m██[38;2;156;189;206m██[38;2;156;189;206m██[38;2;173;165;206m██[38;2;173;165;206m██[38;2;255;255;255m██[38;2;0;0;0m██  
[38;2;0;0;0m██[38;2;255;255;255m██[38;2;255;255;255m██[38;2;255;255;255m██[38;2;173;165;206m██[38;2;173;165;206m██[38;2;173;165;206m██[38;2;173;165;206m██[38;2;173;165;206m██[38;2;255;255;255m██[38;2;255;255;255m██[38;2;255;255;255m██[38;2;0;0;0m██
[38;2;0;0;0m██[38;2;255;255;255m██[38;2;255;255;255m██[38;2;255;255;255m██[38;2;255;255;255m██[38;2;255;255;255m██[38;2;255;255;255m██[38;2;255;255;255m██[38;2;255;255;255m██[38;2;255;255;255m██[38;2;255;255;255m██[38;2;255;255;255m██[38;2;0;0;0m██
[38;2;0;0;0m██[38;2;255;255;255m██[38;2;255;255;255m██[38;2;255;255;255m██[38;2;255;255;255m██[38;2;255;255;255m██[38;2;173;181;197m██[38;2;255;255;255m██[38;2;255;255;255m██[38;2;255;255;255m██[38;2;255;255;255m██[38;2;255;255;255m██[38;2;0;0;0m██
[38;2;0;0;0m██[38;2;173;181;197m██[38;2;255;255;255m██[38;2;255;255;255m██[38;2;255;255;255m██[38;2;173;181;197m██[38;2;255;255;255m██[38;2;173;181;197m██[38;2;255;255;255m██[38;2;255;255;255m██[38;2;255;255;255m██[38;2;173;181;197m██[38;2;0;0;0m██
  [38;2;0;0;0m██[38;2;255;255;255m██[38;2;255;255;255m██[38;2;173;181;197m██[38;2;255;255;255m██[38;2;165;115;33m██[38;2;255;255;255m██[38;2;173;181;197m██[38;2;173;181;197m██[38;2;173;181;197m██[38;2;0;0;0m██  
  [38;2;0;0;0m██[38;2;123;123;123m██[38;2;123;123;123m██[38;2;255;255;255m██[38;2;255;255;255m██[38;2;206;165;41m██[38;2;255;255;255m██[38;2;123;123;123m██[38;2;255;255;255m██[38;2;123;123;123m██[38;2;0;0;0m██  
    [38;2;0;0;0m██[38;2;255;255;255m██[38;2;173;181;197m██[38;2;255;255;255m██[38;2;255;255;255m██[38;2;255;255;255m██[38;2;255;255;255m██[38;2;123;123;123m██[38;2;0;0;0m██    
  [38;2;0;0;0m██[38;2;255;255;255m██[38;2;255;255;255m██[38;2;255;255;255m██[38;2;255;255;255m██[38;2;255;255;255m██[38;2;255;255;255m██[38;2;255;255;255m██[38;2;255;255;255m██[38;2;255;255;255m██[38;2;0;0;0m██  
    [38;2;0;0;0m██[38;2;0;0;0m██[38;2;173;181;197m██[38;2;255;255;255m██[38;2;255;255;255m██[38;2;255;255;255m██[38;2;173;181;197m██[38;2;0;0;0m██[38;2;0;0;0m██    
        [38;2;0;0;0m██[38;2;0;0;0m██[38;2;0;0;0m██[38;2;0;0;0m██[38;2;0;0;0m██        
