              [38;2;0;0;0m██[38;2;0;0;0m██[38;2;0;0;0m██[38;2;0;0;0m██[38;2;0;0;0m██[38;2;0;0;0m██            
          [38;2;0;0;0m██[38;2;0;0;0m██[38;2;99;181;66m██[38;2;99;181;66m██[38;2;99;181;66m██[38;2;99;181;66m██[38;2;99;181;66m██[38;2;0;0;0m██            
    [38;2;0;0;0m██[38;2;0;0;0m██  [38;2;0;0;0m██[38;2;99;181;66m██[38;2;99;181;66m██[38;2;74;115;82m██[38;2;74;115;82m██[38;2;74;115;82m██[38;2;74;115;82m██[38;2;0;0;0m██            
  [38;2;0;0;0m██[38;2;148;222;99m██[38;2;99;181;66m██[38;2;0;0;0m██[38;2;0;0;0m██[38;2;74;115;82m██[38;2;74;115;82m██[38;2;99;181;66m██[38;2;148;222;99m██[38;2;148;222;99m██[38;2;0;0;0m██    [38;2;0;0;0m██[38;2;0;0;0m██[38;2;0;0;0m██[38;2;0;0;0m██[38;2;0;0;0m██
[38;2;0;0;0m██[38;2;148;222;99m██[38;2;99;181;66m██[38;2;74;115;82m██[38;2;74;115;82m██[38;2;74;115;82m██[38;2;74;115;82m██[38;2;148;222;99m██[38;2;148;222;99m██[38;2;99;181;66m██[38;2;65;65;65m██[38;2;0;0;0m██[38;2;0;0;0m██[38;2;0;0;0m██[38;2;99;181;66m██[38;2;99;181;66m██[38;2;65;65;65m██[38;2;148;222;99m██[38;2;0;0;0m██
[38;2;0;0;0m██[38;2;148;222;99m██[38;2;65;65;65m██[38;2;74;115;82m██[38;2;99;181;66m██[38;2;148;222;99m██[38;2;148;222;99m██[38;2;74;115;82m██[38;2;74;115;82m██[38;2;148;222;99m██[38;2;148;222;99m██[38;2;148;222;99m██[38;2;74;115;82m██[38;2;74;115;82m██[38;2;65;65;65m██[38;2;65;65;65m██[38;2;148;222;99m██[38;2;99;181;66m██[38;2;0;0;0m██
[38;2;0;0;0m██[38;2;99;181;66m██[38;2;148;222;99m██[38;2;65;65;65m██[38;2;65;65;65m██[38;2;74;115;82m██[38;2;74;115;82m██[38;2;74;115;82m██[38;2;74;115;82m██[38;2;99;181;66m██[38;2;99;181;66m██[38;2;65;65;65m██[38;2;65;65;65m██[38;2;65;65;65m██[38;2;148;222;99m██[38;2;148;222;99m██[38;2;99;181;66m██[38;2;99;181;66m██[38;2;0;0;0m██
[38;2;0;0;0m██[38;2;74;115;82m██[38;2;99;181;66m██[38;2;148;222;99m██[38;2;148;222;99m██[38;2;65;65;65m██[38;2;65;65;65m██[38;2;65;65;65m██[38;2;65;65;65m██[38;2;65;65;65m██[38;2;65;65;65m██[38;2;65;65;65m██[38;2;148;222;99m██[38;2;148;222;99m██[38;2;99;181;66m██[38;2;99;181;66m██[38;2;99;181;66m██[38;2;0;0;0m██  
  [38;2;0;0;0m██[38;2;74;115;82m██[38;2;99;181;66m██[38;2;99;181;66m██[38;2;148;222;99m██[38;2;148;222;99m██[38;2;148;222;99m██[38;2;148;222;99m██[38;2;148;222;99m██[38;2;148;222;99m██[38;2;148;222;99m██[38;2;99;181;66m██[38;2;99;181;66m██[38;2;99;181;66m██[38;2;74;115;82m██[38;2;0;0;0m██    
    [38;2;0;0;0m██[38;2;0;0;0m██[38;2;65;65;65m██[38;2;99;181;66m██[38;2;99;181;66m██[38;2;99;181;66m██[38;2;99;181;66m██[38;2;99;181;66m██[38;2;99;181;66m██[38;2;99;181;66m██[38;2;99;181;66m██[38;2;65;65;65m██[38;2;0;0;0m██[38;2;0;0;0m██      
      [38;2;0;0;0m██[38;2;230;74;90m██[38;2;65;65;65m██[38;2;65;65;65m██[38;2;65;65;65m██[38;2;65;65;65m██[38;2;65;65;65m██[38;2;65;65;65m██[38;2;65;65;65m██[38;2;65;65;65m██[38;2;74;115;82m██[38;2;0;0;0m██        
      [38;2;0;0;0m██[38;2;230;74;90m██[38;2;230;74;90m██[38;2;230;74;90m██[38;2;82;165;90m██[38;2;255;255;255m██[38;2;0;0;0m██[38;2;255;255;255m██[38;2;214;214;214m██[38;2;99;181;66m██[38;2;107;206;123m██[38;2;0;0;0m██        
        [38;2;0;0;0m██[38;2;132;247;148m██[38;2;132;247;148m██[38;2;230;74;90m██[38;2;132;247;148m██[38;2;255;255;255m██[38;2;255;255;255m██[38;2;99;181;66m██[38;2;99;181;66m██[38;2;0;0;0m██          
        [38;2;0;0;0m██[38;2;65;65;65m██[38;2;82;165;90m██[38;2;132;247;148m██[38;2;132;247;148m██[38;2;132;247;148m██[38;2;99;181;66m██[38;2;65;65;65m██[38;2;65;65;65m██[38;2;0;0;0m██          
    [38;2;0;0;0m██[38;2;0;0;0m██[38;2;107;206;123m██[38;2;82;165;90m██[38;2;0;0;0m██[38;2;0;0;0m██[38;2;0;0;0m██[38;2;65;65;65m██[38;2;65;65;65m██[38;2;107;206;123m██[38;2;107;206;123m██[38;2;82;165;90m██[38;2;0;0;0m██        
  [38;2;0;0;0m██[38;2;230;74;90m██[38;2;107;206;123m██[38;2;107;206;123m██[38;2;0;0;0m██    [38;2;0;0;0m██[38;2;99;181;66m██[38;2;99;181;66m██[38;2;132;247;148m██[38;2;82;165;90m██[38;2;132;247;148m██[38;2;107;206;123m██[38;2;0;0;0m██[38;2;0;0;0m██    
  [38;2;0;0;0m██[38;2;0;0;0m██[38;2;230;74;90m██[38;2;0;0;0m██    [38;2;0;0;0m██[38;2;65;65;65m██[38;2;99;181;66m██[38;2;99;181;66m██[38;2;132;247;148m██[38;2;132;247;148m██[38;2;65;65;65m██[38;2;132;247;148m██[38;2;132;247;148m██[38;2;82;165;90m██[38;2;0;0;0m██  
    [38;2;0;0;0m██[38;2;0;0;0m██    [38;2;0;0;0m██[38;2;230;74;90m██[38;2;99;181;66m██[38;2;65;65;65m██[38;2;99;181;66m██[38;2;99;181;66m██[38;2;107;206;123m██[38;2;107;206;123m██[38;2;65;65;65m██[38;2;132;247;148m██[38;2;132;247;148m██[38;2;230;74;90m██[38;2;0;0;0m██
            [38;2;0;0;0m██[38;2;0;0;0m██[38;2;230;74;90m██[38;2;0;0;0m██[38;2;0;0;0m██[38;2;74;115;82m██[38;2;99;181;66m██[38;2;74;115;82m██[38;2;65;65;65m██[38;2;65;65;65m██[38;2;230;74;90m██[38;2;0;0;0m██[38;2;0;0;0m██
              [38;2;0;0;0m██[38;2;0;0;0m██    [38;2;0;0;0m██[38;2;230;74;90m██[38;2;99;181;66m██[38;2;99;181;66m██[38;2;0;0;0m██[38;2;0;0;0m██    
                      [38;2;0;0;0m██[38;2;0;0;0m██[38;2;230;74;90m██[38;2;0;0;0m██[38;2;0;0;0m██      
                        [38;2;0;0;0m██[38;2;0;0;0m██          
