              [38;2;0;0;0m██                                                  
            [38;2;0;0;0m██[38;2;255;246;156m██[38;2;0;0;0m██      [38;2;0;0;0m██[38;2;0;0;0m██    [38;2;0;0;0m██[38;2;0;0;0m██                              
            [38;2;0;0;0m██[38;2;255;246;156m██[38;2;255;246;156m██[38;2;0;0;0m██  [38;2;0;0;0m██[38;2;180;115;82m██[38;2;180;115;82m██[38;2;0;0;0m██[38;2;0;0;0m██[38;2;255;246;156m██[38;2;255;246;156m██[38;2;0;0;0m██                            
            [38;2;0;0;0m██[38;2;255;246;156m██[38;2;255;246;156m██[38;2;197;180;115m██[38;2;0;0;0m██[38;2;180;115;82m██[38;2;180;115;82m██[38;2;180;115;82m██[38;2;65;65;65m██[38;2;255;246;156m██[38;2;255;246;156m██[38;2;197;180;115m██[38;2;65;65;65m██[38;2;0;0;0m██                          
              [38;2;0;0;0m██[38;2;255;246;156m██[38;2;255;246;156m██[38;2;65;65;65m██[38;2;180;115;82m██[38;2;180;115;82m██[38;2;65;65;65m██[38;2;255;246;156m██[38;2;255;246;156m██[38;2;255;246;156m██[38;2;65;65;65m██[38;2;180;115;82m██[38;2;180;115;82m██[38;2;0;0;0m██                        
              [38;2;0;0;0m██[38;2;197;180;115m██[38;2;255;246;156m██[38;2;65;65;65m██[38;2;180;115;82m██[38;2;65;65;65m██[38;2;255;246;156m██[38;2;255;246;156m██[38;2;255;246;156m██[38;2;65;65;65m██[38;2;180;115;82m██[38;2;180;115;82m██[38;2;180;115;82m██[38;2;0;0;0m██                        
                [38;2;0;0;0m██[38;2;255;246;156m██[38;2;255;246;156m██[38;2;65;65;65m██[38;2;255;246;156m██[38;2;255;246;156m██[38;2;197;180;115m██[38;2;65;65;65m██[38;2;246;123;139m██[38;2;65;65;65m██[38;2;180;115;82m██[38;2;180;115;82m██[38;2;180;115;82m██[38;2;0;0;0m██[38;2;0;0;0m██[38;2;0;0;0m██                  
            [38;2;0;0;0m██[38;2;0;0;0m██[38;2;131;98;74m██[38;2;65;65;65m██[38;2;255;246;156m██[38;2;255;246;156m██[38;2;197;180;115m██[38;2;65;65;65m██[38;2;65;65;65m██[38;2;180;115;82m██[38;2;131;98;74m██[38;2;65;65;65m██[38;2;180;115;82m██[38;2;180;115;82m██[38;2;180;115;82m██[38;2;65;65;65m██[38;2;255;246;156m██[38;2;255;246;156m██[38;2;0;0;0m██                
          [38;2;0;0;0m██[38;2;197;180;115m██[38;2;131;98;74m██[38;2;65;65;65m██[38;2;255;246;156m██[38;2;197;180;115m██[38;2;65;65;65m██[38;2;255;246;156m██[38;2;255;246;156m██[38;2;65;65;65m██[38;2;180;115;82m██[38;2;180;115;82m██[38;2;180;115;82m██[38;2;65;65;65m██[38;2;131;98;74m██[38;2;131;98;74m██[38;2;255;246;156m██[38;2;255;246;156m██[38;2;197;180;115m██[38;2;0;0;0m██                
        [38;2;0;0;0m██[38;2;65;65;65m██[38;2;197;180;115m██[38;2;197;180;115m██[38;2;131;98;74m██[38;2;65;65;65m██[38;2;65;65;65m██[38;2;180;115;82m██[38;2;65;65;65m██[38;2;255;246;156m██[38;2;255;246;156m██[38;2;65;65;65m██[38;2;180;115;82m██[38;2;180;115;82m██[38;2;65;65;65m██[38;2;255;246;156m██[38;2;255;246;156m██[38;2;255;246;156m██[38;2;255;246;156m██[38;2;0;0;0m██                  
      [38;2;0;0;0m██[38;2;197;180;115m██[38;2;65;65;65m██[38;2;65;65;65m██[38;2;197;180;115m██[38;2;65;65;65m██[38;2;180;115;82m██[38;2;180;115;82m██[38;2;180;115;82m██[38;2;180;115;82m██[38;2;65;65;65m██[38;2;65;65;65m██[38;2;180;115;82m██[38;2;180;115;82m██[38;2;65;65;65m██[38;2;255;246;156m██[38;2;197;180;115m██[38;2;255;246;156m██[38;2;197;180;115m██[38;2;65;65;65m██[38;2;180;115;82m██[38;2;0;0;0m██  [38;2;0;0;0m██[38;2;0;0;0m██          
  [38;2;0;0;0m██[38;2;0;0;0m██[38;2;65;65;65m██[38;2;197;180;115m██[38;2;65;65;65m██[38;2;131;98;74m██[38;2;65;65;65m██[38;2;65;65;65m██[38;2;180;115;82m██[38;2;180;115;82m██[38;2;180;115;82m██[38;2;180;115;82m██[38;2;180;115;82m██[38;2;255;255;255m██[38;2;246;123;139m██[38;2;180;115;82m██[38;2;131;98;74m██[38;2;65;65;65m██[38;2;0;0;0m██[38;2;0;0;0m██[38;2;65;65;65m██[38;2;180;115;82m██[38;2;180;115;82m██[38;2;180;115;82m██[38;2;0;0;0m██[38;2;255;246;156m██[38;2;197;180;115m██[38;2;0;0;0m██        
[38;2;0;0;0m██[38;2;131;98;74m██[38;2;131;98;74m██[38;2;65;65;65m██[38;2;197;180;115m██[38;2;197;180;115m██[38;2;65;65;65m██[38;2;131;98;74m██[38;2;0;0;0m██[38;2;180;115;82m██[38;2;180;115;82m██[38;2;180;115;82m██[38;2;180;115;82m██[38;2;65;65;65m██[38;2;0;0;0m██[38;2;246;123;139m██[38;2;131;98;74m██[38;2;131;98;74m██[38;2;0;0;0m██    [38;2;0;0;0m██[38;2;180;115;82m██[38;2;180;115;82m██[38;2;180;115;82m██[38;2;65;65;65m██[38;2;197;180;115m██[38;2;255;246;156m██[38;2;0;0;0m██        
  [38;2;0;0;0m██[38;2;131;98;74m██[38;2;131;98;74m██[38;2;0;0;0m██[38;2;197;180;115m██[38;2;197;180;115m██[38;2;0;0;0m██  [38;2;0;0;0m██[38;2;246;123;139m██[38;2;180;115;82m██[38;2;180;115;82m██[38;2;65;65;65m██[38;2;246;123;139m██[38;2;246;123;139m██[38;2;131;98;74m██[38;2;65;65;65m██[38;2;0;0;0m██      [38;2;0;0;0m██[38;2;180;115;82m██[38;2;131;98;74m██[38;2;255;246;156m██[38;2;255;246;156m██[38;2;197;180;115m██[38;2;0;0;0m██        
    [38;2;0;0;0m██[38;2;0;0;0m██  [38;2;0;0;0m██[38;2;0;0;0m██  [38;2;0;0;0m██[38;2;197;180;115m██[38;2;65;65;65m██[38;2;65;65;65m██[38;2;131;98;74m██[38;2;131;98;74m██[38;2;131;98;74m██[38;2;65;65;65m██[38;2;65;65;65m██[38;2;197;180;115m██[38;2;197;180;115m██[38;2;0;0;0m██  [38;2;0;0;0m██[38;2;197;180;115m██[38;2;131;98;74m██[38;2;255;246;156m██[38;2;255;246;156m██[38;2;255;246;156m██[38;2;65;65;65m██[38;2;131;98;74m██[38;2;0;0;0m██[38;2;0;0;0m██    
                [38;2;0;0;0m██[38;2;131;98;74m██[38;2;197;180;115m██[38;2;197;180;115m██[38;2;0;0;0m██[38;2;65;65;65m██[38;2;65;65;65m██[38;2;65;65;65m██[38;2;197;180;115m██[38;2;255;246;156m██[38;2;197;180;115m██[38;2;197;180;115m██[38;2;0;0;0m██  [38;2;0;0;0m██[38;2;255;246;156m██[38;2;197;180;115m██[38;2;65;65;65m██[38;2;65;65;65m██[38;2;180;115;82m██[38;2;180;115;82m██[38;2;180;115;82m██[38;2;131;98;74m██[38;2;0;0;0m██  
                  [38;2;0;0;0m██[38;2;0;0;0m██[38;2;0;0;0m██  [38;2;0;0;0m██[38;2;180;115;82m██[38;2;65;65;65m██[38;2;255;246;156m██[38;2;255;246;156m██[38;2;255;246;156m██[38;2;197;180;115m██[38;2;0;0;0m██    [38;2;0;0;0m██[38;2;0;0;0m██[38;2;0;0;0m██[38;2;180;115;82m██[38;2;180;115;82m██[38;2;180;115;82m██[38;2;131;98;74m██[38;2;131;98;74m██[38;2;131;98;74m██[38;2;0;0;0m██
                        [38;2;0;0;0m██[38;2;98;90;82m██[38;2;98;90;82m██[38;2;98;90;82m██[38;2;65;65;65m██[38;2;255;246;156m██[38;2;255;246;156m██[38;2;0;0;0m██            [38;2;0;0;0m██[38;2;131;98;74m██[38;2;131;98;74m██[38;2;131;98;74m██[38;2;0;0;0m██[38;2;0;0;0m██  
                      [38;2;0;0;0m██[38;2;98;90;82m██[38;2;98;90;82m██[38;2;65;65;65m██[38;2;65;65;65m██[38;2;98;90;82m██[38;2;0;0;0m██[38;2;0;0;0m██                [38;2;0;0;0m██[38;2;0;0;0m██[38;2;0;0;0m██      
                      [38;2;0;0;0m██[38;2;98;90;82m██[38;2;65;65;65m██[38;2;255;246;156m██[38;2;255;246;156m██[38;2;0;0;0m██                                
                        [38;2;0;0;0m██[38;2;255;246;156m██[38;2;255;246;156m██[38;2;197;180;115m██[38;2;197;180;115m██[38;2;0;0;0m██                              
                          [38;2;0;0;0m██[38;2;65;65;65m██[38;2;197;180;115m██[38;2;255;246;156m██[38;2;0;0;0m██                              
                          [38;2;0;0;0m██[38;2;197;180;115m██[38;2;65;65;65m██[38;2;0;0;0m██                                
                            [38;2;0;0;0m██[38;2;0;0;0m██                                  
