        [38;2;0;0;0m██                            
      [38;2;0;0;0m██[38;2;58;107;140m██[38;2;0;0;0m██    [38;2;0;0;0m██                    
      [38;2;0;0;0m██[38;2;58;107;140m██[38;2;65;65;65m██[38;2;0;0;0m██[38;2;0;0;0m██[38;2;82;140;181m██[38;2;0;0;0m██                  
      [38;2;0;0;0m██[38;2;58;107;140m██[38;2;58;107;140m██[38;2;65;65;65m██[38;2;82;140;181m██[38;2;82;140;181m██[38;2;0;0;0m██                  
      [38;2;0;0;0m██[38;2;65;65;65m██[38;2;58;107;140m██[38;2;65;65;65m██[38;2;82;140;181m██[38;2;107;107;115m██[38;2;0;0;0m██    [38;2;0;0;0m██[38;2;0;0;0m██          
      [38;2;0;0;0m██[38;2;65;65;65m██[38;2;58;107;140m██[38;2;65;65;65m██[38;2;65;65;65m██[38;2;82;140;181m██[38;2;0;0;0m██  [38;2;0;0;0m██[38;2;107;107;115m██[38;2;107;107;115m██[38;2;0;0;0m██        
      [38;2;0;0;0m██[38;2;82;140;181m██[38;2;65;65;65m██[38;2;82;140;181m██[38;2;65;65;65m██[38;2;82;140;181m██[38;2;82;140;181m██[38;2;0;0;0m██[38;2;0;0;0m██[38;2;107;107;115m██[38;2;107;107;115m██[38;2;0;0;0m██        
    [38;2;0;0;0m██[38;2;82;140;181m██[38;2;107;107;115m██[38;2;107;107;115m██[38;2;82;140;181m██[38;2;82;140;181m██[38;2;82;140;181m██[38;2;107;107;115m██[38;2;65;65;65m██[38;2;107;107;115m██[38;2;107;107;115m██[38;2;0;0;0m██  [38;2;0;0;0m██[38;2;0;0;0m██[38;2;0;0;0m██  
    [38;2;0;0;0m██[38;2;107;107;115m██[38;2;107;107;115m██[38;2;82;140;181m██[38;2;82;140;181m██[38;2;107;107;115m██[38;2;107;107;115m██[38;2;107;107;115m██[38;2;65;65;65m██[38;2;65;65;65m██[38;2;65;65;65m██[38;2;0;0;0m██[38;2;0;0;0m██[38;2;140;66;58m██[38;2;181;82;74m██[38;2;181;82;74m██[38;2;0;0;0m██
  [38;2;0;0;0m██[38;2;65;65;65m██[38;2;107;107;115m██[38;2;65;65;65m██[38;2;107;107;115m██[38;2;107;107;115m██[38;2;65;65;65m██[38;2;107;107;115m██[38;2;82;140;181m██[38;2;65;65;65m██[38;2;107;107;115m██[38;2;107;107;115m██[38;2;107;107;115m██[38;2;107;107;115m██[38;2;181;82;74m██[38;2;181;82;74m██[38;2;140;66;58m██[38;2;0;0;0m██
[38;2;0;0;0m██[38;2;107;107;115m██[38;2;107;107;115m██[38;2;107;107;115m██[38;2;65;65;65m██[38;2;107;107;115m██[38;2;0;0;0m██[38;2;255;255;255m██[38;2;107;107;115m██[38;2;107;107;115m██[38;2;65;65;65m██[38;2;0;0;0m██[38;2;0;0;0m██[38;2;107;107;115m██[38;2;107;107;115m██[38;2;0;0;0m██[38;2;0;0;0m██[38;2;0;0;0m██  
[38;2;0;0;0m██[38;2;65;65;65m██[38;2;107;107;115m██[38;2;82;140;181m██[38;2;82;140;181m██[38;2;65;65;65m██[38;2;247;99;82m██[38;2;107;107;115m██[38;2;82;140;181m██[38;2;65;65;65m██[38;2;230;197;115m██[38;2;0;0;0m██  [38;2;0;0;0m██[38;2;0;0;0m██        
  [38;2;0;0;0m██[38;2;0;0;0m██[38;2;58;107;140m██[38;2;82;140;181m██[38;2;82;140;181m██[38;2;82;140;181m██[38;2;58;107;140m██[38;2;230;197;115m██[38;2;230;197;115m██[38;2;0;0;0m██                
      [38;2;0;0;0m██[38;2;65;65;65m██[38;2;65;65;65m██[38;2;197;156;82m██[38;2;230;197;115m██[38;2;197;156;82m██[38;2;65;65;65m██[38;2;107;107;115m██[38;2;0;0;0m██[38;2;0;0;0m██    [38;2;0;0;0m██[38;2;0;0;0m██    
    [38;2;0;0;0m██[38;2;107;107;115m██[38;2;65;65;65m██[38;2;255;255;255m██[38;2;197;197;189m██[38;2;197;156;82m██[38;2;65;65;65m██[38;2;197;197;189m██[38;2;65;65;65m██[38;2;65;65;65m██[38;2;230;197;115m██[38;2;0;0;0m██[38;2;0;0;0m██[38;2;230;197;115m██[38;2;197;156;82m██[38;2;0;0;0m██  
  [38;2;0;0;0m██[38;2;140;66;58m██[38;2;140;66;58m██[38;2;65;65;65m██[38;2;197;156;82m██[38;2;197;156;82m██[38;2;230;197;115m██[38;2;65;65;65m██[38;2;65;65;65m██[38;2;82;140;181m██[38;2;107;107;115m██[38;2;65;65;65m██[38;2;230;197;115m██[38;2;230;197;115m██[38;2;197;156;82m██[38;2;230;197;115m██[38;2;230;197;115m██[38;2;0;0;0m██
[38;2;0;0;0m██[38;2;197;197;189m██[38;2;140;66;58m██[38;2;65;65;65m██[38;2;230;197;115m██[38;2;65;65;65m██[38;2;197;156;82m██[38;2;230;197;115m██[38;2;230;197;115m██[38;2;65;65;65m██[38;2;82;140;181m██[38;2;181;82;74m██[38;2;65;65;65m██[38;2;230;197;115m██[38;2;230;197;115m██[38;2;230;197;115m██[38;2;230;197;115m██[38;2;0;0;0m██  
[38;2;0;0;0m██[38;2;0;0;0m██[38;2;0;0;0m██[38;2;0;0;0m██[38;2;58;107;140m██[38;2;58;107;140m██[38;2;65;65;65m██[38;2;197;156;82m██[38;2;65;65;65m██[38;2;65;65;65m██[38;2;181;82;74m██[38;2;181;82;74m██[38;2;181;82;74m██[38;2;65;65;65m██[38;2;197;156;82m██[38;2;0;0;0m██[38;2;0;0;0m██    
      [38;2;0;0;0m██[38;2;58;107;140m██[38;2;65;65;65m██[38;2;65;65;65m██[38;2;82;140;181m██[38;2;107;107;115m██[38;2;65;65;65m██[38;2;181;82;74m██[38;2;197;197;189m██[38;2;181;82;74m██[38;2;0;0;0m██[38;2;0;0;0m██        
        [38;2;0;0;0m██[38;2;197;197;189m██[38;2;65;65;65m██[38;2;65;65;65m██[38;2;82;140;181m██[38;2;82;140;181m██[38;2;65;65;65m██[38;2;255;255;255m██[38;2;0;0;0m██            
      [38;2;0;0;0m██[38;2;140;66;58m██[38;2;140;66;58m██[38;2;0;0;0m██[38;2;0;0;0m██[38;2;65;65;65m██[38;2;107;107;115m██[38;2;65;65;65m██[38;2;0;0;0m██              
        [38;2;0;0;0m██[38;2;0;0;0m██    [38;2;0;0;0m██[38;2;255;255;255m██[38;2;181;82;74m██[38;2;0;0;0m██              
              [38;2;0;0;0m██[38;2;181;82;74m██[38;2;181;82;74m██[38;2;181;82;74m██[38;2;0;0;0m██              
                [38;2;0;0;0m██[38;2;0;0;0m██[38;2;0;0;0m██                
