          [38;2;0;0;0m██                                                
    [38;2;0;0;0m██[38;2;0;0;0m██[38;2;0;0;0m██[38;2;107;107;99m██[38;2;0;0;0m██                                              
  [38;2;0;0;0m██[38;2;65;65;65m██[38;2;107;156;230m██[38;2;65;65;65m██[38;2;107;107;99m██[38;2;107;107;99m██[38;2;0;0;0m██          [38;2;0;0;0m██[38;2;0;0;0m██                              
  [38;2;0;0;0m██[38;2;107;156;230m██[38;2;107;156;230m██[38;2;65;65;65m██[38;2;107;107;99m██[38;2;107;107;99m██[38;2;107;107;99m██[38;2;0;0;0m██[38;2;0;0;0m██    [38;2;0;0;0m██[38;2;123;197;255m██[38;2;107;156;230m██[38;2;0;0;0m██            [38;2;0;0;0m██[38;2;0;0;0m██[38;2;0;0;0m██[38;2;0;0;0m██        
  [38;2;0;0;0m██[38;2;107;156;230m██[38;2;107;156;230m██[38;2;65;65;65m██[38;2;65;65;65m██[38;2;107;107;99m██[38;2;107;107;99m██[38;2;107;107;99m██[38;2;107;107;99m██[38;2;0;0;0m██[38;2;0;0;0m██[38;2;123;197;255m██[38;2;123;197;255m██[38;2;123;197;255m██[38;2;0;0;0m██        [38;2;0;0;0m██[38;2;0;0;0m██[38;2;107;107;99m██[38;2;107;107;99m██[38;2;107;107;99m██[38;2;65;65;65m██[38;2;0;0;0m██      
  [38;2;0;0;0m██[38;2;107;156;230m██[38;2;65;65;65m██[38;2;107;107;99m██[38;2;65;65;65m██[38;2;65;65;65m██[38;2;107;107;99m██[38;2;107;107;99m██[38;2;107;107;99m██[38;2;107;107;99m██[38;2;65;65;65m██[38;2;123;197;255m██[38;2;189;165;66m██[38;2;123;197;255m██[38;2;0;0;0m██      [38;2;0;0;0m██[38;2;65;65;65m██[38;2;65;65;65m██[38;2;65;65;65m██[38;2;0;0;0m██[38;2;0;0;0m██[38;2;107;107;99m██[38;2;65;65;65m██[38;2;0;0;0m██    
    [38;2;0;0;0m██[38;2;107;107;99m██[38;2;107;107;99m██[38;2;107;107;99m██[38;2;107;107;99m██[38;2;107;107;99m██[38;2;65;65;65m██[38;2;107;107;99m██[38;2;65;65;65m██[38;2;123;197;255m██[38;2;189;165;66m██[38;2;247;206;41m██[38;2;107;156;230m██[38;2;0;0;0m██    [38;2;0;0;0m██[38;2;65;65;65m██[38;2;65;65;65m██[38;2;0;0;0m██[38;2;0;0;0m██    [38;2;0;0;0m██[38;2;107;107;99m██[38;2;0;0;0m██    
    [38;2;0;0;0m██[38;2;107;107;99m██[38;2;107;107;99m██[38;2;107;107;99m██[38;2;107;107;99m██[38;2;65;65;65m██[38;2;123;197;255m██[38;2;65;65;65m██[38;2;65;65;65m██[38;2;123;197;255m██[38;2;247;206;41m██[38;2;123;197;255m██[38;2;0;0;0m██      [38;2;0;0;0m██[38;2;65;65;65m██[38;2;0;0;0m██      [38;2;0;0;0m██[38;2;0;0;0m██[38;2;107;107;99m██[38;2;0;0;0m██    
  [38;2;0;0;0m██[38;2;107;156;230m██[38;2;107;107;99m██[38;2;107;107;99m██[38;2;107;107;99m██[38;2;65;65;65m██[38;2;123;197;255m██[38;2;123;197;255m██[38;2;123;197;255m██[38;2;65;65;65m██[38;2;107;156;230m██[38;2;123;197;255m██[38;2;65;65;65m██[38;2;0;0;0m██  [38;2;0;0;0m██[38;2;0;0;0m██[38;2;107;107;99m██[38;2;0;0;0m██        [38;2;0;0;0m██[38;2;247;206;41m██[38;2;0;0;0m██[38;2;0;0;0m██[38;2;0;0;0m██[38;2;0;0;0m██
  [38;2;0;0;0m██[38;2;107;156;230m██[38;2;107;107;99m██[38;2;107;107;99m██[38;2;107;107;99m██[38;2;65;65;65m██[38;2;247;206;41m██[38;2;189;165;66m██[38;2;255;255;255m██[38;2;123;197;255m██[38;2;65;65;65m██[38;2;65;65;65m██[38;2;0;0;0m██  [38;2;0;0;0m██[38;2;107;107;99m██[38;2;65;65;65m██[38;2;65;65;65m██[38;2;0;0;0m██[38;2;0;0;0m██      [38;2;0;0;0m██[38;2;247;206;41m██[38;2;189;165;66m██[38;2;247;206;41m██[38;2;247;206;41m██[38;2;0;0;0m██
  [38;2;0;0;0m██[38;2;107;156;230m██[38;2;107;107;99m██[38;2;107;107;99m██[38;2;65;65;65m██[38;2;123;197;255m██[38;2;65;65;65m██[38;2;247;206;41m██[38;2;255;255;255m██[38;2;123;197;255m██[38;2;123;197;255m██[38;2;107;107;99m██[38;2;107;107;99m██[38;2;0;0;0m██[38;2;0;0;0m██[38;2;65;65;65m██[38;2;65;65;65m██[38;2;107;107;99m██[38;2;107;107;99m██[38;2;0;0;0m██    [38;2;0;0;0m██[38;2;247;206;41m██[38;2;247;206;41m██[38;2;247;206;41m██[38;2;247;206;41m██[38;2;0;0;0m██  
[38;2;0;0;0m██[38;2;65;65;65m██[38;2;65;65;65m██[38;2;239;99;58m██[38;2;239;99;58m██[38;2;123;197;255m██[38;2;123;197;255m██[38;2;255;255;255m██[38;2;255;255;255m██[38;2;123;197;255m██[38;2;123;197;255m██[38;2;65;65;65m██[38;2;107;107;99m██[38;2;107;107;99m██[38;2;107;107;99m██[38;2;65;65;65m██[38;2;107;107;99m██[38;2;65;65;65m██[38;2;107;107;99m██[38;2;0;0;0m██    [38;2;0;0;0m██[38;2;247;206;41m██[38;2;247;206;41m██[38;2;189;165;66m██[38;2;247;206;41m██[38;2;0;0;0m██    
  [38;2;0;0;0m██[38;2;0;0;0m██[38;2;0;0;0m██[38;2;107;156;230m██[38;2;123;197;255m██[38;2;123;197;255m██[38;2;123;197;255m██[38;2;123;197;255m██[38;2;65;65;65m██[38;2;65;65;65m██[38;2;107;107;99m██[38;2;107;107;99m██[38;2;107;107;99m██[38;2;65;65;65m██[38;2;107;107;99m██[38;2;107;107;99m██[38;2;107;107;99m██[38;2;65;65;65m██[38;2;107;107;99m██[38;2;0;0;0m██  [38;2;0;0;0m██[38;2;0;0;0m██[38;2;0;0;0m██[38;2;65;65;65m██[38;2;247;206;41m██[38;2;0;0;0m██    
        [38;2;0;0;0m██[38;2;0;0;0m██[38;2;65;65;65m██[38;2;65;65;65m██[38;2;65;65;65m██[38;2;107;107;99m██[38;2;65;65;65m██[38;2;65;65;65m██[38;2;65;65;65m██[38;2;65;65;65m██[38;2;123;197;255m██[38;2;107;107;99m██[38;2;107;107;99m██[38;2;107;107;99m██[38;2;0;0;0m██[38;2;0;0;0m██          [38;2;0;0;0m██[38;2;0;0;0m██[38;2;0;0;0m██    
          [38;2;0;0;0m██[38;2;189;165;66m██[38;2;65;65;65m██[38;2;107;107;99m██[38;2;107;107;99m██[38;2;65;65;65m██[38;2;65;65;65m██[38;2;123;197;255m██[38;2;123;197;255m██[38;2;123;197;255m██[38;2;107;156;230m██[38;2;107;107;99m██[38;2;107;107;99m██[38;2;0;0;0m██                      
          [38;2;0;0;0m██[38;2;65;65;65m██[38;2;65;65;65m██[38;2;107;107;99m██[38;2;65;65;65m██[38;2;107;107;99m██[38;2;65;65;65m██[38;2;123;197;255m██[38;2;123;197;255m██[38;2;123;197;255m██[38;2;123;197;255m██[38;2;107;107;99m██[38;2;65;65;65m██[38;2;65;65;65m██[38;2;0;0;0m██                    
        [38;2;0;0;0m██[38;2;74;115;181m██[38;2;189;165;66m██[38;2;189;165;66m██[38;2;0;0;0m██[38;2;0;0;0m██[38;2;107;107;99m██[38;2;247;206;41m██[38;2;247;206;41m██[38;2;123;197;255m██[38;2;0;0;0m██[38;2;0;0;0m██[38;2;65;65;65m██[38;2;65;65;65m██[38;2;65;65;65m██[38;2;0;0;0m██                    
        [38;2;0;0;0m██[38;2;107;156;230m██[38;2;107;156;230m██[38;2;107;156;230m██[38;2;0;0;0m██  [38;2;0;0;0m██[38;2;189;165;66m██[38;2;189;165;66m██[38;2;0;0;0m██    [38;2;0;0;0m██[38;2;107;156;230m██[38;2;107;156;230m██[38;2;0;0;0m██                    
          [38;2;0;0;0m██[38;2;0;0;0m██[38;2;0;0;0m██  [38;2;0;0;0m██[38;2;107;156;230m██[38;2;247;206;41m██[38;2;247;206;41m██[38;2;0;0;0m██      [38;2;0;0;0m██[38;2;0;0;0m██                      
                  [38;2;0;0;0m██[38;2;123;197;255m██[38;2;107;156;230m██[38;2;123;197;255m██[38;2;0;0;0m██                                
                    [38;2;0;0;0m██[38;2;0;0;0m██[38;2;0;0;0m██                                  
