          [38;2;0;0;0m██[38;2;0;0;0m██[38;2;0;0;0m██[38;2;0;0;0m██[38;2;0;0;0m██            
        [38;2;0;0;0m██[38;2;247;230;148m██[38;2;65;65;65m██[38;2;247;230;148m██[38;2;65;65;65m██[38;2;247;230;148m██[38;2;0;0;0m██          
      [38;2;0;0;0m██[38;2;247;230;148m██[38;2;65;65;65m██[38;2;247;230;148m██[38;2;65;65;65m██[38;2;247;230;148m██[38;2;189;165;82m██[38;2;189;165;82m██[38;2;0;0;0m██        
    [38;2;0;0;0m██[38;2;247;230;148m██[38;2;65;65;65m██[38;2;247;230;148m██[38;2;65;65;65m██[38;2;247;230;148m██[38;2;189;165;82m██[38;2;65;65;65m██[38;2;65;65;65m██[38;2;0;0;0m██        
    [38;2;0;0;0m██[38;2;189;165;82m██[38;2;65;65;65m██[38;2;247;230;148m██[38;2;65;65;65m██[38;2;189;165;82m██[38;2;65;65;65m██[38;2;173;206;197m██[38;2;173;206;197m██[38;2;65;65;65m██[38;2;0;0;0m██      
      [38;2;0;0;0m██[38;2;65;65;65m██[38;2;189;165;82m██[38;2;65;65;65m██[38;2;65;65;65m██[38;2;173;206;197m██[38;2;173;206;197m██[38;2;173;206;197m██[38;2;173;206;197m██[38;2;0;0;0m██      
  [38;2;0;0;0m██[38;2;0;0;0m██[38;2;65;65;65m██[38;2;173;206;197m██[38;2;65;65;65m██[38;2;173;206;197m██[38;2;173;206;197m██[38;2;255;255;255m██[38;2;140;165;165m██[38;2;173;206;197m██[38;2;173;206;197m██[38;2;0;0;0m██      
[38;2;0;0;0m██[38;2;65;65;65m██[38;2;140;165;165m██[38;2;65;65;65m██[38;2;173;206;197m██[38;2;173;206;197m██[38;2;173;206;197m██[38;2;173;58;58m██[38;2;214;99;66m██[38;2;255;255;255m██[38;2;140;165;165m██[38;2;173;206;197m██[38;2;65;65;65m██[38;2;0;0;0m██    
[38;2;0;0;0m██[38;2;140;165;165m██[38;2;65;65;65m██[38;2;173;206;197m██[38;2;173;206;197m██[38;2;173;206;197m██[38;2;173;206;197m██[38;2;0;0;0m██[38;2;173;58;58m██[38;2;255;255;255m██[38;2;140;165;165m██[38;2;65;65;65m██[38;2;140;165;165m██[38;2;173;206;197m██[38;2;0;0;0m██  
[38;2;0;0;0m██[38;2;140;165;165m██[38;2;65;65;65m██[38;2;173;206;197m██[38;2;115;123;123m██[38;2;173;206;197m██[38;2;173;206;197m██[38;2;140;165;165m██[38;2;140;165;165m██[38;2;140;165;165m██[38;2;140;165;165m██[38;2;65;65;65m██[38;2;173;206;197m██[38;2;173;206;197m██[38;2;173;206;197m██[38;2;0;0;0m██
[38;2;0;0;0m██[38;2;65;65;65m██[38;2;140;165;165m██[38;2;65;65;65m██[38;2;140;165;165m██[38;2;140;165;165m██[38;2;140;165;165m██[38;2;140;165;165m██[38;2;140;165;165m██[38;2;140;165;165m██[38;2;65;65;65m██[38;2;140;165;165m██[38;2;173;206;197m██[38;2;173;206;197m██[38;2;173;206;197m██[38;2;0;0;0m██
  [38;2;0;0;0m██[38;2;0;0;0m██[38;2;140;165;165m██[38;2;65;65;65m██[38;2;65;65;65m██[38;2;140;165;165m██[38;2;140;165;165m██[38;2;115;123;123m██[38;2;115;123;123m██[38;2;140;165;165m██[38;2;140;165;165m██[38;2;115;123;123m██[38;2;173;206;197m██[38;2;140;165;165m██[38;2;0;0;0m██
      [38;2;0;0;0m██[38;2;0;0;0m██[38;2;173;206;197m██[38;2;173;206;197m██[38;2;173;206;197m██[38;2;173;206;197m██[38;2;140;165;165m██[38;2;140;165;165m██[38;2;140;165;165m██[38;2;140;165;165m██[38;2;140;165;165m██[38;2;0;0;0m██  
          [38;2;0;0;0m██[38;2;173;206;197m██[38;2;173;206;197m██[38;2;115;123;123m██[38;2;65;65;65m██[38;2;140;165;165m██[38;2;0;0;0m██[38;2;0;0;0m██[38;2;0;0;0m██    
        [38;2;0;0;0m██[38;2;173;206;197m██[38;2;173;206;197m██[38;2;173;206;197m██[38;2;173;206;197m██[38;2;140;165;165m██[38;2;0;0;0m██          
      [38;2;0;0;0m██[38;2;65;65;65m██[38;2;140;165;165m██[38;2;173;206;197m██[38;2;173;206;197m██[38;2;115;123;123m██[38;2;65;65;65m██[38;2;0;0;0m██          
    [38;2;0;0;0m██[38;2;140;165;165m██[38;2;140;165;165m██[38;2;0;0;0m██[38;2;140;165;165m██[38;2;140;165;165m██[38;2;140;165;165m██[38;2;140;165;165m██[38;2;140;165;165m██[38;2;0;0;0m██        
      [38;2;0;0;0m██[38;2;0;0;0m██  [38;2;0;0;0m██[38;2;0;0;0m██[38;2;140;165;165m██[38;2;140;165;165m██[38;2;140;165;165m██[38;2;0;0;0m██        
                [38;2;0;0;0m██[38;2;173;206;197m██[38;2;173;206;197m██[38;2;173;206;197m██[38;2;0;0;0m██      
                  [38;2;0;0;0m██[38;2;0;0;0m██[38;2;0;0;0m██        
