                    [38;2;0;0;0m██[38;2;0;0;0m██[38;2;0;0;0m██[38;2;0;0;0m██                        
                [38;2;0;0;0m██[38;2;0;0;0m██[38;2;82;82;90m██[38;2;206;181;107m██[38;2;206;181;107m██[38;2;82;82;90m██[38;2;0;0;0m██                      
              [38;2;0;0;0m██[38;2;247;230;148m██[38;2;82;82;90m██[38;2;247;230;148m██[38;2;82;82;90m██[38;2;247;230;148m██[38;2;247;230;148m██[38;2;206;181;107m██[38;2;0;0;0m██                    
            [38;2;0;0;0m██[38;2;247;230;148m██[38;2;82;82;90m██[38;2;247;230;148m██[38;2;82;82;90m██[38;2;247;230;148m██[38;2;206;181;107m██[38;2;82;82;90m██[38;2;0;0;0m██[38;2;0;0;0m██                    
            [38;2;0;0;0m██[38;2;206;181;107m██[38;2;82;82;90m██[38;2;247;230;148m██[38;2;82;82;90m██[38;2;206;181;107m██[38;2;82;82;90m██[38;2;189;181;206m██[38;2;189;181;206m██[38;2;0;0;0m██                    
              [38;2;0;0;0m██[38;2;82;82;90m██[38;2;206;181;107m██[38;2;82;82;90m██[38;2;82;82;90m██[38;2;189;181;206m██[38;2;189;181;206m██[38;2;189;181;206m██[38;2;140;132;156m██[38;2;0;0;0m██[38;2;0;0;0m██[38;2;0;0;0m██              
              [38;2;0;0;0m██[38;2;189;181;206m██[38;2;82;82;90m██[38;2;189;181;206m██[38;2;189;181;206m██[38;2;189;181;206m██[38;2;82;82;90m██[38;2;82;82;90m██[38;2;140;132;156m██[38;2;82;82;90m██[38;2;140;132;156m██[38;2;107;107;123m██[38;2;0;0;0m██[38;2;0;0;0m██          
          [38;2;0;0;0m██[38;2;0;0;0m██[38;2;189;181;206m██[38;2;189;181;206m██[38;2;189;181;206m██[38;2;189;181;206m██[38;2;189;181;206m██[38;2;0;0;0m██[38;2;189;189;181m██[38;2;140;132;156m██[38;2;140;132;156m██[38;2;82;82;90m██[38;2;140;132;156m██[38;2;107;107;123m██[38;2;140;132;156m██[38;2;140;132;156m██[38;2;0;0;0m██[38;2;0;0;0m██      
    [38;2;0;0;0m██[38;2;0;0;0m██[38;2;0;0;0m██[38;2;140;132;156m██[38;2;82;82;90m██[38;2;189;181;206m██[38;2;189;181;206m██[38;2;189;181;206m██[38;2;189;181;206m██[38;2;0;0;0m██[38;2;247;99;82m██[38;2;255;255;255m██[38;2;140;132;156m██[38;2;140;132;156m██[38;2;140;132;156m██[38;2;140;132;156m██[38;2;140;132;156m██[38;2;107;107;123m██[38;2;140;132;156m██[38;2;140;132;156m██[38;2;107;107;123m██[38;2;0;0;0m██    
  [38;2;0;0;0m██[38;2;140;132;156m██[38;2;189;181;206m██[38;2;82;82;90m██[38;2;82;82;90m██[38;2;140;132;156m██[38;2;82;82;90m██[38;2;189;181;206m██[38;2;82;82;90m██[38;2;140;132;156m██[38;2;140;132;156m██[38;2;140;132;156m██[38;2;140;132;156m██[38;2;140;132;156m██[38;2;82;82;90m██[38;2;140;132;156m██[38;2;140;132;156m██[38;2;140;132;156m██[38;2;140;132;156m██[38;2;107;107;123m██[38;2;82;82;90m██[38;2;247;99;82m██[38;2;189;181;206m██[38;2;0;0;0m██  
[38;2;0;0;0m██[38;2;140;132;156m██[38;2;189;181;206m██[38;2;140;132;156m██[38;2;189;181;206m██[38;2;82;82;90m██[38;2;107;107;123m██[38;2;82;82;90m██[38;2;82;82;90m██[38;2;140;132;156m██[38;2;140;132;156m██[38;2;140;132;156m██[38;2;140;132;156m██[38;2;82;82;90m██[38;2;82;82;90m██[38;2;140;132;156m██[38;2;140;132;156m██[38;2;82;82;90m██[38;2;140;132;156m██[38;2;82;82;90m██[38;2;82;82;90m██[38;2;247;99;82m██[38;2;189;181;206m██[38;2;189;181;206m██[38;2;189;181;206m██[38;2;0;0;0m██
[38;2;0;0;0m██[38;2;189;181;206m██[38;2;140;132;156m██[38;2;189;181;206m██[38;2;140;132;156m██[38;2;82;82;90m██[38;2;140;132;156m██[38;2;82;82;90m██[38;2;189;181;206m██[38;2;82;82;90m██[38;2;82;82;90m██[38;2;82;82;90m██[38;2;255;255;255m██[38;2;82;82;90m██[38;2;189;181;206m██[38;2;140;132;156m██[38;2;140;132;156m██[38;2;140;132;156m██[38;2;82;82;90m██[38;2;140;132;156m██[38;2;189;181;206m██[38;2;189;181;206m██[38;2;189;181;206m██[38;2;247;99;82m██[38;2;247;99;82m██[38;2;0;0;0m██
[38;2;0;0;0m██[38;2;140;132;156m██[38;2;189;181;206m██[38;2;140;132;156m██[38;2;82;82;90m██[38;2;140;132;156m██[38;2;140;132;156m██[38;2;82;82;90m██[38;2;189;181;206m██[38;2;189;181;206m██[38;2;107;107;123m██[38;2;189;181;206m██[38;2;82;82;90m██[38;2;189;181;206m██[38;2;189;181;206m██[38;2;140;132;156m██[38;2;140;132;156m██[38;2;140;132;156m██[38;2;82;82;90m██[38;2;189;181;206m██[38;2;140;132;156m██[38;2;189;181;206m██[38;2;189;181;206m██[38;2;189;181;206m██[38;2;0;0;0m██  
  [38;2;0;0;0m██[38;2;140;132;156m██[38;2;140;132;156m██[38;2;140;132;156m██[38;2;140;132;156m██[38;2;140;132;156m██[38;2;0;0;0m██[38;2;140;132;156m██[38;2;189;181;206m██[38;2;107;107;123m██[38;2;189;181;206m██[38;2;189;181;206m██[38;2;189;181;206m██[38;2;140;132;156m██[38;2;140;132;156m██[38;2;140;132;156m██[38;2;82;82;90m██[38;2;0;0;0m██[38;2;140;132;156m██[38;2;189;181;206m██[38;2;140;132;156m██[38;2;189;181;206m██[38;2;140;132;156m██[38;2;0;0;0m██  
    [38;2;0;0;0m██[38;2;0;0;0m██[38;2;140;132;156m██[38;2;140;132;156m██[38;2;0;0;0m██  [38;2;0;0;0m██[38;2;140;132;156m██[38;2;140;132;156m██[38;2;107;107;123m██[38;2;140;132;156m██[38;2;140;132;156m██[38;2;140;132;156m██[38;2;82;82;90m██[38;2;82;82;90m██[38;2;206;181;107m██[38;2;0;0;0m██[38;2;0;0;0m██[38;2;189;181;206m██[38;2;140;132;156m██[38;2;0;0;0m██[38;2;0;0;0m██    
        [38;2;0;0;0m██[38;2;0;0;0m██    [38;2;0;0;0m██[38;2;206;181;107m██[38;2;82;82;90m██[38;2;206;181;107m██[38;2;247;230;148m██[38;2;206;181;107m██[38;2;82;82;90m██[38;2;206;181;107m██[38;2;206;181;107m██[38;2;0;0;0m██    [38;2;0;0;0m██[38;2;0;0;0m██        
              [38;2;0;0;0m██[38;2;140;132;156m██[38;2;82;82;90m██[38;2;206;181;107m██[38;2;247;230;148m██[38;2;247;99;82m██[38;2;247;230;148m██[38;2;206;181;107m██[38;2;82;82;90m██[38;2;82;82;90m██[38;2;0;0;0m██                
              [38;2;0;0;0m██[38;2;140;132;156m██[38;2;140;132;156m██[38;2;140;132;156m██[38;2;206;181;107m██[38;2;247;230;148m██[38;2;206;181;107m██[38;2;82;82;90m██[38;2;82;82;90m██[38;2;82;82;90m██[38;2;140;132;156m██[38;2;0;0;0m██              
              [38;2;0;0;0m██[38;2;82;82;90m██[38;2;140;132;156m██[38;2;140;132;156m██[38;2;0;0;0m██[38;2;0;0;0m██[38;2;0;0;0m██[38;2;82;82;90m██[38;2;82;82;90m██[38;2;140;132;156m██[38;2;140;132;156m██[38;2;140;132;156m██[38;2;0;0;0m██            
                [38;2;0;0;0m██[38;2;0;0;0m██[38;2;0;0;0m██      [38;2;0;0;0m██[38;2;140;132;156m██[38;2;107;107;123m██[38;2;107;107;123m██[38;2;107;107;123m██[38;2;0;0;0m██            
                              [38;2;0;0;0m██[38;2;140;132;156m██[38;2;189;181;206m██[38;2;107;107;123m██[38;2;189;181;206m██[38;2;0;0;0m██          
                                [38;2;0;0;0m██[38;2;0;0;0m██[38;2;0;0;0m██[38;2;0;0;0m██[38;2;0;0;0m██          
