      [38;2;0;0;0m██[38;2;0;0;0m██[38;2;0;0;0m██    [38;2;0;0;0m██[38;2;0;0;0m██            
    [38;2;0;0;0m██[38;2;247;148;148m██[38;2;247;148;148m██[38;2;239;99;99m██[38;2;0;0;0m██[38;2;0;0;0m██[38;2;247;148;148m██[38;2;247;148;148m██[38;2;0;0;0m██          
  [38;2;0;0;0m██[38;2;239;99;99m██[38;2;247;148;148m██[38;2;247;148;148m██[38;2;247;148;148m██[38;2;65;65;65m██[38;2;247;148;148m██[38;2;247;148;148m██[38;2;247;148;148m██[38;2;247;148;148m██[38;2;0;0;0m██        
  [38;2;0;0;0m██[38;2;65;65;65m██[38;2;173;74;82m██[38;2;247;148;148m██[38;2;247;148;148m██[38;2;247;148;148m██[38;2;247;148;148m██[38;2;247;148;148m██[38;2;247;148;148m██[38;2;239;99;99m██[38;2;0;0;0m██        
[38;2;0;0;0m██[38;2;239;99;99m██[38;2;247;148;148m██[38;2;247;148;148m██[38;2;239;99;99m██[38;2;247;148;148m██[38;2;247;148;148m██[38;2;247;148;148m██[38;2;239;99;99m██[38;2;173;74;82m██[38;2;65;65;65m██[38;2;0;0;0m██        
[38;2;0;0;0m██[38;2;247;148;148m██[38;2;247;148;148m██[38;2;247;148;148m██[38;2;247;148;148m██[38;2;247;148;148m██[38;2;247;148;148m██[38;2;239;99;99m██[38;2;247;148;148m██[38;2;247;148;148m██[38;2;239;99;99m██[38;2;173;74;82m██[38;2;0;0;0m██      
[38;2;0;0;0m██[38;2;239;99;99m██[38;2;247;148;148m██[38;2;247;148;148m██[38;2;239;99;99m██[38;2;239;99;99m██[38;2;247;148;148m██[38;2;247;148;148m██[38;2;247;148;148m██[38;2;247;148;148m██[38;2;247;148;148m██[38;2;239;99;99m██[38;2;0;0;0m██      
  [38;2;0;0;0m██[38;2;65;65;65m██[38;2;197;197;206m██[38;2;239;99;99m██[38;2;173;74;82m██[38;2;239;99;99m██[38;2;247;148;148m██[38;2;247;148;148m██[38;2;247;148;148m██[38;2;239;99;99m██[38;2;239;99;99m██[38;2;0;0;0m██      
    [38;2;0;0;0m██[38;2;255;255;255m██[38;2;239;99;99m██[38;2;239;99;99m██[38;2;0;0;0m██[38;2;197;197;206m██[38;2;65;65;65m██[38;2;239;99;99m██[38;2;239;99;99m██[38;2;0;0;0m██        
  [38;2;0;0;0m██[38;2;255;255;123m██[38;2;255;255;123m██[38;2;255;255;123m██[38;2;255;255;123m██[38;2;0;0;0m██[38;2;255;255;255m██[38;2;239;99;99m██[38;2;65;65;65m██[38;2;0;0;0m██          
  [38;2;0;0;0m██[38;2;222;173;107m██[38;2;65;65;65m██[38;2;255;255;123m██[38;2;255;255;123m██[38;2;255;255;123m██[38;2;239;99;99m██[38;2;239;99;99m██[38;2;173;74;82m██[38;2;0;0;0m██    [38;2;0;0;0m██[38;2;0;0;0m██  
    [38;2;0;0;0m██[38;2;173;74;82m██[38;2;222;173;107m██[38;2;222;173;107m██[38;2;239;99;99m██[38;2;173;74;82m██[38;2;65;65;65m██[38;2;65;65;65m██[38;2;173;74;82m██[38;2;0;0;0m██[38;2;0;0;0m██[38;2;255;255;255m██[38;2;65;65;65m██[38;2;0;0;0m██
      [38;2;0;0;0m██[38;2;0;0;0m██[38;2;65;65;65m██[38;2;65;65;65m██[38;2;65;65;65m██[38;2;239;99;99m██[38;2;173;74;82m██[38;2;239;99;99m██[38;2;239;99;99m██[38;2;239;99;99m██[38;2;239;99;99m██[38;2;197;197;206m██[38;2;0;0;0m██
        [38;2;0;0;0m██[38;2;65;65;65m██[38;2;65;65;65m██[38;2;239;99;99m██[38;2;239;99;99m██[38;2;239;99;99m██[38;2;65;65;65m██[38;2;239;99;99m██[38;2;255;255;255m██[38;2;239;99;99m██[38;2;0;0;0m██  
      [38;2;0;0;0m██[38;2;239;99;99m██[38;2;173;74;82m██[38;2;255;255;123m██[38;2;239;99;99m██[38;2;239;99;99m██[38;2;173;74;82m██[38;2;239;99;99m██[38;2;65;65;65m██[38;2;65;65;65m██[38;2;0;0;0m██[38;2;0;0;0m██[38;2;0;0;0m██
      [38;2;0;0;0m██[38;2;173;74;82m██[38;2;222;173;107m██[38;2;255;255;123m██[38;2;255;255;123m██[38;2;173;74;82m██[38;2;239;99;99m██[38;2;239;99;99m██[38;2;239;99;99m██[38;2;65;65;65m██[38;2;173;74;82m██[38;2;239;99;99m██[38;2;0;0;0m██
    [38;2;0;0;0m██[38;2;197;197;206m██[38;2;173;74;82m██[38;2;0;0;0m██[38;2;222;173;107m██[38;2;222;173;107m██[38;2;65;65;65m██[38;2;239;99;99m██[38;2;239;99;99m██[38;2;239;99;99m██[38;2;173;74;82m██[38;2;239;99;99m██[38;2;0;0;0m██  
      [38;2;0;0;0m██[38;2;0;0;0m██  [38;2;0;0;0m██[38;2;0;0;0m██[38;2;65;65;65m██[38;2;173;74;82m██[38;2;239;99;99m██[38;2;173;74;82m██[38;2;0;0;0m██[38;2;0;0;0m██    
                [38;2;0;0;0m██[38;2;255;255;255m██[38;2;0;0;0m██[38;2;255;255;255m██[38;2;0;0;0m██      
                  [38;2;0;0;0m██  [38;2;0;0;0m██        
