                                    [38;2;0;0;0m██    
                                  [38;2;0;0;0m██[38;2;255;140;82m██[38;2;0;0;0m██  
                                [38;2;0;0;0m██[38;2;255;140;82m██[38;2;247;247;41m██[38;2;0;0;0m██  
        [38;2;0;0;0m██[38;2;0;0;0m██      [38;2;0;0;0m██[38;2;0;0;0m██[38;2;0;0;0m██[38;2;0;0;0m██[38;2;0;0;0m██[38;2;0;0;0m██  [38;2;0;0;0m██[38;2;255;140;82m██[38;2;247;247;41m██[38;2;247;247;41m██[38;2;0;0;0m██
      [38;2;0;0;0m██[38;2;247;247;41m██[38;2;247;247;41m██[38;2;0;0;0m██[38;2;0;0;0m██[38;2;0;0;0m██[38;2;107;99;148m██[38;2;140;140;206m██[38;2;140;140;206m██[38;2;65;65;65m██[38;2;140;140;206m██[38;2;140;140;206m██[38;2;0;0;0m██[38;2;255;140;82m██[38;2;255;140;82m██[38;2;247;247;41m██[38;2;255;140;82m██[38;2;0;0;0m██
    [38;2;0;0;0m██[38;2;247;247;41m██[38;2;65;65;65m██[38;2;247;247;41m██[38;2;173;74;58m██[38;2;214;90;58m██[38;2;247;247;41m██[38;2;247;247;41m██[38;2;65;65;65m██[38;2;140;140;206m██[38;2;140;140;206m██[38;2;65;65;65m██[38;2;140;140;206m██[38;2;214;90;58m██[38;2;247;247;41m██[38;2;247;247;41m██[38;2;255;140;82m██[38;2;0;0;0m██  
    [38;2;0;0;0m██[38;2;247;247;41m██[38;2;247;247;41m██[38;2;173;74;58m██[38;2;214;90;58m██[38;2;247;247;41m██[38;2;0;0;0m██[38;2;247;247;41m██[38;2;65;65;65m██[38;2;107;99;148m██[38;2;140;140;206m██[38;2;107;99;148m██[38;2;140;140;206m██[38;2;247;247;41m██[38;2;247;247;41m██[38;2;214;90;58m██[38;2;0;0;0m██    
  [38;2;0;0;0m██[38;2;214;90;58m██[38;2;255;140;82m██[38;2;214;90;58m██[38;2;214;90;58m██[38;2;214;90;58m██[38;2;247;247;41m██[38;2;247;247;41m██[38;2;214;148;41m██[38;2;173;74;58m██[38;2;65;65;65m██[38;2;140;140;206m██[38;2;107;99;148m██[38;2;189;140;115m██[38;2;140;140;206m██[38;2;65;65;65m██[38;2;0;0;0m██      
[38;2;0;0;0m██[38;2;255;140;82m██[38;2;255;181;148m██[38;2;255;181;148m██[38;2;255;140;82m██[38;2;214;90;58m██[38;2;214;90;58m██[38;2;214;148;41m██[38;2;214;148;41m██[38;2;173;74;58m██[38;2;214;90;58m██[38;2;65;65;65m██[38;2;107;99;148m██[38;2;107;99;148m██[38;2;107;99;148m██[38;2;189;140;115m██[38;2;107;99;148m██[38;2;140;140;206m██[38;2;0;0;0m██    
[38;2;0;0;0m██[38;2;255;140;82m██[38;2;255;140;82m██[38;2;255;140;82m██[38;2;255;140;82m██[38;2;255;140;82m██[38;2;214;90;58m██[38;2;214;90;58m██[38;2;214;90;58m██[38;2;214;90;58m██[38;2;214;90;58m██[38;2;214;90;58m██[38;2;65;65;65m██[38;2;140;140;206m██[38;2;140;140;206m██[38;2;107;99;148m██[38;2;107;99;148m██[38;2;189;140;115m██[38;2;0;0;0m██    
[38;2;0;0;0m██[38;2;255;140;82m██[38;2;255;140;82m██[38;2;255;140;82m██[38;2;255;140;82m██[38;2;255;140;82m██[38;2;214;90;58m██[38;2;214;90;58m██[38;2;214;90;58m██[38;2;214;90;58m██[38;2;214;90;58m██[38;2;214;90;58m██[38;2;65;65;65m██[38;2;140;140;206m██[38;2;189;140;115m██[38;2;107;99;148m██[38;2;140;140;206m██[38;2;107;99;148m██[38;2;0;0;0m██    
  [38;2;0;0;0m██[38;2;173;74;58m██[38;2;255;140;82m██[38;2;255;140;82m██[38;2;214;90;58m██[38;2;214;90;58m██[38;2;214;90;58m██[38;2;65;65;65m██[38;2;65;65;65m██[38;2;214;90;58m██[38;2;173;74;58m██[38;2;65;65;65m██[38;2;189;140;115m██[38;2;189;140;115m██[38;2;107;99;148m██[38;2;140;140;206m██[38;2;140;140;206m██[38;2;0;0;0m██    
  [38;2;65;65;65m██[38;2;214;90;58m██[38;2;65;65;65m██[38;2;65;65;65m██[38;2;65;65;65m██[38;2;214;90;58m██[38;2;65;65;65m██[38;2;173;74;58m██[38;2;214;90;58m██[38;2;173;74;58m██[38;2;65;65;65m██[38;2;107;99;148m██[38;2;140;140;206m██[38;2;107;99;148m██[38;2;107;99;148m██[38;2;189;140;115m██[38;2;107;99;148m██[38;2;0;0;0m██    
    [38;2;65;65;65m██[38;2;0;0;0m██[38;2;173;74;58m██[38;2;65;65;65m██[38;2;255;140;82m██[38;2;255;140;82m██[38;2;65;65;65m██[38;2;255;140;82m██[38;2;65;65;65m██[38;2;107;99;148m██[38;2;140;140;206m██[38;2;107;99;148m██[38;2;140;140;206m██[38;2;140;140;206m██[38;2;107;99;148m██[38;2;0;0;0m██      
        [38;2;0;0;0m██[38;2;65;65;65m██[38;2;255;181;148m██[38;2;255;140;82m██[38;2;65;65;65m██[38;2;65;65;65m██[38;2;65;65;65m██[38;2;189;140;115m██[38;2;140;140;206m██[38;2;140;140;206m██[38;2;107;99;148m██[38;2;189;140;115m██[38;2;65;65;65m██[38;2;0;0;0m██      
        [38;2;0;0;0m██[38;2;214;90;58m██[38;2;65;65;65m██[38;2;65;65;65m██[38;2;214;90;58m██[38;2;214;90;58m██[38;2;214;90;58m██[38;2;65;65;65m██[38;2;189;140;115m██[38;2;189;140;115m██[38;2;107;99;148m██[38;2;65;65;65m██[38;2;0;0;0m██        
      [38;2;0;0;0m██[38;2;214;90;58m██[38;2;214;90;58m██[38;2;214;90;58m██[38;2;214;90;58m██[38;2;214;90;58m██[38;2;214;90;58m██[38;2;214;90;58m██[38;2;255;140;82m██[38;2;65;65;65m██[38;2;65;65;65m██[38;2;214;90;58m██[38;2;65;65;65m██[38;2;214;90;58m██[38;2;0;0;0m██[38;2;0;0;0m██    
    [38;2;0;0;0m██[38;2;214;90;58m██[38;2;214;90;58m██[38;2;214;90;58m██[38;2;214;90;58m██[38;2;214;90;58m██[38;2;214;90;58m██[38;2;214;90;58m██[38;2;255;140;82m██[38;2;255;140;82m██[38;2;255;140;82m██[38;2;214;90;58m██[38;2;214;90;58m██[38;2;214;90;58m██[38;2;214;90;58m██[38;2;214;90;58m██[38;2;255;140;82m██[38;2;0;0;0m██  
    [38;2;0;0;0m██[38;2;255;140;82m██[38;2;214;90;58m██[38;2;214;90;58m██[38;2;214;90;58m██[38;2;214;90;58m██[38;2;214;90;58m██[38;2;214;90;58m██[38;2;214;90;58m██[38;2;214;90;58m██[38;2;214;90;58m██[38;2;214;90;58m██[38;2;255;140;82m██[38;2;255;140;82m██[38;2;255;140;82m██[38;2;255;140;82m██[38;2;173;74;58m██[38;2;0;0;0m██  
      [38;2;0;0;0m██[38;2;0;0;0m██[38;2;173;74;58m██[38;2;214;90;58m██[38;2;255;140;82m██[38;2;255;140;82m██[38;2;214;90;58m██[38;2;214;90;58m██[38;2;214;90;58m██[38;2;255;140;82m██[38;2;255;140;82m██[38;2;255;140;82m██[38;2;0;0;0m██[38;2;0;0;0m██[38;2;0;0;0m██[38;2;0;0;0m██    
          [38;2;0;0;0m██[38;2;0;0;0m██[38;2;0;0;0m██[38;2;173;74;58m██[38;2;255;140;82m██[38;2;255;140;82m██[38;2;255;140;82m██[38;2;214;90;58m██[38;2;0;0;0m██[38;2;0;0;0m██            
                [38;2;0;0;0m██[38;2;0;0;0m██[38;2;0;0;0m██[38;2;0;0;0m██[38;2;0;0;0m██                
