            [38;2;0;0;0m██                      
          [38;2;0;0;0m██[38;2;247;239;115m██[38;2;0;0;0m██        [38;2;0;0;0m██          
          [38;2;0;0;0m██[38;2;247;239;115m██[38;2;247;239;115m██[38;2;0;0;0m██[38;2;0;0;0m██  [38;2;0;0;0m██[38;2;247;239;115m██[38;2;0;0;0m██        
          [38;2;0;0;0m██[38;2;247;239;115m██[38;2;65;65;65m██[38;2;247;239;115m██[38;2;247;239;115m██[38;2;0;0;0m██[38;2;247;239;115m██[38;2;247;239;115m██[38;2;0;0;0m██        
            [38;2;0;0;0m██[38;2;173;132;66m██[38;2;247;239;115m██[38;2;230;189;74m██[38;2;173;132;66m██[38;2;247;239;115m██[38;2;173;132;66m██[38;2;0;0;0m██        
          [38;2;0;0;0m██[38;2;65;65;65m██[38;2;247;239;115m██[38;2;173;132;66m██[38;2;173;132;66m██[38;2;247;239;115m██[38;2;65;65;65m██[38;2;0;0;0m██          
        [38;2;0;0;0m██[38;2;247;239;115m██[38;2;247;239;115m██[38;2;247;239;115m██[38;2;247;239;115m██[38;2;247;239;115m██[38;2;247;239;115m██[38;2;247;239;115m██[38;2;0;0;0m██          
      [38;2;0;0;0m██[38;2;247;239;115m██[38;2;0;0;0m██[38;2;247;239;115m██[38;2;247;239;115m██[38;2;247;239;115m██[38;2;247;239;115m██[38;2;247;239;115m██[38;2;247;239;115m██[38;2;230;189;74m██[38;2;0;0;0m██        
    [38;2;0;0;0m██[38;2;247;115;123m██[38;2;247;239;115m██[38;2;0;0;0m██[38;2;247;239;115m██[38;2;247;239;115m██[38;2;247;239;115m██[38;2;0;0;0m██[38;2;0;0;0m██[38;2;247;239;115m██[38;2;247;239;115m██[38;2;0;0;0m██        
  [38;2;0;0;0m██[38;2;0;0;0m██[38;2;247;115;123m██[38;2;230;189;74m██[38;2;247;239;115m██[38;2;247;239;115m██[38;2;247;239;115m██[38;2;0;0;0m██[38;2;247;239;115m██[38;2;247;239;115m██[38;2;247;239;115m██[38;2;247;115;123m██[38;2;247;115;123m██[38;2;0;0;0m██      
[38;2;0;0;0m██[38;2;156;156;189m██[38;2;115;115;123m██[38;2;65;65;65m██[38;2;230;189;74m██[38;2;65;65;65m██[38;2;247;239;115m██[38;2;247;239;115m██[38;2;247;239;115m██[38;2;247;239;115m██[38;2;65;65;65m██[38;2;247;115;123m██[38;2;230;189;74m██[38;2;247;115;123m██[38;2;0;0;0m██      
[38;2;0;0;0m██[38;2;156;156;189m██[38;2;156;156;189m██[38;2;65;65;65m██[38;2;173;132;66m██[38;2;230;189;74m██[38;2;65;65;65m██[38;2;65;65;65m██[38;2;65;65;65m██[38;2;65;65;65m██[38;2;230;189;74m██[38;2;247;115;123m██[38;2;247;115;123m██[38;2;65;65;65m██[38;2;230;189;74m██[38;2;0;0;0m██    
[38;2;0;0;0m██[38;2;115;115;123m██[38;2;65;65;65m██[38;2;247;239;115m██[38;2;65;65;65m██[38;2;65;65;65m██[38;2;230;189;74m██[38;2;230;189;74m██[38;2;230;189;74m██[38;2;230;189;74m██[38;2;230;189;74m██[38;2;65;65;65m██[38;2;65;65;65m██[38;2;230;189;74m██[38;2;65;65;65m██[38;2;65;65;65m██[38;2;0;0;0m██  
  [38;2;0;0;0m██[38;2;0;0;0m██[38;2;247;239;115m██[38;2;247;239;115m██[38;2;173;132;66m██[38;2;65;65;65m██[38;2;65;65;65m██[38;2;65;65;65m██[38;2;65;65;65m██[38;2;65;65;65m██[38;2;173;132;66m██[38;2;230;189;74m██[38;2;65;65;65m██[38;2;156;156;189m██[38;2;156;156;189m██[38;2;0;0;0m██  
      [38;2;0;0;0m██[38;2;247;239;115m██[38;2;247;239;115m██[38;2;65;65;65m██[38;2;65;65;65m██[38;2;65;65;65m██[38;2;230;189;74m██[38;2;230;189;74m██[38;2;230;189;74m██[38;2;65;65;65m██[38;2;156;156;189m██[38;2;156;156;189m██[38;2;156;156;189m██[38;2;115;115;123m██[38;2;0;0;0m██
    [38;2;0;0;0m██[38;2;230;189;74m██[38;2;65;65;65m██[38;2;173;132;66m██[38;2;247;239;115m██[38;2;247;239;115m██[38;2;247;239;115m██[38;2;230;189;74m██[38;2;230;189;74m██[38;2;230;189;74m██[38;2;65;65;65m██[38;2;156;156;189m██[38;2;156;156;189m██[38;2;115;115;123m██[38;2;115;115;123m██[38;2;0;0;0m██
      [38;2;0;0;0m██[38;2;0;0;0m██[38;2;0;0;0m██[38;2;0;0;0m██[38;2;0;0;0m██[38;2;230;189;74m██[38;2;230;189;74m██[38;2;173;132;66m██[38;2;65;65;65m██[38;2;173;132;66m██[38;2;65;65;65m██[38;2;115;115;123m██[38;2;115;115;123m██[38;2;0;0;0m██  
                [38;2;0;0;0m██[38;2;0;0;0m██[38;2;247;239;115m██[38;2;247;239;115m██[38;2;230;189;74m██[38;2;0;0;0m██[38;2;0;0;0m██[38;2;0;0;0m██    
                    [38;2;0;0;0m██[38;2;0;0;0m██[38;2;0;0;0m██          
