                                          [38;2;0;0;0m██[38;2;0;0;0m██      
                                        [38;2;0;0;0m██[38;2;247;230;90m██[38;2;0;0;0m██      
            [38;2;0;0;0m██              [38;2;0;0;0m██[38;2;0;0;0m██    [38;2;0;0;0m██[38;2;0;0;0m██[38;2;247;230;90m██[38;2;247;230;90m██[38;2;0;0;0m██      
          [38;2;0;0;0m██[38;2;197;173;66m██[38;2;0;0;0m██    [38;2;0;0;0m██  [38;2;0;0;0m██[38;2;0;0;0m██[38;2;247;230;90m██[38;2;0;0;0m██  [38;2;0;0;0m██[38;2;197;173;66m██[38;2;247;230;90m██[38;2;247;230;90m██[38;2;0;0;0m██        
          [38;2;0;0;0m██[38;2;197;173;66m██[38;2;0;0;0m██  [38;2;0;0;0m██[38;2;247;230;90m██[38;2;0;0;0m██[38;2;197;173;66m██[38;2;247;230;90m██[38;2;247;230;90m██[38;2;0;0;0m██[38;2;0;0;0m██[38;2;247;230;90m██[38;2;247;230;90m██[38;2;247;230;90m██[38;2;247;230;90m██[38;2;0;0;0m██  [38;2;0;0;0m██[38;2;0;0;0m██[38;2;0;0;0m██
          [38;2;0;0;0m██[38;2;197;173;66m██[38;2;0;0;0m██  [38;2;0;0;0m██[38;2;247;230;90m██[38;2;65;65;65m██[38;2;247;230;90m██[38;2;247;230;90m██[38;2;247;230;90m██[38;2;65;65;65m██[38;2;247;230;90m██[38;2;247;230;90m██[38;2;247;230;90m██[38;2;247;230;90m██[38;2;148;123;58m██[38;2;0;0;0m██[38;2;0;0;0m██[38;2;247;230;90m██[38;2;247;230;90m██[38;2;0;0;0m██
        [38;2;0;0;0m██[38;2;197;173;66m██[38;2;197;173;66m██[38;2;65;65;65m██[38;2;0;0;0m██[38;2;197;173;66m██[38;2;247;230;90m██[38;2;197;173;66m██[38;2;65;65;65m██[38;2;247;230;90m██[38;2;197;173;66m██[38;2;197;173;66m██[38;2;247;230;90m██[38;2;247;230;90m██[38;2;247;230;90m██[38;2;247;230;90m██[38;2;65;65;65m██[38;2;247;230;90m██[38;2;247;230;90m██[38;2;247;230;90m██[38;2;0;0;0m██  
        [38;2;0;0;0m██[38;2;197;173;66m██[38;2;65;65;65m██[38;2;197;173;66m██[38;2;247;230;90m██[38;2;197;173;66m██[38;2;247;230;90m██[38;2;247;230;90m██[38;2;65;65;65m██[38;2;247;230;90m██[38;2;148;123;58m██[38;2;247;230;90m██[38;2;247;230;90m██[38;2;247;230;90m██[38;2;247;230;90m██[38;2;247;230;90m██[38;2;247;230;90m██[38;2;247;230;90m██[38;2;247;230;90m██[38;2;197;173;66m██[38;2;0;0;0m██  
        [38;2;0;0;0m██[38;2;197;173;66m██[38;2;247;230;90m██[38;2;247;230;90m██[38;2;247;230;90m██[38;2;197;173;66m██[38;2;247;230;90m██[38;2;247;230;90m██[38;2;65;65;65m██[38;2;247;230;90m██[38;2;247;230;90m██[38;2;247;230;90m██[38;2;247;230;90m██[38;2;247;230;90m██[38;2;247;230;90m██[38;2;65;65;65m██[38;2;247;230;90m██[38;2;247;230;90m██[38;2;247;230;90m██[38;2;0;0;0m██    
    [38;2;0;0;0m██[38;2;0;0;0m██[38;2;247;230;90m██[38;2;247;230;90m██[38;2;247;230;90m██[38;2;247;230;90m██[38;2;247;230;90m██[38;2;197;173;66m██[38;2;247;230;90m██[38;2;247;230;90m██[38;2;247;230;90m██[38;2;65;65;65m██[38;2;247;230;90m██[38;2;247;230;90m██[38;2;247;230;90m██[38;2;247;230;90m██[38;2;65;65;65m██[38;2;82;173;197m██[38;2;65;65;65m██[38;2;247;230;90m██[38;2;65;65;65m██[38;2;65;65;65m██[38;2;0;0;0m██[38;2;0;0;0m██
  [38;2;0;0;0m██[38;2;197;173;66m██[38;2;247;230;90m██[38;2;247;230;90m██[38;2;247;230;90m██[38;2;247;230;90m██[38;2;247;230;90m██[38;2;247;230;90m██[38;2;197;173;66m██[38;2;247;230;90m██[38;2;247;230;90m██[38;2;247;230;90m██[38;2;197;173;66m██[38;2;65;65;65m██[38;2;247;230;90m██[38;2;247;230;90m██[38;2;148;123;58m██[38;2;65;65;65m██[38;2;82;173;197m██[38;2;65;65;65m██[38;2;65;65;65m██[38;2;82;173;197m██[38;2;65;65;65m██[38;2;197;173;66m██[38;2;0;0;0m██
[38;2;0;0;0m██[38;2;247;230;90m██[38;2;247;230;90m██[38;2;247;230;90m██[38;2;247;230;90m██[38;2;247;230;90m██[38;2;247;230;90m██[38;2;247;230;90m██[38;2;247;230;90m██[38;2;247;230;90m██[38;2;247;230;90m██[38;2;247;230;90m██[38;2;247;230;90m██[38;2;247;230;90m██[38;2;65;65;65m██[38;2;247;230;90m██[38;2;148;123;58m██[38;2;65;65;65m██[38;2;74;132;165m██[38;2;82;173;197m██[38;2;65;65;65m██[38;2;82;173;197m██[38;2;65;65;65m██[38;2;197;173;66m██[38;2;0;0;0m██  
  [38;2;0;0;0m██[38;2;0;0;0m██[38;2;0;0;0m██[38;2;65;65;65m██[38;2;197;173;66m██[38;2;197;173;66m██[38;2;247;230;90m██[38;2;0;0;0m██[38;2;65;65;65m██[38;2;65;65;65m██[38;2;247;230;90m██[38;2;247;230;90m██[38;2;65;65;65m██[38;2;247;230;90m██[38;2;148;123;58m██[38;2;82;173;197m██[38;2;65;65;65m██[38;2;82;173;197m██[38;2;74;132;165m██[38;2;82;173;197m██[38;2;82;173;197m██[38;2;65;65;65m██[38;2;0;0;0m██    
        [38;2;0;0;0m██[38;2;247;230;90m██[38;2;247;230;90m██[38;2;65;65;65m██[38;2;222;82;58m██[38;2;255;255;255m██[38;2;148;123;58m██[38;2;197;173;66m██[38;2;197;173;66m██[38;2;65;65;65m██[38;2;247;230;90m██[38;2;148;123;58m██[38;2;65;65;65m██[38;2;82;173;197m██[38;2;82;173;197m██[38;2;74;132;165m██[38;2;82;173;197m██[38;2;65;65;65m██[38;2;0;0;0m██      
      [38;2;0;0;0m██[38;2;247;230;90m██[38;2;197;173;66m██[38;2;65;65;65m██[38;2;82;173;197m██[38;2;74;132;165m██[38;2;74;132;165m██[38;2;247;230;90m██[38;2;197;173;66m██[38;2;65;65;65m██[38;2;247;230;90m██[38;2;65;65;65m██[38;2;82;173;197m██[38;2;65;65;65m██[38;2;82;173;197m██[38;2;82;173;197m██[38;2;82;173;197m██[38;2;82;173;197m██[38;2;0;0;0m██        
      [38;2;0;0;0m██[38;2;0;0;0m██[38;2;74;132;165m██[38;2;82;173;197m██[38;2;82;173;197m██[38;2;82;173;197m██[38;2;247;230;90m██[38;2;247;230;90m██[38;2;247;230;90m██[38;2;247;230;90m██[38;2;65;65;65m██[38;2;82;173;197m██[38;2;82;173;197m██[38;2;82;173;197m██[38;2;65;65;65m██[38;2;82;173;197m██[38;2;82;173;197m██[38;2;74;132;165m██[38;2;0;0;0m██        
          [38;2;0;0;0m██[38;2;0;0;0m██[38;2;82;173;197m██[38;2;82;173;197m██[38;2;82;173;197m██[38;2;247;230;90m██[38;2;247;230;90m██[38;2;247;230;90m██[38;2;65;65;65m██[38;2;82;173;197m██[38;2;82;173;197m██[38;2;65;65;65m██[38;2;0;0;0m██[38;2;74;132;165m██[38;2;74;132;165m██[38;2;74;132;165m██[38;2;74;132;165m██[38;2;0;0;0m██      
              [38;2;0;0;0m██[38;2;247;230;90m██[38;2;247;230;90m██[38;2;247;230;90m██[38;2;247;230;90m██[38;2;65;65;65m██[38;2;82;173;197m██[38;2;82;173;197m██[38;2;82;173;197m██[38;2;0;0;0m██  [38;2;0;0;0m██[38;2;0;0;0m██[38;2;74;132;165m██[38;2;74;132;165m██[38;2;0;0;0m██      
          [38;2;0;0;0m██[38;2;0;0;0m██[38;2;74;132;165m██[38;2;65;65;65m██[38;2;247;230;90m██[38;2;247;230;90m██[38;2;0;0;0m██[38;2;65;65;65m██[38;2;74;132;165m██[38;2;82;173;197m██[38;2;0;0;0m██      [38;2;0;0;0m██[38;2;74;132;165m██[38;2;65;65;65m██[38;2;0;0;0m██      
        [38;2;0;0;0m██[38;2;197;173;66m██[38;2;197;173;66m██[38;2;74;132;165m██[38;2;65;65;65m██[38;2;247;230;90m██[38;2;0;0;0m██[38;2;0;0;0m██[38;2;0;0;0m██[38;2;247;230;90m██[38;2;74;132;165m██[38;2;197;173;66m██[38;2;0;0;0m██[38;2;0;0;0m██[38;2;0;0;0m██[38;2;222;82;58m██[38;2;0;0;0m██[38;2;222;82;58m██[38;2;0;0;0m██      
      [38;2;0;0;0m██[38;2;222;82;58m██[38;2;74;132;165m██[38;2;197;173;66m██[38;2;0;0;0m██[38;2;0;0;0m██[38;2;0;0;0m██  [38;2;0;0;0m██[38;2;247;230;90m██[38;2;247;230;90m██[38;2;247;230;90m██[38;2;197;173;66m██[38;2;197;173;66m██[38;2;197;173;66m██[38;2;0;0;0m██[38;2;0;0;0m██  [38;2;0;0;0m██[38;2;0;0;0m██      
        [38;2;0;0;0m██[38;2;0;0;0m██[38;2;0;0;0m██      [38;2;0;0;0m██[38;2;222;82;58m██[38;2;65;65;65m██[38;2;65;65;65m██[38;2;247;230;90m██[38;2;65;65;65m██[38;2;0;0;0m██[38;2;0;0;0m██                
                    [38;2;0;0;0m██[38;2;0;0;0m██[38;2;0;0;0m██[38;2;222;82;58m██[38;2;65;65;65m██[38;2;0;0;0m██                    
                          [38;2;0;0;0m██[38;2;0;0;0m██                      
