    [38;2;0;0;0m██[38;2;0;0;0m██                                                
  [38;2;0;0;0m██[38;2;173;132;74m██[38;2;173;132;74m██[38;2;0;0;0m██      [38;2;0;0;0m██                                      
[38;2;0;0;0m██[38;2;173;132;74m██[38;2;140;99;49m██[38;2;173;132;74m██[38;2;173;132;74m██[38;2;0;0;0m██  [38;2;0;0;0m██[38;2;247;230;165m██[38;2;0;0;0m██    [38;2;0;0;0m██[38;2;0;0;0m██    [38;2;0;0;0m██                      
[38;2;0;0;0m██[38;2;140;99;49m██[38;2;173;132;74m██[38;2;173;132;74m██[38;2;65;65;65m██[38;2;0;0;0m██  [38;2;0;0;0m██[38;2;206;181;123m██[38;2;247;230;165m██[38;2;0;0;0m██[38;2;0;0;0m██[38;2;247;230;165m██[38;2;65;65;65m██[38;2;0;0;0m██[38;2;0;0;0m██[38;2;247;230;165m██[38;2;0;0;0m██    [38;2;0;0;0m██[38;2;0;0;0m██[38;2;0;0;0m██[38;2;0;0;0m██        
  [38;2;0;0;0m██[38;2;0;0;0m██[38;2;0;0;0m██[38;2;140;99;49m██[38;2;140;99;49m██[38;2;0;0;0m██[38;2;0;0;0m██[38;2;173;132;74m██[38;2;247;230;165m██[38;2;247;230;165m██[38;2;65;65;65m██[38;2;247;230;165m██[38;2;206;181;123m██[38;2;247;230;165m██[38;2;65;65;65m██[38;2;173;132;74m██[38;2;0;0;0m██  [38;2;0;0;0m██[38;2;173;132;74m██[38;2;140;99;49m██[38;2;173;132;74m██[38;2;140;99;49m██[38;2;0;0;0m██      
      [38;2;0;0;0m██[38;2;140;99;49m██[38;2;140;99;49m██[38;2;65;65;65m██[38;2;247;230;165m██[38;2;173;132;74m██[38;2;247;230;165m██[38;2;247;230;165m██[38;2;206;181;123m██[38;2;247;230;165m██[38;2;206;181;123m██[38;2;65;65;65m██[38;2;247;230;165m██[38;2;173;132;74m██[38;2;247;230;165m██[38;2;0;0;0m██[38;2;0;0;0m██[38;2;173;132;74m██[38;2;140;99;49m██[38;2;173;132;74m██[38;2;65;65;65m██[38;2;0;0;0m██      
        [38;2;0;0;0m██[38;2;206;181;123m██[38;2;206;181;123m██[38;2;65;65;65m██[38;2;247;230;165m██[38;2;247;230;165m██[38;2;247;230;165m██[38;2;247;230;165m██[38;2;247;230;165m██[38;2;247;230;165m██[38;2;65;65;65m██[38;2;247;230;165m██[38;2;173;132;74m██[38;2;247;230;165m██[38;2;0;0;0m██  [38;2;0;0;0m██[38;2;65;65;65m██[38;2;65;65;65m██[38;2;0;0;0m██        
          [38;2;0;0;0m██[38;2;0;0;0m██[38;2;247;230;165m██[38;2;206;181;123m██[38;2;247;230;165m██[38;2;247;230;165m██[38;2;247;230;165m██[38;2;247;230;165m██[38;2;247;230;165m██[38;2;247;230;165m██[38;2;247;230;165m██[38;2;206;181;123m██[38;2;206;181;123m██[38;2;206;181;123m██[38;2;0;0;0m██[38;2;0;0;0m██[38;2;140;99;49m██[38;2;140;99;49m██[38;2;0;0;0m██        
            [38;2;0;0;0m██[38;2;206;181;123m██[38;2;65;65;65m██[38;2;247;230;165m██[38;2;247;230;165m██[38;2;206;181;123m██[38;2;247;230;165m██[38;2;247;230;165m██[38;2;65;65;65m██[38;2;173;132;74m██[38;2;206;181;123m██[38;2;206;181;123m██[38;2;206;181;123m██[38;2;206;181;123m██[38;2;206;181;123m██[38;2;140;99;49m██[38;2;173;132;74m██[38;2;0;0;0m██        
            [38;2;0;0;0m██[38;2;255;255;255m██[38;2;230;74;41m██[38;2;206;181;123m██[38;2;247;230;165m██[38;2;206;181;123m██[38;2;173;132;74m██[38;2;0;0;0m██[38;2;255;255;255m██[38;2;173;132;74m██[38;2;206;181;123m██[38;2;206;181;123m██[38;2;65;65;65m██[38;2;65;65;65m██[38;2;0;0;0m██[38;2;206;181;123m██[38;2;206;181;123m██[38;2;0;0;0m██        
            [38;2;0;0;0m██[38;2;206;181;123m██[38;2;65;65;65m██[38;2;65;65;65m██[38;2;65;65;65m██[38;2;173;132;74m██[38;2;255;255;255m██[38;2;230;74;41m██[38;2;255;255;255m██[38;2;173;132;74m██[38;2;206;181;123m██[38;2;206;181;123m██[38;2;206;181;123m██[38;2;0;0;0m██  [38;2;0;0;0m██[38;2;0;0;0m██  [38;2;0;0;0m██[38;2;0;0;0m██    
              [38;2;0;0;0m██[38;2;247;173;156m██[38;2;247;173;156m██[38;2;206;132;107m██[38;2;65;65;65m██[38;2;173;132;74m██[38;2;173;132;74m██[38;2;206;181;123m██[38;2;206;181;123m██[38;2;206;181;123m██[38;2;206;181;123m██[38;2;65;65;65m██[38;2;0;0;0m██      [38;2;0;0;0m██[38;2;173;132;74m██[38;2;173;132;74m██[38;2;0;0;0m██  
              [38;2;0;0;0m██[38;2;206;132;107m██[38;2;247;173;156m██[38;2;247;173;156m██[38;2;65;65;65m██[38;2;206;181;123m██[38;2;206;181;123m██[38;2;206;181;123m██[38;2;206;181;123m██[38;2;206;181;123m██[38;2;173;132;74m██[38;2;65;65;65m██[38;2;206;181;123m██[38;2;0;0;0m██[38;2;0;0;0m██    [38;2;0;0;0m██[38;2;173;132;74m██[38;2;173;132;74m██[38;2;0;0;0m██
                [38;2;65;65;65m██[38;2;65;65;65m██[38;2;65;65;65m██[38;2;206;181;123m██[38;2;206;181;123m██[38;2;206;181;123m██[38;2;206;181;123m██[38;2;206;181;123m██[38;2;247;230;165m██[38;2;247;230;165m██[38;2;65;65;65m██[38;2;206;181;123m██[38;2;206;181;123m██[38;2;206;181;123m██[38;2;0;0;0m██[38;2;0;0;0m██[38;2;0;0;0m██[38;2;65;65;65m██[38;2;173;132;74m██[38;2;0;0;0m██
              [38;2;0;0;0m██[38;2;140;99;49m██[38;2;0;0;0m██[38;2;206;181;123m██[38;2;0;0;0m██[38;2;206;181;123m██[38;2;0;0;0m██[38;2;0;0;0m██[38;2;173;132;74m██[38;2;247;230;165m██[38;2;247;230;165m██[38;2;206;181;123m██[38;2;65;65;65m██[38;2;0;0;0m██[38;2;0;0;0m██[38;2;206;181;123m██[38;2;206;181;123m██[38;2;206;181;123m██[38;2;173;132;74m██[38;2;0;0;0m██  
            [38;2;0;0;0m██[38;2;140;99;49m██[38;2;140;99;49m██[38;2;140;99;49m██[38;2;0;0;0m██  [38;2;0;0;0m██    [38;2;0;0;0m██[38;2;173;132;74m██[38;2;206;181;123m██[38;2;173;132;74m██[38;2;0;0;0m██    [38;2;0;0;0m██[38;2;0;0;0m██[38;2;0;0;0m██[38;2;0;0;0m██    
            [38;2;0;0;0m██[38;2;140;99;49m██[38;2;0;0;0m██[38;2;0;0;0m██            [38;2;0;0;0m██[38;2;140;99;49m██[38;2;0;0;0m██                  
              [38;2;0;0;0m██              [38;2;0;0;0m██[38;2;140;99;49m██[38;2;173;132;74m██[38;2;140;99;49m██[38;2;0;0;0m██                
                              [38;2;0;0;0m██[38;2;173;132;74m██[38;2;0;0;0m██[38;2;173;132;74m██[38;2;0;0;0m██                
                                [38;2;0;0;0m██  [38;2;0;0;0m██                  
