          [38;2;0;0;0m██[38;2;0;0;0m██                          
        [38;2;0;0;0m██[38;2;74;107;206m██[38;2;74;107;206m██[38;2;0;0;0m██        [38;2;0;0;0m██[38;2;0;0;0m██            
        [38;2;0;0;0m██[38;2;74;107;206m██[38;2;74;107;206m██[38;2;0;0;0m██      [38;2;0;0;0m██[38;2;82;140;255m██[38;2;82;140;255m██[38;2;0;0;0m██          
        [38;2;0;0;0m██[38;2;74;107;206m██[38;2;0;0;0m██      [38;2;0;0;0m██[38;2;82;140;255m██[38;2;82;140;255m██[38;2;82;140;255m██[38;2;0;0;0m██          
        [38;2;0;0;0m██[38;2;74;107;206m██[38;2;0;0;0m██    [38;2;0;0;0m██[38;2;82;140;255m██[38;2;82;140;255m██[38;2;0;0;0m██[38;2;0;0;0m██            
          [38;2;0;0;0m██[38;2;74;107;206m██[38;2;0;0;0m██  [38;2;0;0;0m██[38;2;82;140;255m██[38;2;0;0;0m██                
            [38;2;0;0;0m██[38;2;65;65;65m██[38;2;0;0;0m██[38;2;65;65;65m██[38;2;0;0;0m██                  
          [38;2;0;0;0m██[38;2;0;0;0m██[38;2;82;140;255m██[38;2;82;140;255m██[38;2;82;140;255m██[38;2;82;140;255m██[38;2;0;0;0m██[38;2;0;0;0m██[38;2;0;0;0m██            
      [38;2;0;0;0m██[38;2;0;0;0m██[38;2;82;140;255m██[38;2;82;140;255m██[38;2;82;140;255m██[38;2;82;140;255m██[38;2;82;140;255m██[38;2;82;140;255m██[38;2;82;140;255m██[38;2;82;140;255m██[38;2;82;140;255m██[38;2;0;0;0m██          
  [38;2;0;0;0m██[38;2;0;0;0m██[38;2;74;107;206m██[38;2;65;65;65m██[38;2;165;214;255m██[38;2;82;140;255m██[38;2;82;140;255m██[38;2;123;181;255m██[38;2;165;214;255m██[38;2;165;214;255m██[38;2;165;214;255m██[38;2;123;181;255m██[38;2;82;140;255m██[38;2;82;140;255m██[38;2;0;0;0m██[38;2;0;0;0m██      
[38;2;0;0;0m██[38;2;74;107;206m██[38;2;74;107;206m██[38;2;65;65;65m██[38;2;165;214;255m██[38;2;165;214;255m██[38;2;165;214;255m██[38;2;165;214;255m██[38;2;165;214;255m██[38;2;107;173;156m██[38;2;0;0;0m██[38;2;107;173;156m██[38;2;165;214;255m██[38;2;165;214;255m██[38;2;123;181;255m██[38;2;82;140;255m██[38;2;82;140;255m██[38;2;0;0;0m██    
[38;2;0;0;0m██[38;2;74;107;206m██[38;2;107;173;156m██[38;2;65;65;65m██[38;2;165;214;255m██[38;2;165;214;255m██[38;2;165;214;255m██[38;2;165;214;255m██[38;2;165;214;255m██[38;2;0;0;0m██[38;2;255;255;255m██[38;2;0;0;0m██[38;2;165;214;255m██[38;2;165;214;255m██[38;2;165;214;255m██[38;2;165;214;255m██[38;2;82;140;255m██[38;2;82;140;255m██[38;2;0;0;0m██  
  [38;2;0;0;0m██[38;2;0;0;0m██[38;2;107;173;156m██[38;2;65;65;65m██[38;2;197;82;74m██[38;2;140;58;49m██[38;2;140;58;49m██[38;2;165;214;255m██[38;2;107;173;156m██[38;2;0;0;0m██[38;2;107;173;156m██[38;2;165;214;255m██[38;2;165;214;255m██[38;2;165;214;255m██[38;2;165;214;255m██[38;2;123;181;255m██[38;2;74;107;206m██[38;2;74;107;206m██[38;2;0;0;0m██
      [38;2;0;0;0m██[38;2;0;0;0m██[38;2;165;214;255m██[38;2;197;82;74m██[38;2;197;82;74m██[38;2;165;214;255m██[38;2;165;214;255m██[38;2;165;214;255m██[38;2;165;214;255m██[38;2;165;214;255m██[38;2;65;65;65m██[38;2;107;173;156m██[38;2;107;173;156m██[38;2;74;107;206m██[38;2;74;107;206m██[38;2;65;65;65m██[38;2;0;0;0m██
          [38;2;0;0;0m██[38;2;165;214;255m██[38;2;165;214;255m██[38;2;165;214;255m██[38;2;165;214;255m██[38;2;165;214;255m██[38;2;65;65;65m██[38;2;65;65;65m██[38;2;107;173;156m██[38;2;107;173;156m██[38;2;0;0;0m██[38;2;0;0;0m██[38;2;0;0;0m██[38;2;0;0;0m██  
            [38;2;0;0;0m██[38;2;0;0;0m██[38;2;107;173;156m██[38;2;107;173;156m██[38;2;107;173;156m██[38;2;107;173;156m██[38;2;107;173;156m██[38;2;0;0;0m██[38;2;0;0;0m██          
                [38;2;0;0;0m██[38;2;0;0;0m██[38;2;0;0;0m██[38;2;0;0;0m██[38;2;0;0;0m██              
