                [38;2;0;0;0m██[38;2;0;0;0m██[38;2;0;0;0m██[38;2;0;0;0m██[38;2;0;0;0m██                  
            [38;2;0;0;0m██[38;2;0;0;0m██[38;2;139;98;172m██[38;2;0;0;0m██[38;2;255;238;49m██[38;2;0;0;0m██[38;2;139;98;172m██[38;2;0;0;0m██[38;2;0;0;0m██              
            [38;2;0;0;0m██[38;2;180;139;213m██[38;2;65;65;65m██[38;2;205;189;49m██[38;2;255;238;49m██[38;2;205;189;49m██[38;2;65;65;65m██[38;2;180;139;213m██[38;2;0;0;0m██              
          [38;2;0;0;0m██[38;2;65;65;65m██[38;2;65;65;65m██[38;2;180;139;213m██[38;2;65;65;65m██[38;2;205;189;49m██[38;2;65;65;65m██[38;2;180;139;213m██[38;2;65;65;65m██[38;2;0;0;0m██              
        [38;2;0;0;0m██[38;2;180;139;213m██[38;2;180;139;213m██[38;2;180;139;213m██[38;2;139;98;172m██[38;2;180;139;213m██[38;2;139;98;172m██[38;2;180;139;213m██[38;2;139;98;172m██[38;2;180;139;213m██[38;2;180;139;213m██[38;2;0;0;0m██            
      [38;2;0;0;0m██[38;2;180;230;238m██[38;2;65;65;65m██[38;2;180;139;213m██[38;2;180;139;213m██[38;2;180;139;213m██[38;2;180;139;213m██[38;2;180;139;213m██[38;2;180;139;213m██[38;2;180;139;213m██[38;2;180;139;213m██[38;2;180;139;213m██[38;2;180;139;213m██[38;2;0;0;0m██          
      [38;2;0;0;0m██[38;2;65;65;65m██[38;2;222;189;246m██[38;2;180;230;238m██[38;2;180;230;238m██[38;2;180;139;213m██[38;2;180;139;213m██[38;2;180;139;213m██[38;2;180;230;238m██[38;2;180;139;213m██[38;2;180;139;213m██[38;2;180;230;238m██[38;2;65;65;65m██[38;2;180;230;238m██[38;2;0;0;0m██        
    [38;2;0;0;0m██[38;2;180;230;238m██[38;2;65;65;65m██[38;2;115;172;172m██[38;2;115;172;172m██[38;2;180;230;238m██[38;2;180;230;238m██[38;2;180;139;213m██[38;2;180;230;238m██[38;2;180;230;238m██[38;2;115;172;172m██[38;2;65;65;65m██[38;2;180;230;238m██[38;2;222;189;246m██[38;2;65;65;65m██[38;2;0;0;0m██        
    [38;2;0;0;0m██[38;2;180;230;238m██[38;2;65;65;65m██[38;2;180;230;238m██[38;2;180;230;238m██[38;2;180;230;238m██[38;2;180;230;238m██[38;2;65;65;65m██[38;2;180;230;238m██[38;2;180;230;238m██[38;2;180;230;238m██[38;2;222;189;246m██[38;2;65;65;65m██[38;2;115;172;172m██[38;2;65;65;65m██[38;2;180;230;238m██[38;2;0;0;0m██      
    [38;2;0;0;0m██[38;2;65;65;65m██[38;2;222;189;246m██[38;2;180;230;238m██[38;2;180;230;238m██[38;2;180;230;238m██[38;2;180;230;238m██[38;2;65;65;65m██[38;2;180;230;238m██[38;2;180;230;238m██[38;2;65;65;65m██[38;2;65;65;65m██[38;2;180;230;238m██[38;2;180;230;238m██[38;2;65;65;65m██[38;2;180;230;238m██[38;2;0;0;0m██      
    [38;2;0;0;0m██[38;2;65;65;65m██[38;2;115;172;172m██[38;2;115;172;172m██[38;2;180;230;238m██[38;2;180;230;238m██[38;2;0;0;0m██[38;2;65;65;65m██[38;2;180;230;238m██[38;2;180;230;238m██[38;2;180;230;238m██[38;2;65;65;65m██[38;2;180;230;238m██[38;2;180;230;238m██[38;2;222;189;246m██[38;2;65;65;65m██[38;2;180;230;238m██[38;2;0;0;0m██[38;2;0;0;0m██  
    [38;2;0;0;0m██[38;2;180;230;238m██[38;2;65;65;65m██[38;2;65;65;65m██[38;2;180;230;238m██[38;2;180;230;238m██[38;2;0;0;0m██[38;2;255;238;49m██[38;2;180;230;238m██[38;2;180;230;238m██[38;2;180;230;238m██[38;2;115;172;172m██[38;2;65;65;65m██[38;2;180;230;238m██[38;2;115;172;172m██[38;2;65;65;65m██[38;2;115;172;172m██[38;2;115;172;172m██[38;2;115;172;172m██[38;2;0;0;0m██
  [38;2;0;0;0m██[38;2;180;230;238m██[38;2;180;230;238m██[38;2;115;172;172m██[38;2;180;139;213m██[38;2;65;65;65m██[38;2;65;65;65m██[38;2;255;238;49m██[38;2;255;238;49m██[38;2;180;230;238m██[38;2;180;230;238m██[38;2;180;230;238m██[38;2;180;230;238m██[38;2;222;189;246m██[38;2;65;65;65m██[38;2;180;230;238m██[38;2;180;230;238m██[38;2;65;65;65m██[38;2;115;172;172m██[38;2;115;172;172m██[38;2;0;0;0m██
  [38;2;0;0;0m██[38;2;180;230;238m██[38;2;180;230;238m██[38;2;180;230;238m██[38;2;65;65;65m██[38;2;180;139;213m██[38;2;180;139;213m██[38;2;180;139;213m██[38;2;180;139;213m██[38;2;65;65;65m██[38;2;180;230;238m██[38;2;180;230;238m██[38;2;115;172;172m██[38;2;65;65;65m██[38;2;65;65;65m██[38;2;180;230;238m██[38;2;180;230;238m██[38;2;65;65;65m██[38;2;65;65;65m██[38;2;0;0;0m██  
[38;2;0;0;0m██[38;2;180;230;238m██[38;2;180;230;238m██[38;2;180;230;238m██[38;2;65;65;65m██[38;2;115;172;172m██[38;2;65;65;65m██[38;2;65;65;65m██[38;2;255;255;255m██[38;2;65;65;65m██[38;2;65;65;65m██[38;2;180;230;238m██[38;2;180;230;238m██[38;2;180;230;238m██[38;2;180;230;238m██[38;2;65;65;65m██[38;2;180;230;238m██[38;2;180;230;238m██[38;2;180;230;238m██[38;2;0;0;0m██    
[38;2;0;0;0m██[38;2;65;65;65m██[38;2;180;230;238m██[38;2;180;230;238m██[38;2;0;0;0m██[38;2;115;172;172m██[38;2;65;65;65m██[38;2;180;139;213m██[38;2;139;98;172m██[38;2;139;98;172m██[38;2;180;139;213m██[38;2;65;65;65m██[38;2;180;230;238m██[38;2;180;230;238m██[38;2;180;230;238m██[38;2;180;230;238m██[38;2;65;65;65m██[38;2;115;172;172m██[38;2;222;189;246m██[38;2;0;0;0m██    
  [38;2;0;0;0m██[38;2;0;0;0m██[38;2;0;0;0m██  [38;2;0;0;0m██[38;2;180;139;213m██[38;2;180;139;213m██[38;2;180;139;213m██[38;2;180;139;213m██[38;2;180;139;213m██[38;2;65;65;65m██[38;2;180;230;238m██[38;2;180;230;238m██[38;2;180;230;238m██[38;2;180;230;238m██[38;2;65;65;65m██[38;2;0;0;0m██[38;2;0;0;0m██      
          [38;2;0;0;0m██[38;2;65;65;65m██[38;2;180;139;213m██[38;2;139;98;172m██[38;2;180;139;213m██[38;2;180;139;213m██[38;2;180;139;213m██[38;2;0;0;0m██[38;2;180;230;238m██[38;2;115;172;172m██[38;2;222;189;246m██[38;2;0;0;0m██          
            [38;2;0;0;0m██[38;2;0;0;0m██[38;2;0;0;0m██[38;2;180;139;213m██[38;2;180;139;213m██[38;2;0;0;0m██  [38;2;0;0;0m██[38;2;0;0;0m██[38;2;0;0;0m██            
                  [38;2;0;0;0m██[38;2;0;0;0m██                      
