          [38;2;0;0;0m██                              
        [38;2;0;0;0m██[38;2;247;230;173m██[38;2;0;0;0m██    [38;2;0;0;0m██                      
      [38;2;0;0;0m██[38;2;0;0;0m██[38;2;214;197;107m██[38;2;0;0;0m██  [38;2;0;0;0m██[38;2;247;230;173m██[38;2;0;0;0m██[38;2;0;0;0m██[38;2;0;0;0m██                
      [38;2;0;0;0m██[38;2;65;65;65m██[38;2;214;197;107m██[38;2;0;0;0m██[38;2;0;0;0m██[38;2;0;0;0m██[38;2;247;230;173m██[38;2;0;0;0m██[38;2;65;65;65m██[38;2;65;65;65m██[38;2;0;0;0m██              
[38;2;0;0;0m██[38;2;0;0;0m██  [38;2;0;0;0m██[38;2;65;65;65m██[38;2;181;156;74m██[38;2;181;156;74m██[38;2;115;115;115m██[38;2;214;197;107m██[38;2;214;197;107m██[38;2;65;65;65m██[38;2;189;123;49m██[38;2;65;65;65m██[38;2;0;0;0m██              
[38;2;0;0;0m██[38;2;214;197;107m██[38;2;0;0;0m██[38;2;0;0;0m██[38;2;181;156;74m██[38;2;247;230;41m██[38;2;247;230;41m██[38;2;181;156;74m██[38;2;247;230;173m██[38;2;65;65;65m██[38;2;189;123;49m██[38;2;189;123;49m██[38;2;65;65;65m██[38;2;0;0;0m██              
  [38;2;0;0;0m██[38;2;214;197;107m██[38;2;214;197;107m██[38;2;181;156;74m██[38;2;181;156;74m██[38;2;181;156;74m██[38;2;181;156;74m██[38;2;247;230;173m██[38;2;65;65;65m██[38;2;189;123;49m██[38;2;65;65;65m██[38;2;0;0;0m██                
[38;2;0;0;0m██[38;2;0;0;0m██[38;2;65;65;65m██[38;2;65;65;65m██[38;2;181;156;74m██[38;2;247;230;41m██[38;2;247;230;41m██[38;2;181;156;74m██[38;2;214;197;107m██[38;2;214;197;107m██[38;2;247;230;173m██[38;2;65;65;65m██[38;2;0;0;0m██  [38;2;0;0;0m██[38;2;0;0;0m██[38;2;0;0;0m██        
[38;2;0;0;0m██[38;2;181;156;74m██[38;2;181;156;74m██[38;2;0;0;0m██[38;2;247;230;173m██[38;2;181;156;74m██[38;2;181;156;74m██[38;2;214;197;107m██[38;2;255;255;255m██[38;2;255;255;255m██[38;2;214;197;107m██[38;2;214;197;107m██[38;2;0;0;0m██[38;2;0;0;0m██[38;2;247;230;173m██[38;2;247;230;173m██[38;2;0;0;0m██        
  [38;2;0;0;0m██[38;2;65;65;65m██[38;2;0;0;0m██[38;2;247;230;173m██[38;2;247;230;173m██[38;2;247;230;173m██[38;2;255;255;255m██[38;2;0;0;0m██[38;2;255;255;255m██[38;2;255;255;255m██[38;2;181;156;74m██[38;2;247;230;173m██[38;2;247;230;173m██[38;2;65;65;65m██[38;2;0;0;0m██  [38;2;0;0;0m██[38;2;0;0;0m██    
    [38;2;0;0;0m██[38;2;247;230;173m██[38;2;247;230;173m██[38;2;247;230;173m██[38;2;214;197;107m██[38;2;255;255;255m██[38;2;0;0;0m██[38;2;255;255;255m██[38;2;214;197;107m██[38;2;214;197;107m██[38;2;181;156;74m██[38;2;65;65;65m██[38;2;0;0;0m██  [38;2;0;0;0m██[38;2;189;123;49m██[38;2;189;123;49m██[38;2;0;0;0m██  
      [38;2;0;0;0m██[38;2;214;197;107m██[38;2;247;230;173m██[38;2;247;230;173m██[38;2;181;156;74m██[38;2;181;156;74m██[38;2;181;156;74m██[38;2;214;197;107m██[38;2;65;65;65m██[38;2;214;197;107m██[38;2;214;197;107m██[38;2;214;197;107m██[38;2;0;0;0m██[38;2;189;123;49m██[38;2;189;123;49m██[38;2;148;90;49m██[38;2;189;123;49m██[38;2;0;0;0m██
    [38;2;0;0;0m██[38;2;214;197;107m██[38;2;65;65;65m██[38;2;65;65;65m██[38;2;214;197;107m██[38;2;214;197;107m██[38;2;65;65;65m██[38;2;214;197;107m██[38;2;65;65;65m██[38;2;0;0;0m██[38;2;0;0;0m██[38;2;0;0;0m██[38;2;0;0;0m██[38;2;0;0;0m██[38;2;189;123;49m██[38;2;189;123;49m██[38;2;148;90;49m██[38;2;189;123;49m██[38;2;0;0;0m██
  [38;2;0;0;0m██[38;2;214;197;107m██[38;2;247;230;173m██[38;2;214;197;107m██[38;2;181;156;74m██[38;2;65;65;65m██[38;2;65;65;65m██[38;2;214;197;107m██[38;2;65;65;65m██[38;2;0;0;0m██[38;2;0;0;0m██        [38;2;0;0;0m██[38;2;148;90;49m██[38;2;189;123;49m██[38;2;0;0;0m██  
  [38;2;0;0;0m██[38;2;65;65;65m██[38;2;214;197;107m██[38;2;0;0;0m██[38;2;0;0;0m██[38;2;0;0;0m██[38;2;214;197;107m██[38;2;65;65;65m██[38;2;65;65;65m██[38;2;247;230;173m██[38;2;247;230;173m██[38;2;0;0;0m██    [38;2;0;0;0m██[38;2;189;123;49m██[38;2;189;123;49m██[38;2;0;0;0m██    
    [38;2;0;0;0m██[38;2;0;0;0m██    [38;2;0;0;0m██[38;2;214;197;107m██[38;2;65;65;65m██[38;2;247;230;173m██[38;2;214;197;107m██[38;2;65;65;65m██[38;2;0;0;0m██[38;2;0;0;0m██[38;2;0;0;0m██[38;2;214;197;107m██[38;2;214;197;107m██[38;2;0;0;0m██      
          [38;2;0;0;0m██[38;2;65;65;65m██[38;2;65;65;65m██[38;2;214;197;107m██[38;2;65;65;65m██[38;2;65;65;65m██[38;2;65;65;65m██[38;2;181;156;74m██[38;2;181;156;74m██[38;2;181;156;74m██[38;2;0;0;0m██[38;2;0;0;0m██        
        [38;2;0;0;0m██[38;2;148;90;49m██[38;2;148;90;49m██[38;2;0;0;0m██[38;2;0;0;0m██[38;2;214;197;107m██[38;2;65;65;65m██[38;2;214;197;107m██[38;2;0;0;0m██[38;2;0;0;0m██[38;2;0;0;0m██            
          [38;2;0;0;0m██[38;2;0;0;0m██    [38;2;0;0;0m██[38;2;189;123;49m██[38;2;189;123;49m██[38;2;0;0;0m██                
                [38;2;0;0;0m██[38;2;189;123;49m██[38;2;189;123;49m██[38;2;0;0;0m██                  
                  [38;2;0;0;0m██[38;2;0;0;0m██                    
