          [38;2;0;0;0m██                              
        [38;2;0;0;0m██[38;2;172;180;205m██[38;2;0;0;0m██    [38;2;0;0;0m██                      
        [38;2;0;0;0m██[38;2;139;139;148m██[38;2;0;0;0m██  [38;2;0;0;0m██[38;2;172;180;205m██[38;2;0;0;0m██[38;2;0;0;0m██[38;2;0;0;0m██                
      [38;2;0;0;0m██[38;2;65;90;98m██[38;2;139;139;148m██[38;2;0;0;0m██[38;2;0;0;0m██[38;2;0;0;0m██[38;2;172;180;205m██[38;2;0;0;0m██[38;2;65;90;98m██[38;2;65;90;98m██[38;2;0;0;0m██              
[38;2;0;0;0m██[38;2;0;0;0m██  [38;2;0;0;0m██[38;2;65;90;98m██[38;2;180;156;74m██[38;2;180;156;74m██[38;2;65;65;65m██[38;2;139;139;148m██[38;2;139;139;148m██[38;2;65;90;98m██[38;2;213;213;213m██[38;2;65;90;98m██[38;2;0;0;0m██              
[38;2;0;0;0m██[38;2;139;139;148m██[38;2;0;0;0m██[38;2;0;0;0m██[38;2;180;156;74m██[38;2;246;230;41m██[38;2;246;230;41m██[38;2;180;156;74m██[38;2;172;180;205m██[38;2;65;90;98m██[38;2;213;213;213m██[38;2;213;213;213m██[38;2;65;90;98m██[38;2;0;0;0m██              
  [38;2;0;0;0m██[38;2;139;139;148m██[38;2;139;139;148m██[38;2;180;156;74m██[38;2;180;156;74m██[38;2;180;156;74m██[38;2;180;156;74m██[38;2;172;180;205m██[38;2;65;90;98m██[38;2;213;213;213m██[38;2;65;90;98m██[38;2;0;0;0m██                
  [38;2;0;0;0m██[38;2;65;65;65m██[38;2;172;180;205m██[38;2;180;156;74m██[38;2;246;230;41m██[38;2;246;230;41m██[38;2;180;156;74m██[38;2;139;139;148m██[38;2;139;139;148m██[38;2;172;180;205m██[38;2;65;90;98m██[38;2;0;0;0m██  [38;2;0;0;0m██[38;2;0;0;0m██          
[38;2;0;0;0m██[38;2;65;65;65m██[38;2;255;255;255m██[38;2;0;0;0m██[38;2;172;180;205m██[38;2;180;156;74m██[38;2;180;156;74m██[38;2;139;139;148m██[38;2;172;180;205m██[38;2;172;180;205m██[38;2;139;139;148m██[38;2;139;139;148m██[38;2;0;0;0m██[38;2;0;0;0m██[38;2;172;180;205m██[38;2;0;0;0m██          
  [38;2;0;0;0m██[38;2;255;255;255m██[38;2;0;0;0m██[38;2;172;180;205m██[38;2;172;180;205m██[38;2;172;180;205m██[38;2;65;65;65m██[38;2;0;0;0m██[38;2;65;65;65m██[38;2;65;65;65m██[38;2;65;65;65m██[38;2;172;180;205m██[38;2;172;180;205m██[38;2;0;0;0m██    [38;2;0;0;0m██[38;2;0;0;0m██    
    [38;2;0;0;0m██[38;2;172;180;205m██[38;2;172;180;205m██[38;2;172;180;205m██[38;2;139;139;148m██[38;2;255;255;255m██[38;2;0;0;0m██[38;2;255;255;255m██[38;2;65;65;65m██[38;2;139;139;148m██[38;2;65;65;65m██[38;2;0;0;0m██    [38;2;0;0;0m██[38;2;213;213;213m██[38;2;213;213;213m██[38;2;0;0;0m██  
      [38;2;0;0;0m██[38;2;139;139;148m██[38;2;172;180;205m██[38;2;172;180;205m██[38;2;255;255;255m██[38;2;255;255;255m██[38;2;65;65;65m██[38;2;139;139;148m██[38;2;65;65;65m██[38;2;139;139;148m██[38;2;139;139;148m██[38;2;0;0;0m██[38;2;0;0;0m██[38;2;213;213;213m██[38;2;213;213;213m██[38;2;65;65;65m██[38;2;213;213;213m██[38;2;0;0;0m██
    [38;2;0;0;0m██[38;2;139;139;148m██[38;2;65;65;65m██[38;2;65;65;65m██[38;2;139;139;148m██[38;2;139;139;148m██[38;2;65;65;65m██[38;2;139;139;148m██[38;2;65;65;65m██[38;2;0;0;0m██[38;2;0;0;0m██[38;2;0;0;0m██  [38;2;0;0;0m██[38;2;213;213;213m██[38;2;213;213;213m██[38;2;65;65;65m██[38;2;213;213;213m██[38;2;0;0;0m██
  [38;2;0;0;0m██[38;2;139;139;148m██[38;2;172;180;205m██[38;2;139;139;148m██[38;2;65;65;65m██[38;2;65;65;65m██[38;2;65;65;65m██[38;2;139;139;148m██[38;2;65;65;65m██[38;2;0;0;0m██[38;2;0;0;0m██        [38;2;0;0;0m██[38;2;65;65;65m██[38;2;213;213;213m██[38;2;0;0;0m██  
  [38;2;0;0;0m██[38;2;65;65;65m██[38;2;139;139;148m██[38;2;0;0;0m██[38;2;0;0;0m██[38;2;0;0;0m██[38;2;139;139;148m██[38;2;65;65;65m██[38;2;65;65;65m██[38;2;172;180;205m██[38;2;172;180;205m██[38;2;0;0;0m██    [38;2;0;0;0m██[38;2;213;213;213m██[38;2;213;213;213m██[38;2;0;0;0m██    
    [38;2;0;0;0m██[38;2;0;0;0m██    [38;2;0;0;0m██[38;2;139;139;148m██[38;2;65;65;65m██[38;2;172;180;205m██[38;2;139;139;148m██[38;2;65;65;65m██[38;2;0;0;0m██[38;2;0;0;0m██[38;2;0;0;0m██[38;2;139;139;148m██[38;2;139;139;148m██[38;2;0;0;0m██      
          [38;2;0;0;0m██[38;2;65;65;65m██[38;2;65;65;65m██[38;2;139;139;148m██[38;2;65;65;65m██[38;2;65;65;65m██[38;2;65;65;65m██[38;2;139;139;148m██[38;2;139;139;148m██[38;2;139;139;148m██[38;2;0;0;0m██[38;2;0;0;0m██        
        [38;2;0;0;0m██[38;2;213;213;213m██[38;2;213;213;213m██[38;2;0;0;0m██[38;2;0;0;0m██[38;2;139;139;148m██[38;2;65;65;65m██[38;2;139;139;148m██[38;2;0;0;0m██[38;2;0;0;0m██[38;2;0;0;0m██            
          [38;2;0;0;0m██[38;2;0;0;0m██    [38;2;0;0;0m██[38;2;213;213;213m██[38;2;213;213;213m██[38;2;0;0;0m██                
                [38;2;0;0;0m██[38;2;213;213;213m██[38;2;213;213;213m██[38;2;0;0;0m██                  
                  [38;2;0;0;0m██[38;2;0;0;0m██                    
