                                      [38;2;0;0;0m██[38;2;0;0;0m██  [38;2;0;0;0m██[38;2;0;0;0m██  
        [38;2;0;0;0m██                          [38;2;0;0;0m██[38;2;123;123;123m██[38;2;0;0;0m██[38;2;0;0;0m██[38;2;123;123;123m██[38;2;0;0;0m██[38;2;0;0;0m██
      [38;2;0;0;0m██[38;2;123;123;123m██[38;2;0;0;0m██      [38;2;0;0;0m██              [38;2;0;0;0m██[38;2;123;123;123m██[38;2;65;65;65m██[38;2;123;123;123m██[38;2;123;123;123m██[38;2;65;65;65m██[38;2;123;123;123m██[38;2;0;0;0m██
      [38;2;0;0;0m██[38;2;123;123;123m██[38;2;0;0;0m██    [38;2;0;0;0m██[38;2;197;197;206m██[38;2;0;0;0m██          [38;2;0;0;0m██[38;2;123;123;123m██[38;2;123;123;123m██[38;2;123;123;123m██[38;2;123;123;123m██[38;2;123;123;123m██[38;2;123;123;123m██[38;2;0;0;0m██  
    [38;2;0;0;0m██[38;2;123;123;123m██[38;2;123;123;123m██[38;2;0;0;0m██  [38;2;0;0;0m██[38;2;197;197;206m██[38;2;197;197;206m██[38;2;0;0;0m██          [38;2;0;0;0m██[38;2;123;123;123m██[38;2;123;123;123m██[38;2;123;123;123m██[38;2;123;123;123m██[38;2;0;0;0m██[38;2;0;0;0m██    
  [38;2;0;0;0m██[38;2;123;123;123m██[38;2;123;123;123m██[38;2;65;65;65m██[38;2;65;65;65m██[38;2;0;0;0m██[38;2;197;197;206m██[38;2;197;197;206m██[38;2;65;65;65m██[38;2;0;0;0m██            [38;2;0;0;0m██[38;2;123;123;123m██[38;2;123;123;123m██[38;2;0;0;0m██        
  [38;2;0;0;0m██[38;2;123;123;123m██[38;2;65;65;65m██[38;2;197;197;206m██[38;2;197;197;206m██[38;2;65;65;65m██[38;2;197;197;206m██[38;2;65;65;65m██[38;2;65;65;65m██[38;2;0;0;0m██          [38;2;0;0;0m██[38;2;0;0;0m██[38;2;123;123;123m██[38;2;0;0;0m██          
    [38;2;0;0;0m██[38;2;197;197;206m██[38;2;197;197;206m██[38;2;123;123;123m██[38;2;123;123;123m██[38;2;197;197;206m██[38;2;65;65;65m██[38;2;165;165;173m██[38;2;65;65;65m██[38;2;0;0;0m██      [38;2;0;0;0m██[38;2;123;123;123m██[38;2;123;123;123m██[38;2;65;65;65m██[38;2;0;0;0m██          
    [38;2;0;0;0m██[38;2;197;197;206m██[38;2;123;123;123m██[38;2;123;123;123m██[38;2;197;197;206m██[38;2;197;197;206m██[38;2;197;197;206m██[38;2;65;65;65m██[38;2;123;123;123m██[38;2;65;65;65m██[38;2;0;0;0m██[38;2;0;0;0m██[38;2;0;0;0m██[38;2;123;123;123m██[38;2;123;123;123m██[38;2;123;123;123m██[38;2;123;123;123m██[38;2;123;123;123m██[38;2;0;0;0m██        
  [38;2;0;0;0m██[38;2;197;197;206m██[38;2;197;197;206m██[38;2;123;123;123m██[38;2;197;197;206m██[38;2;165;66;49m██[38;2;247;247;41m██[38;2;197;197;206m██[38;2;197;197;206m██[38;2;65;65;65m██[38;2;123;123;123m██[38;2;65;65;65m██[38;2;123;123;123m██[38;2;123;123;123m██[38;2;123;123;123m██[38;2;123;123;123m██[38;2;123;123;123m██[38;2;123;123;123m██[38;2;65;65;65m██[38;2;0;0;0m██        
[38;2;0;0;0m██[38;2;197;197;206m██[38;2;197;197;206m██[38;2;197;197;206m██[38;2;197;197;206m██[38;2;0;0;0m██[38;2;247;99;82m██[38;2;247;247;41m██[38;2;123;123;123m██[38;2;197;197;206m██[38;2;65;65;65m██[38;2;123;123;123m██[38;2;123;123;123m██[38;2;65;65;65m██[38;2;65;65;65m██[38;2;65;65;65m██[38;2;65;65;65m██[38;2;65;65;65m██[38;2;123;123;123m██[38;2;123;123;123m██[38;2;123;123;123m██[38;2;0;0;0m██      
[38;2;0;0;0m██[38;2;247;99;82m██[38;2;165;66;49m██[38;2;197;197;206m██[38;2;197;197;206m██[38;2;197;197;206m██[38;2;247;247;41m██[38;2;123;123;123m██[38;2;123;123;123m██[38;2;65;65;65m██[38;2;123;123;123m██[38;2;123;123;123m██[38;2;65;65;65m██[38;2;65;65;65m██[38;2;165;165;173m██[38;2;165;165;173m██[38;2;165;165;173m██[38;2;197;197;206m██[38;2;65;65;65m██[38;2;65;65;65m██[38;2;0;0;0m██[38;2;0;0;0m██      
  [38;2;0;0;0m██[38;2;197;197;206m██[38;2;197;197;206m██[38;2;123;123;123m██[38;2;123;123;123m██[38;2;197;197;206m██[38;2;197;197;206m██[38;2;165;165;173m██[38;2;65;65;65m██[38;2;65;65;65m██[38;2;123;123;123m██[38;2;65;65;65m██[38;2;165;165;173m██[38;2;165;165;173m██[38;2;165;165;173m██[38;2;197;197;206m██[38;2;197;197;206m██[38;2;197;197;206m██[38;2;165;165;173m██[38;2;0;0;0m██        
    [38;2;0;0;0m██[38;2;0;0;0m██[38;2;0;0;0m██[38;2;197;197;206m██[38;2;123;123;123m██[38;2;165;165;173m██[38;2;165;165;173m██[38;2;165;165;173m██[38;2;65;65;65m██[38;2;65;65;65m██[38;2;165;165;173m██[38;2;165;165;173m██[38;2;165;165;173m██[38;2;165;165;173m██[38;2;123;123;123m██[38;2;197;197;206m██[38;2;197;197;206m██[38;2;65;65;65m██[38;2;0;0;0m██        
          [38;2;0;0;0m██[38;2;165;165;173m██[38;2;165;165;173m██[38;2;165;165;173m██[38;2;165;165;173m██[38;2;197;197;206m██[38;2;123;123;123m██[38;2;165;165;173m██[38;2;165;165;173m██[38;2;123;123;123m██[38;2;0;0;0m██[38;2;0;0;0m██[38;2;65;65;65m██[38;2;65;65;65m██[38;2;123;123;123m██[38;2;65;65;65m██[38;2;0;0;0m██      
        [38;2;0;0;0m██[38;2;0;0;0m██[38;2;65;65;65m██[38;2;65;65;65m██[38;2;165;165;173m██[38;2;197;197;206m██[38;2;197;197;206m██[38;2;197;197;206m██[38;2;123;123;123m██[38;2;0;0;0m██[38;2;0;0;0m██  [38;2;0;0;0m██[38;2;197;197;206m██[38;2;65;65;65m██[38;2;123;123;123m██[38;2;123;123;123m██[38;2;0;0;0m██      
      [38;2;0;0;0m██[38;2;197;197;206m██[38;2;123;123;123m██[38;2;123;123;123m██[38;2;65;65;65m██[38;2;65;65;65m██[38;2;123;123;123m██[38;2;197;197;206m██[38;2;197;197;206m██[38;2;123;123;123m██[38;2;0;0;0m██      [38;2;0;0;0m██[38;2;197;197;206m██[38;2;123;123;123m██[38;2;197;197;206m██[38;2;0;0;0m██      
      [38;2;0;0;0m██[38;2;65;65;65m██[38;2;197;197;206m██[38;2;65;65;65m██[38;2;65;65;65m██[38;2;65;65;65m██[38;2;123;123;123m██[38;2;123;123;123m██[38;2;123;123;123m██[38;2;65;65;65m██[38;2;0;0;0m██        [38;2;0;0;0m██[38;2;0;0;0m██[38;2;0;0;0m██        
        [38;2;0;0;0m██[38;2;0;0;0m██[38;2;0;0;0m██[38;2;0;0;0m██[38;2;197;197;206m██[38;2;123;123;123m██[38;2;123;123;123m██[38;2;65;65;65m██[38;2;0;0;0m██                        
                [38;2;0;0;0m██[38;2;197;197;206m██[38;2;123;123;123m██[38;2;197;197;206m██[38;2;0;0;0m██                        
                  [38;2;0;0;0m██[38;2;0;0;0m██[38;2;0;0;0m██                          
