            [38;2;0;0;0m██[38;2;0;0;0m██            
          [38;2;0;0;0m██[38;2;255;255;255m██[38;2;255;255;255m██[38;2;0;0;0m██          
          [38;2;0;0;0m██[38;2;255;255;255m██[38;2;255;255;255m██[38;2;0;0;0m██          
            [38;2;0;0;0m██[38;2;65;65;65m██[38;2;99;123;239m██[38;2;0;0;0m██        
          [38;2;0;0;0m██[38;2;99;123;239m██[38;2;99;123;239m██[38;2;99;123;239m██[38;2;0;0;0m██        
      [38;2;0;0;0m██[38;2;0;0;0m██[38;2;65;65;65m██[38;2;99;123;239m██[38;2;99;123;239m██[38;2;82;90;222m██[38;2;82;90;222m██[38;2;0;0;0m██      
    [38;2;0;0;0m██[38;2;99;123;239m██[38;2;99;123;239m██[38;2;99;123;239m██[38;2;82;90;222m██[38;2;99;123;239m██[38;2;99;123;239m██[38;2;99;123;239m██[38;2;0;0;0m██      
    [38;2;0;0;0m██[38;2;99;123;239m██[38;2;99;123;239m██[38;2;99;123;239m██[38;2;99;123;239m██[38;2;99;123;239m██[38;2;99;123;239m██[38;2;82;90;222m██[38;2;0;0;0m██      
  [38;2;0;0;0m██[38;2;0;0;0m██[38;2;82;90;222m██[38;2;82;90;222m██[38;2;82;90;222m██[38;2;82;90;222m██[38;2;99;123;239m██[38;2;99;123;239m██[38;2;99;123;239m██[38;2;99;123;239m██[38;2;0;0;0m██    
[38;2;0;0;0m██[38;2;99;123;239m██[38;2;82;90;222m██[38;2;255;206;197m██[38;2;255;206;197m██[38;2;255;206;197m██[38;2;255;206;197m██[38;2;82;90;222m██[38;2;99;123;239m██[38;2;82;90;222m██[38;2;99;123;239m██[38;2;99;123;239m██[38;2;0;0;0m██  
[38;2;0;0;0m██[38;2;82;90;222m██[38;2;255;206;197m██[38;2;255;206;197m██[38;2;255;206;197m██[38;2;255;206;197m██[38;2;255;206;197m██[38;2;255;206;197m██[38;2;82;90;222m██[38;2;99;123;239m██[38;2;99;123;239m██[38;2;99;123;239m██[38;2;0;0;0m██  
[38;2;0;0;0m██[38;2;82;90;222m██[38;2;65;65;65m██[38;2;65;65;65m██[38;2;255;206;197m██[38;2;255;206;197m██[38;2;0;0;0m██[38;2;255;206;197m██[38;2;82;90;222m██[38;2;99;123;239m██[38;2;99;123;239m██[38;2;99;123;239m██[38;2;0;0;0m██  
  [38;2;0;0;0m██[38;2;239;132;82m██[38;2;214;82;66m██[38;2;65;65;65m██[38;2;255;206;197m██[38;2;0;0;0m██[38;2;255;206;197m██[38;2;82;90;222m██[38;2;82;90;222m██[38;2;99;123;239m██[38;2;0;0;0m██    
  [38;2;0;0;0m██[38;2;65;65;65m██[38;2;214;82;66m██[38;2;214;82;66m██[38;2;255;206;197m██[38;2;255;206;197m██[38;2;255;206;197m██[38;2;255;206;197m██[38;2;65;65;65m██[38;2;0;0;0m██      
[38;2;0;0;0m██[38;2;222;165;165m██[38;2;65;65;65m██[38;2;65;65;65m██[38;2;255;206;197m██[38;2;255;206;197m██[38;2;255;206;197m██[38;2;65;65;65m██[38;2;65;65;65m██[38;2;0;0;0m██        
[38;2;0;0;0m██[38;2;197;132;132m██[38;2;222;165;165m██[38;2;65;65;65m██[38;2;65;65;65m██[38;2;65;65;65m██[38;2;65;65;65m██[38;2;65;65;65m██[38;2;222;165;165m██[38;2;65;65;65m██[38;2;0;0;0m██[38;2;0;0;0m██[38;2;0;0;0m██  
  [38;2;0;0;0m██[38;2;65;65;65m██[38;2;65;65;65m██[38;2;214;82;66m██[38;2;214;82;66m██[38;2;255;206;197m██[38;2;255;206;197m██[38;2;65;65;65m██[38;2;222;165;165m██[38;2;65;65;65m██[38;2;255;206;197m██[38;2;222;165;165m██[38;2;0;0;0m██
    [38;2;0;0;0m██[38;2;255;206;197m██[38;2;214;82;66m██[38;2;214;82;66m██[38;2;255;206;197m██[38;2;255;206;197m██[38;2;222;165;165m██[38;2;0;0;0m██[38;2;0;0;0m██[38;2;222;165;165m██[38;2;255;206;197m██[38;2;0;0;0m██
      [38;2;0;0;0m██[38;2;255;206;197m██[38;2;222;165;165m██[38;2;255;206;197m██[38;2;222;165;165m██[38;2;65;65;65m██[38;2;0;0;0m██  [38;2;0;0;0m██[38;2;0;0;0m██  
        [38;2;0;0;0m██[38;2;0;0;0m██[38;2;99;123;239m██[38;2;99;123;239m██[38;2;0;0;0m██          
            [38;2;0;0;0m██[38;2;0;0;0m██            
