                [38;2;0;0;0m██[38;2;0;0;0m██              
              [38;2;0;0;0m██[38;2;255;255;255m██[38;2;255;180;197m██[38;2;0;0;0m██            
            [38;2;0;0;0m██[38;2;255;180;197m██[38;2;255;255;255m██[38;2;255;255;255m██[38;2;156;82;115m██[38;2;0;0;0m██          
      [38;2;0;0;0m██[38;2;0;0;0m██[38;2;0;0;0m██[38;2;156;82;115m██[38;2;238;115;156m██[38;2;255;180;197m██[38;2;255;180;197m██[38;2;238;115;156m██[38;2;0;0;0m██          
    [38;2;0;0;0m██[38;2;255;222;230m██[38;2;205;90;131m██[38;2;156;82;115m██[38;2;238;115;156m██[38;2;238;115;156m██[38;2;238;115;156m██[38;2;238;115;156m██[38;2;238;115;156m██[38;2;156;82;115m██[38;2;0;0;0m██        
    [38;2;0;0;0m██[38;2;205;90;131m██[38;2;65;65;65m██[38;2;238;115;156m██[38;2;238;115;156m██[38;2;238;115;156m██[38;2;238;115;156m██[38;2;156;82;115m██[38;2;156;82;115m██[38;2;238;115;156m██[38;2;205;90;131m██[38;2;0;0;0m██      
  [38;2;0;0;0m██[38;2;205;90;131m██[38;2;65;65;65m██[38;2;238;115;156m██[38;2;238;115;156m██[38;2;156;82;115m██[38;2;205;90;131m██[38;2;238;115;156m██[38;2;238;115;156m██[38;2;238;115;156m██[38;2;238;115;156m██[38;2;238;115;156m██[38;2;156;82;115m██[38;2;0;0;0m██[38;2;0;0;0m██  
  [38;2;0;0;0m██[38;2;255;222;230m██[38;2;156;82;115m██[38;2;238;115;156m██[38;2;238;115;156m██[38;2;156;82;115m██[38;2;156;82;115m██[38;2;238;115;156m██[38;2;205;90;131m██[38;2;238;115;156m██[38;2;238;115;156m██[38;2;238;115;156m██[38;2;238;115;156m██[38;2;255;255;255m██[38;2;156;82;115m██[38;2;0;0;0m██
[38;2;0;0;0m██[38;2;255;180;197m██[38;2;255;222;230m██[38;2;255;222;230m██[38;2;205;90;131m██[38;2;238;115;156m██[38;2;238;115;156m██[38;2;238;115;156m██[38;2;205;90;131m██[38;2;255;222;230m██[38;2;205;90;131m██[38;2;238;115;156m██[38;2;238;115;156m██[38;2;238;115;156m██[38;2;255;222;230m██[38;2;255;255;255m██[38;2;0;0;0m██
[38;2;0;0;0m██[38;2;255;180;197m██[38;2;255;255;255m██[38;2;255;222;230m██[38;2;205;90;131m██[38;2;238;115;156m██[38;2;238;115;156m██[38;2;205;90;131m██[38;2;205;90;131m██[38;2;205;90;131m██[38;2;255;222;230m██[38;2;205;90;131m██[38;2;238;115;156m██[38;2;238;115;156m██[38;2;255;222;230m██[38;2;65;65;65m██[38;2;0;0;0m██
[38;2;0;0;0m██[38;2;156;82;115m██[38;2;255;255;255m██[38;2;255;222;230m██[38;2;205;90;131m██[38;2;238;115;156m██[38;2;205;90;131m██[38;2;255;222;230m██[38;2;255;222;230m██[38;2;205;90;131m██[38;2;255;180;197m██[38;2;255;222;230m██[38;2;205;90;131m██[38;2;156;82;115m██[38;2;156;82;115m██[38;2;0;0;0m██  
  [38;2;0;0;0m██[38;2;255;222;230m██[38;2;205;90;131m██[38;2;255;222;230m██[38;2;205;90;131m██[38;2;255;222;230m██[38;2;255;255;255m██[38;2;255;255;255m██[38;2;255;222;230m██[38;2;255;180;197m██[38;2;255;222;230m██[38;2;205;90;131m██[38;2;205;90;131m██[38;2;0;0;0m██    
    [38;2;0;0;0m██[38;2;205;90;131m██[38;2;238;115;156m██[38;2;205;90;131m██[38;2;255;222;230m██[38;2;255;255;255m██[38;2;255;255;255m██[38;2;255;222;230m██[38;2;255;222;230m██[38;2;205;90;131m██[38;2;205;90;131m██[38;2;205;90;131m██[38;2;0;0;0m██    
    [38;2;0;0;0m██[38;2;255;222;230m██[38;2;156;82;115m██[38;2;238;115;156m██[38;2;205;90;131m██[38;2;255;222;230m██[38;2;255;222;230m██[38;2;255;222;230m██[38;2;205;90;131m██[38;2;238;115;156m██[38;2;238;115;156m██[38;2;156;82;115m██[38;2;0;0;0m██    
      [38;2;0;0;0m██[38;2;255;180;197m██[38;2;156;82;115m██[38;2;156;82;115m██[38;2;205;90;131m██[38;2;205;90;131m██[38;2;205;90;131m██[38;2;238;115;156m██[38;2;238;115;156m██[38;2;238;115;156m██[38;2;0;0;0m██      
        [38;2;0;0;0m██[38;2;0;0;0m██[38;2;0;0;0m██[38;2;65;65;65m██[38;2;156;82;115m██[38;2;205;90;131m██[38;2;205;90;131m██[38;2;238;115;156m██[38;2;255;255;255m██[38;2;0;0;0m██      
              [38;2;0;0;0m██[38;2;0;0;0m██[38;2;0;0;0m██[38;2;255;255;255m██[38;2;255;255;255m██[38;2;156;82;115m██[38;2;0;0;0m██      
                    [38;2;0;0;0m██[38;2;0;0;0m██[38;2;0;0;0m██        
