          [38;2;0;0;0m██[38;2;0;0;0m██                  
        [38;2;0;0;0m██[38;2;115;165;255m██[38;2;115;165;255m██[38;2;0;0;0m██                
      [38;2;0;0;0m██[38;2;115;165;255m██[38;2;115;165;255m██[38;2;115;165;255m██[38;2;0;0;0m██                
    [38;2;0;0;0m██[38;2;74;115;189m██[38;2;115;165;255m██[38;2;115;165;255m██[38;2;74;115;189m██[38;2;0;0;0m██                
    [38;2;0;0;0m██[38;2;115;165;255m██[38;2;115;165;255m██[38;2;74;115;189m██[38;2;0;0;0m██        [38;2;0;0;0m██[38;2;0;0;0m██[38;2;0;0;0m██[38;2;0;0;0m██  
    [38;2;0;0;0m██[38;2;255;255;123m██[38;2;74;115;189m██[38;2;0;0;0m██      [38;2;0;0;0m██[38;2;0;0;0m██[38;2;115;165;255m██[38;2;115;165;255m██[38;2;115;165;255m██[38;2;115;165;255m██[38;2;0;0;0m██
  [38;2;0;0;0m██[38;2;189;165;66m██[38;2;189;165;66m██[38;2;255;255;123m██[38;2;255;255;123m██[38;2;0;0;0m██[38;2;0;0;0m██[38;2;0;0;0m██[38;2;115;165;255m██[38;2;115;165;255m██[38;2;115;165;255m██[38;2;115;165;255m██[38;2;115;165;255m██[38;2;74;115;189m██[38;2;0;0;0m██
  [38;2;0;0;0m██[38;2;255;255;123m██[38;2;255;255;123m██[38;2;255;255;123m██[38;2;255;255;123m██[38;2;255;255;123m██[38;2;65;65;65m██[38;2;255;255;123m██[38;2;255;255;123m██[38;2;115;165;255m██[38;2;115;165;255m██[38;2;115;165;255m██[38;2;74;115;189m██[38;2;0;0;0m██  
[38;2;0;0;0m██[38;2;255;255;123m██[38;2;255;255;123m██[38;2;255;255;123m██[38;2;255;255;123m██[38;2;255;255;123m██[38;2;255;255;123m██[38;2;189;165;66m██[38;2;255;255;123m██[38;2;222;214;90m██[38;2;74;115;189m██[38;2;74;115;189m██[38;2;0;0;0m██[38;2;0;0;0m██    
[38;2;0;0;0m██[38;2;0;0;0m██[38;2;255;255;123m██[38;2;255;255;123m██[38;2;255;255;123m██[38;2;255;255;123m██[38;2;255;255;123m██[38;2;255;255;123m██[38;2;189;165;66m██[38;2;65;65;65m██[38;2;65;65;65m██[38;2;0;0;0m██        
[38;2;0;0;0m██[38;2;0;0;0m██[38;2;255;255;123m██[38;2;255;255;123m██[38;2;255;255;123m██[38;2;0;0;0m██[38;2;255;255;123m██[38;2;222;214;90m██[38;2;222;214;90m██[38;2;189;165;66m██[38;2;0;0;0m██          
[38;2;0;0;0m██[38;2;255;255;123m██[38;2;189;165;66m██[38;2;255;255;123m██[38;2;255;255;123m██[38;2;0;0;0m██[38;2;115;165;255m██[38;2;115;165;255m██[38;2;222;214;90m██[38;2;189;165;66m██[38;2;0;0;0m██          
  [38;2;0;0;0m██[38;2;255;255;123m██[38;2;255;255;123m██[38;2;255;255;123m██[38;2;115;165;255m██[38;2;222;214;90m██[38;2;222;214;90m██[38;2;74;115;189m██[38;2;0;0;0m██            
[38;2;0;0;0m██[38;2;74;115;189m██[38;2;65;65;65m██[38;2;189;165;66m██[38;2;222;214;90m██[38;2;222;214;90m██[38;2;74;115;189m██[38;2;0;0;0m██[38;2;0;0;0m██  [38;2;0;0;0m██[38;2;0;0;0m██        
  [38;2;0;0;0m██[38;2;189;165;66m██[38;2;255;255;123m██[38;2;255;255;123m██[38;2;222;214;90m██[38;2;189;165;66m██[38;2;255;255;123m██[38;2;115;165;255m██[38;2;0;0;0m██[38;2;115;165;255m██[38;2;0;0;0m██        
    [38;2;0;0;0m██[38;2;189;165;66m██[38;2;255;255;123m██[38;2;255;255;123m██[38;2;222;214;90m██[38;2;65;65;65m██[38;2;65;65;65m██[38;2;189;165;66m██[38;2;115;165;255m██[38;2;0;0;0m██        
    [38;2;0;0;0m██[38;2;222;214;90m██[38;2;189;165;66m██[38;2;222;214;90m██[38;2;189;165;66m██[38;2;189;165;66m██[38;2;189;165;66m██[38;2;65;65;65m██[38;2;74;115;189m██[38;2;0;0;0m██        
      [38;2;0;0;0m██[38;2;0;0;0m██[38;2;0;0;0m██[38;2;255;255;123m██[38;2;255;255;123m██[38;2;0;0;0m██[38;2;0;0;0m██[38;2;0;0;0m██          
            [38;2;0;0;0m██[38;2;0;0;0m██                
