  [38;2;0;0;0m██[38;2;0;0;0m██[38;2;0;0;0m██          [38;2;0;0;0m██                      
  [38;2;0;0;0m██[38;2;131;74;57m██[38;2;131;74;57m██[38;2;0;0;0m██[38;2;0;0;0m██[38;2;0;0;0m██  [38;2;0;0;0m██[38;2;172;106;82m██[38;2;0;0;0m██                    
    [38;2;0;0;0m██[38;2;131;74;57m██[38;2;82;82;74m██[38;2;65;65;65m██[38;2;82;82;74m██[38;2;0;0;0m██[38;2;172;106;82m██[38;2;172;106;82m██[38;2;0;0;0m██                    
    [38;2;0;0;0m██[38;2;131;74;57m██[38;2;131;74;57m██[38;2;65;65;65m██[38;2;82;82;74m██[38;2;82;82;74m██[38;2;238;164;131m██[38;2;172;106;82m██[38;2;0;0;0m██                    
      [38;2;0;0;0m██[38;2;82;82;74m██[38;2;65;65;65m██[38;2;82;82;74m██[38;2;172;106;82m██[38;2;238;164;131m██[38;2;172;106;82m██[38;2;82;82;74m██[38;2;0;0;0m██                  
    [38;2;0;0;0m██[38;2;82;82;74m██[38;2;65;65;65m██[38;2;82;82;74m██[38;2;82;82;74m██[38;2;65;65;65m██[38;2;172;106;82m██[38;2;82;82;74m██[38;2;82;82;74m██[38;2;0;0;0m██                  
  [38;2;0;0;0m██[38;2;82;82;74m██[38;2;65;65;65m██[38;2;172;106;82m██[38;2;65;65;65m██[38;2;65;65;65m██[38;2;65;65;65m██[38;2;172;106;82m██[38;2;82;82;74m██[38;2;0;0;0m██                    
    [38;2;0;0;0m██[38;2;172;106;82m██[38;2;172;106;82m██[38;2;172;106;82m██[38;2;255;255;255m██[38;2;255;255;255m██[38;2;172;106;82m██[38;2;172;106;82m██[38;2;82;82;74m██[38;2;0;0;0m██                  
    [38;2;0;0;0m██[38;2;238;205;189m██[38;2;172;106;82m██[38;2;172;106;82m██[38;2;0;0;0m██[38;2;0;0;0m██[38;2;172;106;82m██[38;2;172;106;82m██[38;2;82;82;74m██[38;2;0;0;0m██                  
  [38;2;0;0;0m██[38;2;172;106;82m██[38;2;238;205;189m██[38;2;172;106;82m██[38;2;172;106;82m██[38;2;255;255;255m██[38;2;255;255;255m██[38;2;172;106;82m██[38;2;238;205;189m██[38;2;0;0;0m██            [38;2;0;0;0m██[38;2;0;0;0m██    
[38;2;0;0;0m██[38;2;238;205;189m██[38;2;238;205;189m██[38;2;82;82;74m██[38;2;238;205;189m██[38;2;172;106;82m██[38;2;172;106;82m██[38;2;172;106;82m██[38;2;172;106;82m██[38;2;213;164;139m██[38;2;0;0;0m██      [38;2;0;0;0m██[38;2;0;0;0m██[38;2;0;0;0m██[38;2;82;82;74m██[38;2;82;82;74m██[38;2;0;0;0m██  
[38;2;0;0;0m██[38;2;238;205;189m██[38;2;238;205;189m██[38;2;82;82;74m██[38;2;238;205;189m██[38;2;172;106;82m██[38;2;172;106;82m██[38;2;172;106;82m██[38;2;131;74;57m██[38;2;131;74;57m██[38;2;131;74;57m██[38;2;0;0;0m██[38;2;0;0;0m██[38;2;0;0;0m██[38;2;172;106;82m██[38;2;172;106;82m██[38;2;172;106;82m██[38;2;65;65;65m██[38;2;82;82;74m██[38;2;82;82;74m██[38;2;0;0;0m██
  [38;2;0;0;0m██[38;2;238;205;189m██[38;2;238;205;189m██[38;2;238;205;189m██[38;2;0;0;0m██[38;2;0;0;0m██[38;2;131;74;57m██[38;2;131;74;57m██[38;2;131;74;57m██[38;2;131;74;57m██[38;2;172;106;82m██[38;2;172;106;82m██[38;2;172;106;82m██[38;2;172;106;82m██[38;2;172;106;82m██[38;2;172;106;82m██[38;2;172;106;82m██[38;2;65;65;65m██[38;2;82;82;74m██[38;2;0;0;0m██
    [38;2;0;0;0m██[38;2;0;0;0m██[38;2;0;0;0m██  [38;2;0;0;0m██[38;2;131;74;57m██[38;2;131;74;57m██[38;2;131;74;57m██[38;2;172;106;82m██[38;2;172;106;82m██[38;2;172;106;82m██[38;2;172;106;82m██[38;2;172;106;82m██[38;2;172;106;82m██[38;2;172;106;82m██[38;2;172;106;82m██[38;2;0;0;0m██[38;2;0;0;0m██  
            [38;2;0;0;0m██[38;2;238;205;189m██[38;2;238;205;189m██[38;2;172;106;82m██[38;2;172;106;82m██[38;2;172;106;82m██[38;2;172;106;82m██[38;2;238;205;189m██[38;2;172;106;82m██[38;2;238;205;189m██[38;2;172;106;82m██[38;2;131;74;57m██[38;2;0;0;0m██    
              [38;2;0;0;0m██[38;2;238;205;189m██[38;2;238;205;189m██[38;2;172;106;82m██[38;2;172;106;82m██[38;2;172;106;82m██[38;2;238;205;189m██[38;2;238;205;189m██[38;2;0;0;0m██[38;2;131;74;57m██[38;2;131;74;57m██[38;2;213;164;139m██[38;2;0;0;0m██  
              [38;2;0;0;0m██[38;2;65;65;65m██[38;2;172;106;82m██[38;2;172;106;82m██[38;2;172;106;82m██[38;2;172;106;82m██[38;2;0;0;0m██[38;2;0;0;0m██  [38;2;0;0;0m██[38;2;213;164;139m██[38;2;213;164;139m██[38;2;0;0;0m██  
              [38;2;0;0;0m██[38;2;213;164;139m██[38;2;65;65;65m██[38;2;172;106;82m██[38;2;172;106;82m██[38;2;0;0;0m██      [38;2;0;0;0m██[38;2;213;164;139m██[38;2;213;164;139m██[38;2;213;164;139m██[38;2;0;0;0m██
            [38;2;0;0;0m██[38;2;213;164;139m██[38;2;213;164;139m██[38;2;65;65;65m██[38;2;238;205;189m██[38;2;172;106;82m██[38;2;0;0;0m██    [38;2;0;0;0m██[38;2;82;82;74m██[38;2;82;82;74m██[38;2;213;164;139m██[38;2;0;0;0m██  
          [38;2;0;0;0m██[38;2;82;82;74m██[38;2;82;82;74m██[38;2;213;164;139m██[38;2;65;65;65m██[38;2;238;205;189m██[38;2;238;205;189m██[38;2;0;0;0m██      [38;2;0;0;0m██[38;2;0;0;0m██[38;2;0;0;0m██    
            [38;2;0;0;0m██[38;2;0;0;0m██[38;2;0;0;0m██[38;2;238;205;189m██[38;2;238;205;189m██[38;2;238;205;189m██[38;2;238;205;189m██[38;2;0;0;0m██              
                [38;2;0;0;0m██[38;2;82;82;74m██[38;2;82;82;74m██[38;2;238;205;189m██[38;2;0;0;0m██                
                  [38;2;0;0;0m██[38;2;0;0;0m██[38;2;0;0;0m██                  
