              [38;2;0;0;0m██[38;2;0;0;0m██                    
            [38;2;0;0;0m██[38;2;140;214;255m██[38;2;82;181;230m██[38;2;0;0;0m██                  
          [38;2;0;0;0m██[38;2;140;214;255m██[38;2;74;132;206m██[38;2;82;181;230m██[38;2;0;0;0m██                  
          [38;2;0;0;0m██[38;2;140;214;255m██[38;2;74;132;206m██[38;2;82;181;230m██[38;2;0;0;0m██                  
          [38;2;0;0;0m██[38;2;140;214;255m██[38;2;82;181;230m██[38;2;74;132;206m██[38;2;65;65;65m██[38;2;0;0;0m██                
        [38;2;0;0;0m██[38;2;74;132;206m██[38;2;74;132;206m██[38;2;82;181;230m██[38;2;74;132;206m██[38;2;65;65;65m██[38;2;82;181;230m██[38;2;0;0;0m██        [38;2;0;0;0m██[38;2;0;0;0m██  
      [38;2;0;0;0m██[38;2;140;214;255m██[38;2;140;214;255m██[38;2;74;132;206m██[38;2;82;181;230m██[38;2;74;132;206m██[38;2;123;197;222m██[38;2;140;214;255m██[38;2;123;197;222m██[38;2;0;0;0m██    [38;2;0;0;0m██[38;2;255;255;255m██[38;2;255;255;255m██[38;2;0;0;0m██
  [38;2;0;0;0m██[38;2;0;0;0m██[38;2;82;181;230m██[38;2;140;214;255m██[38;2;140;214;255m██[38;2;140;214;255m██[38;2;82;181;230m██[38;2;140;214;255m██[38;2;140;214;255m██[38;2;140;214;255m██[38;2;140;214;255m██[38;2;123;197;222m██[38;2;0;0;0m██[38;2;0;0;0m██[38;2;255;255;255m██[38;2;173;222;239m██[38;2;173;222;239m██[38;2;0;0;0m██
[38;2;0;0;0m██[38;2;247;132;49m██[38;2;65;65;65m██[38;2;140;214;255m██[38;2;255;255;255m██[38;2;140;214;255m██[38;2;140;214;255m██[38;2;140;214;255m██[38;2;140;214;255m██[38;2;140;214;255m██[38;2;140;214;255m██[38;2;82;181;230m██[38;2;65;65;65m██[38;2;65;65;65m██[38;2;255;255;255m██[38;2;173;222;239m██[38;2;123;165;214m██[38;2;123;165;214m██[38;2;0;0;0m██
  [38;2;0;0;0m██[38;2;206;90;25m██[38;2;140;214;255m██[38;2;0;0;0m██[38;2;140;214;255m██[38;2;140;214;255m██[38;2;140;214;255m██[38;2;255;255;255m██[38;2;140;214;255m██[38;2;82;181;230m██[38;2;247;132;49m██[38;2;206;90;25m██[38;2;65;65;65m██[38;2;173;222;239m██[38;2;123;165;214m██[38;2;173;222;239m██[38;2;173;222;239m██[38;2;0;0;0m██
[38;2;0;0;0m██[38;2;247;132;49m██[38;2;206;90;25m██[38;2;82;181;230m██[38;2;140;214;255m██[38;2;140;214;255m██[38;2;140;214;255m██[38;2;140;214;255m██[38;2;0;0;0m██[38;2;140;214;255m██[38;2;247;132;49m██[38;2;247;132;49m██[38;2;247;132;49m██[38;2;247;132;49m██[38;2;65;65;65m██[38;2;173;222;239m██[38;2;123;165;214m██[38;2;123;165;214m██[38;2;0;0;0m██
  [38;2;0;0;0m██[38;2;0;0;0m██[38;2;206;90;25m██[38;2;255;255;255m██[38;2;123;197;222m██[38;2;82;181;230m██[38;2;140;214;255m██[38;2;140;214;255m██[38;2;82;181;230m██[38;2;247;132;49m██[38;2;247;132;49m██[38;2;206;90;25m██[38;2;65;65;65m██[38;2;65;65;65m██[38;2;123;165;214m██[38;2;123;165;214m██[38;2;0;0;0m██  
      [38;2;0;0;0m██[38;2;0;0;0m██[38;2;255;255;255m██[38;2;255;255;255m██[38;2;255;255;255m██[38;2;173;222;239m██[38;2;74;132;206m██[38;2;65;65;65m██[38;2;206;90;25m██[38;2;247;132;49m██[38;2;65;65;65m██[38;2;82;181;230m██[38;2;0;0;0m██[38;2;0;0;0m██    
          [38;2;0;0;0m██[38;2;65;65;65m██[38;2;74;132;206m██[38;2;74;132;206m██[38;2;82;181;230m██[38;2;74;132;206m██[38;2;65;65;65m██[38;2;65;65;65m██[38;2;82;181;230m██[38;2;82;181;230m██[38;2;0;0;0m██      
          [38;2;0;0;0m██[38;2;74;132;206m██[38;2;173;222;239m██[38;2;173;222;239m██[38;2;74;132;206m██[38;2;82;181;230m██[38;2;74;132;206m██[38;2;74;132;206m██[38;2;65;65;65m██[38;2;82;181;230m██[38;2;0;0;0m██      
          [38;2;0;0;0m██[38;2;123;197;222m██[38;2;82;181;230m██[38;2;0;0;0m██[38;2;65;65;65m██[38;2;82;181;230m██[38;2;82;181;230m██[38;2;65;65;65m██[38;2;0;0;0m██[38;2;0;0;0m██        
            [38;2;0;0;0m██[38;2;0;0;0m██  [38;2;0;0;0m██[38;2;123;197;222m██[38;2;123;197;222m██[38;2;0;0;0m██            
                    [38;2;0;0;0m██[38;2;0;0;0m██              
