                    [38;2;0;0;0m██[38;2;0;0;0m██          
                  [38;2;0;0;0m██[38;2;214;99;66m██[38;2;214;99;66m██[38;2;0;0;0m██        
                [38;2;0;0;0m██[38;2;214;99;66m██[38;2;181;58;66m██[38;2;0;0;0m██          
              [38;2;0;0;0m██[38;2;214;99;66m██[38;2;65;65;65m██[38;2;0;0;0m██            
            [38;2;0;0;0m██[38;2;0;0;0m██[38;2;0;0;0m██[38;2;0;0;0m██              
        [38;2;0;0;0m██[38;2;0;0;0m██[38;2;148;206;90m██[38;2;148;206;90m██[38;2;148;206;90m██[38;2;148;206;90m██[38;2;0;0;0m██[38;2;0;0;0m██          
      [38;2;0;0;0m██[38;2;58;107;16m██[38;2;148;206;90m██[38;2;148;206;90m██[38;2;148;206;90m██[38;2;148;206;90m██[38;2;148;206;90m██[38;2;148;206;90m██[38;2;74;165;16m██[38;2;0;0;0m██        
      [38;2;0;0;0m██[38;2;173;230;115m██[38;2;173;230;115m██[38;2;148;206;90m██[38;2;148;206;90m██[38;2;148;206;90m██[38;2;148;206;90m██[38;2;148;206;90m██[38;2;148;206;90m██[38;2;74;165;16m██[38;2;0;0;0m██[38;2;0;0;0m██    
    [38;2;0;0;0m██[38;2;148;206;90m██[38;2;173;230;115m██[38;2;173;230;115m██[38;2;148;206;90m██[38;2;148;206;90m██[38;2;148;206;90m██[38;2;148;206;90m██[38;2;148;206;90m██[38;2;148;206;90m██[38;2;65;65;65m██[38;2;65;65;65m██[38;2;214;99;66m██[38;2;0;0;0m██  
    [38;2;0;0;0m██[38;2;148;206;90m██[38;2;148;206;90m██[38;2;148;206;90m██[38;2;148;206;90m██[38;2;74;165;16m██[38;2;74;165;16m██[38;2;74;165;16m██[38;2;148;206;90m██[38;2;65;65;65m██[38;2;255;197;33m██[38;2;65;65;65m██[38;2;65;65;65m██[38;2;0;0;0m██  
    [38;2;0;0;0m██[38;2;0;0;0m██[38;2;0;0;0m██[38;2;148;206;90m██[38;2;74;165;16m██[38;2;65;65;65m██[38;2;0;0;0m██[38;2;255;255;255m██[38;2;65;65;65m██[38;2;255;197;33m██[38;2;255;197;33m██[38;2;65;65;65m██[38;2;214;99;66m██[38;2;0;0;0m██  
  [38;2;0;0;0m██[38;2;255;222;123m██[38;2;255;197;33m██[38;2;255;197;33m██[38;2;0;0;0m██[38;2;255;255;255m██[38;2;0;0;0m██[38;2;0;0;0m██[38;2;255;255;255m██[38;2;65;65;65m██[38;2;255;197;33m██[38;2;230;140;41m██[38;2;65;65;65m██[38;2;65;65;65m██[38;2;0;0;0m██  
[38;2;0;0;0m██[38;2;255;197;33m██[38;2;255;197;33m██[38;2;255;197;33m██[38;2;230;140;41m██[38;2;0;0;0m██[38;2;74;165;16m██[38;2;74;165;16m██[38;2;74;165;16m██[38;2;74;165;16m██[38;2;65;65;65m██[38;2;230;140;41m██[38;2;65;65;65m██[38;2;214;99;66m██[38;2;0;0;0m██[38;2;181;58;66m██[38;2;0;0;0m██
  [38;2;0;0;0m██[38;2;0;0;0m██[38;2;0;0;0m██[38;2;65;65;65m██[38;2;74;165;16m██[38;2;74;165;16m██[38;2;74;165;16m██[38;2;74;165;16m██[38;2;74;165;16m██[38;2;74;165;16m██[38;2;0;0;0m██[38;2;0;0;0m██[38;2;0;0;0m██[38;2;214;99;66m██[38;2;214;99;66m██[38;2;0;0;0m██
        [38;2;0;0;0m██[38;2;65;65;65m██[38;2;74;165;16m██[38;2;74;165;16m██[38;2;74;165;16m██[38;2;74;165;16m██[38;2;58;107;16m██[38;2;65;65;65m██[38;2;181;58;66m██[38;2;0;0;0m██[38;2;0;0;0m██[38;2;0;0;0m██  
          [38;2;0;0;0m██[38;2;255;255;255m██[38;2;0;0;0m██[38;2;0;0;0m██[38;2;65;65;65m██[38;2;214;99;66m██[38;2;0;0;0m██[38;2;0;0;0m██        
          [38;2;0;0;0m██[38;2;0;0;0m██  [38;2;0;0;0m██[38;2;255;255;255m██[38;2;0;0;0m██            
                [38;2;0;0;0m██[38;2;0;0;0m██              
