      [38;2;0;0;0m██                              
    [38;2;0;0;0m██[38;2;115;156;148m██[38;2;0;0;0m██                            
  [38;2;0;0;0m██[38;2;115;156;148m██[38;2;115;156;148m██[38;2;0;0;0m██[38;2;0;0;0m██              [38;2;0;0;0m██[38;2;0;0;0m██[38;2;0;0;0m██      
  [38;2;0;0;0m██[38;2;115;156;148m██[38;2;115;156;148m██[38;2;115;156;148m██[38;2;115;156;148m██[38;2;0;0;0m██    [38;2;0;0;0m██  [38;2;0;0;0m██[38;2;0;0;0m██[38;2;148;206;197m██[38;2;148;206;197m██[38;2;0;0;0m██      
[38;2;0;0;0m██[38;2;115;156;148m██[38;2;115;156;148m██[38;2;115;156;148m██[38;2;115;156;148m██[38;2;0;0;0m██    [38;2;0;0;0m██[38;2;148;206;197m██[38;2;0;0;0m██[38;2;148;206;197m██[38;2;148;206;197m██[38;2;148;206;197m██[38;2;0;0;0m██        
[38;2;0;0;0m██[38;2;115;156;148m██[38;2;115;156;148m██[38;2;115;156;148m██[38;2;115;156;148m██[38;2;115;156;148m██[38;2;0;0;0m██[38;2;0;0;0m██[38;2;0;0;0m██[38;2;148;206;197m██[38;2;148;206;197m██[38;2;148;206;197m██[38;2;148;206;197m██[38;2;148;206;197m██[38;2;65;65;65m██[38;2;0;0;0m██      
  [38;2;0;0;0m██[38;2;115;156;148m██[38;2;115;156;148m██[38;2;65;65;65m██[38;2;65;65;65m██[38;2;148;206;197m██[38;2;148;206;197m██[38;2;0;0;0m██[38;2;148;206;197m██[38;2;115;156;148m██[38;2;65;65;65m██[38;2;65;65;65m██[38;2;115;156;148m██[38;2;148;206;197m██[38;2;0;0;0m██      
  [38;2;0;0;0m██[38;2;115;156;148m██[38;2;65;65;65m██[38;2;148;206;197m██[38;2;148;206;197m██[38;2;148;206;197m██[38;2;65;65;65m██[38;2;148;206;197m██[38;2;115;156;148m██[38;2;65;65;65m██[38;2;74;107;156m██[38;2;74;107;156m██[38;2;65;65;65m██[38;2;115;156;148m██[38;2;0;0;0m██      
    [38;2;0;0;0m██[38;2;148;206;197m██[38;2;148;206;197m██[38;2;148;206;197m██[38;2;148;206;197m██[38;2;65;65;65m██[38;2;148;206;197m██[38;2;65;65;65m██[38;2;99;140;222m██[38;2;99;140;222m██[38;2;74;107;156m██[38;2;74;107;156m██[38;2;115;156;148m██[38;2;0;0;0m██      
    [38;2;65;65;65m██[38;2;148;206;197m██[38;2;148;206;197m██[38;2;148;206;197m██[38;2;148;206;197m██[38;2;148;206;197m██[38;2;148;206;197m██[38;2;74;107;156m██[38;2;99;140;222m██[38;2;74;107;156m██[38;2;74;107;156m██[38;2;115;156;148m██[38;2;0;0;0m██        
  [38;2;0;0;0m██[38;2;148;206;197m██[38;2;148;206;197m██[38;2;115;156;148m██[38;2;148;206;197m██[38;2;148;206;197m██[38;2;82;123;115m██[38;2;115;156;148m██[38;2;115;156;148m██[38;2;74;107;156m██[38;2;115;156;148m██[38;2;0;0;0m██[38;2;0;0;0m██    [38;2;0;0;0m██[38;2;0;0;0m██[38;2;0;0;0m██
[38;2;0;0;0m██[38;2;148;206;197m██[38;2;148;206;197m██[38;2;148;206;197m██[38;2;82;123;115m██[38;2;148;206;197m██[38;2;0;0;0m██[38;2;255;255;255m██[38;2;82;123;115m██[38;2;115;156;148m██[38;2;65;65;65m██[38;2;0;0;0m██    [38;2;0;0;0m██[38;2;0;0;0m██[38;2;82;123;115m██[38;2;115;156;148m██[38;2;0;0;0m██
[38;2;0;0;0m██[38;2;148;206;197m██[38;2;115;156;148m██[38;2;148;206;197m██[38;2;148;206;197m██[38;2;0;0;0m██[38;2;247;99;82m██[38;2;255;255;255m██[38;2;115;156;148m██[38;2;115;156;148m██[38;2;65;65;65m██[38;2;148;206;197m██[38;2;0;0;0m██[38;2;0;0;0m██[38;2;115;156;148m██[38;2;115;156;148m██[38;2;115;156;148m██[38;2;82;123;115m██[38;2;0;0;0m██
  [38;2;0;0;0m██[38;2;148;206;197m██[38;2;148;206;197m██[38;2;115;156;148m██[38;2;115;156;148m██[38;2;115;156;148m██[38;2;115;156;148m██[38;2;115;156;148m██[38;2;115;156;148m██[38;2;148;206;197m██[38;2;148;206;197m██[38;2;148;206;197m██[38;2;115;156;148m██[38;2;65;65;65m██[38;2;65;65;65m██[38;2;115;156;148m██[38;2;0;0;0m██  
[38;2;0;0;0m██[38;2;115;156;148m██[38;2;0;0;0m██[38;2;65;65;65m██[38;2;65;65;65m██[38;2;65;65;65m██[38;2;115;156;148m██[38;2;255;255;255m██[38;2;65;65;65m██[38;2;148;206;197m██[38;2;148;206;197m██[38;2;82;123;115m██[38;2;115;156;148m██[38;2;148;206;197m██[38;2;82;123;115m██[38;2;148;206;197m██[38;2;0;0;0m██    
[38;2;0;0;0m██[38;2;115;156;148m██[38;2;115;156;148m██[38;2;0;0;0m██[38;2;115;156;148m██[38;2;115;156;148m██[38;2;65;65;65m██[38;2;65;65;65m██[38;2;189;189;181m██[38;2;189;189;181m██[38;2;65;65;65m██[38;2;148;206;197m██[38;2;148;206;197m██[38;2;148;206;197m██[38;2;82;123;115m██[38;2;82;123;115m██[38;2;148;206;197m██[38;2;0;0;0m██  
  [38;2;0;0;0m██[38;2;189;189;181m██[38;2;115;156;148m██[38;2;0;0;0m██[38;2;0;0;0m██[38;2;189;189;181m██[38;2;189;189;181m██[38;2;189;189;181m██[38;2;65;65;65m██[38;2;115;156;148m██[38;2;115;156;148m██[38;2;148;206;197m██[38;2;65;65;65m██[38;2;148;206;197m██[38;2;82;123;115m██[38;2;148;206;197m██[38;2;0;0;0m██  
    [38;2;0;0;0m██[38;2;0;0;0m██[38;2;82;123;115m██[38;2;82;123;115m██[38;2;65;65;65m██[38;2;189;189;181m██[38;2;189;189;181m██[38;2;65;65;65m██[38;2;148;206;197m██[38;2;148;206;197m██[38;2;115;156;148m██[38;2;65;65;65m██[38;2;148;206;197m██[38;2;148;206;197m██[38;2;115;156;148m██[38;2;0;0;0m██  
        [38;2;0;0;0m██[38;2;82;123;115m██[38;2;82;123;115m██[38;2;65;65;65m██[38;2;65;65;65m██[38;2;255;255;255m██[38;2;148;206;197m██[38;2;148;206;197m██[38;2;65;65;65m██[38;2;65;65;65m██[38;2;115;156;148m██[38;2;115;156;148m██[38;2;0;0;0m██    
          [38;2;0;0;0m██[38;2;0;0;0m██[38;2;0;0;0m██[38;2;0;0;0m██[38;2;115;156;148m██[38;2;255;255;255m██[38;2;65;65;65m██[38;2;65;65;65m██[38;2;115;156;148m██[38;2;65;65;65m██[38;2;0;0;0m██      
                  [38;2;0;0;0m██[38;2;0;0;0m██[38;2;0;0;0m██[38;2;189;189;181m██[38;2;115;156;148m██[38;2;255;255;255m██[38;2;0;0;0m██      
                        [38;2;0;0;0m██[38;2;0;0;0m██[38;2;0;0;0m██        
