      [38;2;0;0;0m██                            
    [38;2;0;0;0m██[38;2;156;107;148m██[38;2;0;0;0m██                          
    [38;2;0;0;0m██[38;2;156;107;148m██[38;2;0;0;0m██                          
    [38;2;0;0;0m██[38;2;156;107;148m██[38;2;156;107;148m██[38;2;0;0;0m██      [38;2;0;0;0m██        [38;2;0;0;0m██[38;2;0;0;0m██[38;2;0;0;0m██  
    [38;2;0;0;0m██[38;2;156;107;148m██[38;2;156;107;148m██[38;2;0;0;0m██  [38;2;0;0;0m██[38;2;0;0;0m██[38;2;156;107;148m██[38;2;0;0;0m██  [38;2;0;0;0m██[38;2;0;0;0m██[38;2;206;140;181m██[38;2;206;140;181m██[38;2;206;140;181m██[38;2;0;0;0m██
  [38;2;0;0;0m██[38;2;156;107;148m██[38;2;156;107;148m██[38;2;156;107;148m██[38;2;156;107;148m██[38;2;0;0;0m██[38;2;206;140;181m██[38;2;65;65;65m██[38;2;156;107;148m██[38;2;65;65;65m██[38;2;0;0;0m██[38;2;206;140;181m██[38;2;206;140;181m██[38;2;206;140;181m██[38;2;206;140;181m██[38;2;0;0;0m██  
  [38;2;0;0;0m██[38;2;156;107;148m██[38;2;156;107;148m██[38;2;156;107;148m██[38;2;156;107;148m██[38;2;65;65;65m██[38;2;206;140;181m██[38;2;65;65;65m██[38;2;65;65;65m██[38;2;206;140;181m██[38;2;206;140;181m██[38;2;206;140;181m██[38;2;65;65;65m██[38;2;65;65;65m██[38;2;156;107;148m██[38;2;156;107;148m██[38;2;0;0;0m██
    [38;2;0;0;0m██[38;2;156;107;148m██[38;2;65;65;65m██[38;2;65;65;65m██[38;2;206;140;181m██[38;2;206;140;181m██[38;2;65;65;65m██[38;2;206;140;181m██[38;2;206;140;181m██[38;2;65;65;65m██[38;2;65;65;65m██[38;2;82;165;123m██[38;2;58;132;90m██[38;2;156;107;148m██[38;2;0;0;0m██  
      [38;2;0;0;0m██[38;2;206;140;181m██[38;2;65;65;65m██[38;2;206;140;181m██[38;2;65;65;65m██[38;2;206;140;181m██[38;2;206;140;181m██[38;2;65;65;65m██[38;2;82;165;123m██[38;2;82;165;123m██[38;2;82;165;123m██[38;2;156;107;148m██[38;2;0;0;0m██    
  [38;2;0;0;0m██[38;2;0;0;0m██[38;2;0;0;0m██[38;2;206;140;181m██[38;2;206;140;181m██[38;2;206;140;181m██[38;2;65;65;65m██[38;2;206;140;181m██[38;2;65;65;65m██[38;2;58;132;90m██[38;2;82;165;123m██[38;2;82;165;123m██[38;2;58;132;90m██[38;2;156;107;148m██[38;2;0;0;0m██    
[38;2;0;0;0m██[38;2;206;140;181m██[38;2;206;140;181m██[38;2;206;140;181m██[38;2;156;107;148m██[38;2;206;140;181m██[38;2;206;140;181m██[38;2;206;140;181m██[38;2;206;140;181m██[38;2;65;65;65m██[38;2;58;132;90m██[38;2;58;132;90m██[38;2;58;132;90m██[38;2;156;107;148m██[38;2;65;65;65m██[38;2;156;107;148m██[38;2;0;0;0m██  
  [38;2;0;0;0m██[38;2;123;82;115m██[38;2;156;107;148m██[38;2;123;82;115m██[38;2;206;140;181m██[38;2;206;140;181m██[38;2;123;82;115m██[38;2;156;107;148m██[38;2;156;107;148m██[38;2;156;107;148m██[38;2;156;107;148m██[38;2;156;107;148m██[38;2;65;65;65m██[38;2;156;107;148m██[38;2;156;107;148m██[38;2;0;0;0m██  
  [38;2;0;0;0m██[38;2;206;140;181m██[38;2;123;82;115m██[38;2;206;140;181m██[38;2;206;140;181m██[38;2;0;0;0m██[38;2;189;189;181m██[38;2;156;107;148m██[38;2;156;107;148m██[38;2;65;65;65m██[38;2;65;65;65m██[38;2;65;65;65m██[38;2;156;107;148m██[38;2;156;107;148m██[38;2;156;107;148m██[38;2;0;0;0m██  
  [38;2;0;0;0m██[38;2;206;140;181m██[38;2;206;140;181m██[38;2;206;140;181m██[38;2;123;82;115m██[38;2;247;99;82m██[38;2;255;255;255m██[38;2;123;82;115m██[38;2;156;107;148m██[38;2;65;65;65m██[38;2;156;107;148m██[38;2;156;107;148m██[38;2;156;107;148m██[38;2;156;107;148m██[38;2;123;82;115m██[38;2;0;0;0m██[38;2;0;0;0m██
    [38;2;0;0;0m██[38;2;206;140;181m██[38;2;206;140;181m██[38;2;156;107;148m██[38;2;156;107;148m██[38;2;156;107;148m██[38;2;65;65;65m██[38;2;65;65;65m██[38;2;156;107;148m██[38;2;156;107;148m██[38;2;65;65;65m██[38;2;156;107;148m██[38;2;156;107;148m██[38;2;123;82;115m██[38;2;156;107;148m██[38;2;0;0;0m██
    [38;2;0;0;0m██[38;2;189;189;181m██[38;2;65;65;65m██[38;2;65;65;65m██[38;2;0;0;0m██[38;2;0;0;0m██[38;2;156;107;148m██[38;2;156;107;148m██[38;2;156;107;148m██[38;2;156;107;148m██[38;2;0;0;0m██[38;2;0;0;0m██[38;2;0;0;0m██[38;2;189;189;181m██[38;2;0;0;0m██  
      [38;2;0;0;0m██[38;2;123;82;115m██[38;2;123;82;115m██[38;2;0;0;0m██  [38;2;0;0;0m██[38;2;206;140;181m██[38;2;206;140;181m██[38;2;0;0;0m██    [38;2;0;0;0m██[38;2;0;0;0m██    
      [38;2;0;0;0m██[38;2;0;0;0m██[38;2;0;0;0m██  [38;2;0;0;0m██[38;2;206;140;181m██[38;2;206;140;181m██[38;2;156;107;148m██[38;2;0;0;0m██            
              [38;2;0;0;0m██[38;2;255;255;255m██[38;2;255;255;255m██[38;2;0;0;0m██              
                [38;2;0;0;0m██[38;2;0;0;0m██                
