        [38;2;0;0;0m██                          
      [38;2;0;0;0m██[38;2;132;148;197m██[38;2;0;0;0m██                        
    [38;2;0;0;0m██[38;2;0;0;0m██[38;2;132;148;197m██[38;2;0;0;0m██            [38;2;0;0;0m██[38;2;0;0;0m██[38;2;0;0;0m██      
  [38;2;0;0;0m██[38;2;132;148;197m██[38;2;65;65;65m██[38;2;132;148;197m██[38;2;132;148;197m██[38;2;0;0;0m██      [38;2;0;0;0m██[38;2;0;0;0m██[38;2;173;197;255m██[38;2;173;197;255m██[38;2;173;197;255m██[38;2;0;0;0m██[38;2;0;0;0m██  
  [38;2;0;0;0m██[38;2;132;148;197m██[38;2;132;148;197m██[38;2;132;148;197m██[38;2;132;148;197m██[38;2;65;65;65m██[38;2;0;0;0m██[38;2;0;0;0m██[38;2;0;0;0m██[38;2;173;197;255m██[38;2;173;197;255m██[38;2;173;197;255m██[38;2;132;148;197m██[38;2;132;148;197m██[38;2;173;197;255m██[38;2;173;197;255m██[38;2;0;0;0m██
    [38;2;0;0;0m██[38;2;132;148;197m██[38;2;65;65;65m██[38;2;65;65;65m██[38;2;132;148;197m██[38;2;132;148;197m██[38;2;65;65;65m██[38;2;173;197;255m██[38;2;173;197;255m██[38;2;65;65;65m██[38;2;65;65;65m██[38;2;132;148;197m██[38;2;132;148;197m██[38;2;0;0;0m██[38;2;0;0;0m██  
      [38;2;0;0;0m██[38;2;173;197;255m██[38;2;65;65;65m██[38;2;132;148;197m██[38;2;65;65;65m██[38;2;173;197;255m██[38;2;173;197;255m██[38;2;65;65;65m██[38;2;90;107;173m██[38;2;90;107;173m██[38;2;65;65;65m██[38;2;132;148;197m██[38;2;0;0;0m██    
      [38;2;0;0;0m██[38;2;173;197;255m██[38;2;132;148;197m██[38;2;132;148;197m██[38;2;65;65;65m██[38;2;173;197;255m██[38;2;65;65;65m██[38;2;58;148;107m██[38;2;58;148;107m██[38;2;90;107;173m██[38;2;90;107;173m██[38;2;132;148;197m██[38;2;0;0;0m██    
  [38;2;0;0;0m██[38;2;0;0;0m██[38;2;132;148;197m██[38;2;132;148;197m██[38;2;173;197;255m██[38;2;173;197;255m██[38;2;173;197;255m██[38;2;173;197;255m██[38;2;65;65;65m██[38;2;58;148;107m██[38;2;90;107;173m██[38;2;90;107;173m██[38;2;132;148;197m██[38;2;0;0;0m██      
[38;2;0;0;0m██[38;2;132;148;197m██[38;2;65;65;65m██[38;2;173;197;255m██[38;2;173;197;255m██[38;2;173;197;255m██[38;2;173;197;255m██[38;2;90;107;173m██[38;2;132;148;197m██[38;2;132;148;197m██[38;2;132;148;197m██[38;2;132;148;197m██[38;2;65;65;65m██[38;2;65;65;65m██[38;2;0;0;0m██      
  [38;2;0;0;0m██[38;2;173;197;255m██[38;2;173;197;255m██[38;2;173;197;255m██[38;2;173;197;255m██[38;2;0;0;0m██[38;2;189;189;181m██[38;2;90;107;173m██[38;2;65;65;65m██[38;2;65;65;65m██[38;2;132;148;197m██[38;2;132;148;197m██[38;2;65;65;65m██[38;2;132;148;197m██[38;2;0;0;0m██    
  [38;2;0;0;0m██[38;2;173;197;255m██[38;2;173;197;255m██[38;2;173;197;255m██[38;2;0;0;0m██[38;2;247;99;82m██[38;2;255;255;255m██[38;2;132;148;197m██[38;2;173;197;255m██[38;2;173;197;255m██[38;2;65;65;65m██[38;2;132;148;197m██[38;2;132;148;197m██[38;2;0;0;0m██      
  [38;2;0;0;0m██[38;2;132;148;197m██[38;2;90;107;173m██[38;2;132;148;197m██[38;2;132;148;197m██[38;2;132;148;197m██[38;2;132;148;197m██[38;2;65;65;65m██[38;2;65;65;65m██[38;2;65;65;65m██[38;2;132;148;197m██[38;2;132;148;197m██[38;2;132;148;197m██[38;2;65;65;65m██[38;2;0;0;0m██[38;2;0;0;0m██  
  [38;2;0;0;0m██[38;2;65;65;65m██[38;2;132;148;197m██[38;2;132;148;197m██[38;2;132;148;197m██[38;2;132;148;197m██[38;2;132;148;197m██[38;2;132;148;197m██[38;2;132;148;197m██[38;2;132;148;197m██[38;2;132;148;197m██[38;2;132;148;197m██[38;2;132;148;197m██[38;2;132;148;197m██[38;2;65;65;65m██[38;2;132;148;197m██[38;2;0;0;0m██
    [38;2;0;0;0m██[38;2;255;255;255m██[38;2;0;0;0m██[38;2;65;65;65m██[38;2;65;65;65m██[38;2;132;148;197m██[38;2;132;148;197m██[38;2;90;107;173m██[38;2;132;148;197m██[38;2;173;197;255m██[38;2;65;65;65m██[38;2;132;148;197m██[38;2;132;148;197m██[38;2;0;0;0m██[38;2;0;0;0m██  
      [38;2;0;0;0m██  [38;2;0;0;0m██[38;2;189;189;181m██[38;2;65;65;65m██[38;2;132;148;197m██[38;2;65;65;65m██[38;2;173;197;255m██[38;2;173;197;255m██[38;2;65;65;65m██[38;2;132;148;197m██[38;2;132;148;197m██[38;2;0;0;0m██    
            [38;2;0;0;0m██[38;2;0;0;0m██[38;2;0;0;0m██[38;2;255;255;255m██[38;2;173;197;255m██[38;2;65;65;65m██[38;2;132;148;197m██[38;2;132;148;197m██[38;2;0;0;0m██      
                  [38;2;0;0;0m██[38;2;0;0;0m██[38;2;255;255;255m██[38;2;90;107;173m██[38;2;255;255;255m██[38;2;0;0;0m██      
                      [38;2;0;0;0m██[38;2;0;0;0m██[38;2;0;0;0m██        
