          [38;2;0;0;0m██[38;2;0;0;0m██[38;2;0;0;0m██[38;2;0;0;0m██                
        [38;2;0;0;0m██[38;2;65;65;65m██[38;2;172;238;222m██[38;2;172;238;222m██[38;2;65;65;65m██[38;2;0;0;0m██              
  [38;2;0;0;0m██[38;2;0;0;0m██  [38;2;0;0;0m██[38;2;172;238;222m██[38;2;172;238;222m██[38;2;172;238;222m██[38;2;172;238;222m██[38;2;65;65;65m██[38;2;0;0;0m██            
  [38;2;0;0;0m██[38;2;172;238;222m██[38;2;0;0;0m██[38;2;0;0;0m██[38;2;139;139;213m██[38;2;205;197;255m██[38;2;205;197;255m██[38;2;172;238;222m██[38;2;172;238;222m██[38;2;0;0;0m██            
    [38;2;0;0;0m██[38;2;65;65;65m██[38;2;139;139;213m██[38;2;65;65;65m██[38;2;139;139;213m██[38;2;139;139;213m██[38;2;205;197;255m██[38;2;0;0;0m██[38;2;0;0;0m██[38;2;0;0;0m██[38;2;0;0;0m██[38;2;0;0;0m██      
  [38;2;0;0;0m██[38;2;172;238;222m██[38;2;139;139;213m██[38;2;65;65;65m██[38;2;65;65;65m██[38;2;139;139;213m██[38;2;139;139;213m██[38;2;65;65;65m██[38;2;139;139;213m██[38;2;139;139;213m██[38;2;139;139;213m██[38;2;172;238;222m██[38;2;0;0;0m██      
  [38;2;0;0;0m██[38;2;0;0;0m██[38;2;65;65;65m██[38;2;139;139;213m██[38;2;139;139;213m██[38;2;106;106;164m██[38;2;65;65;65m██[38;2;139;139;213m██[38;2;65;65;65m██[38;2;65;65;65m██[38;2;65;65;65m██[38;2;0;0;0m██        
      [38;2;0;0;0m██[38;2;139;139;213m██[38;2;139;139;213m██[38;2;139;139;213m██[38;2;139;139;213m██[38;2;65;65;65m██[38;2;139;139;213m██[38;2;139;139;213m██[38;2;0;0;0m██          
    [38;2;0;0;0m██[38;2;139;139;213m██[38;2;139;139;213m██[38;2;139;139;213m██[38;2;106;106;164m██[38;2;139;139;213m██[38;2;139;139;213m██[38;2;65;65;65m██[38;2;65;65;65m██[38;2;172;238;222m██[38;2;0;0;0m██        
    [38;2;0;0;0m██[38;2;106;106;164m██[38;2;139;139;213m██[38;2;106;106;164m██[38;2;255;255;255m██[38;2;106;106;164m██[38;2;172;238;222m██[38;2;139;139;213m██[38;2;0;0;0m██[38;2;0;0;0m██[38;2;0;0;0m██        
  [38;2;0;0;0m██[38;2;255;189;189m██[38;2;255;189;189m██[38;2;65;65;65m██[38;2;139;139;213m██[38;2;0;0;0m██[38;2;139;139;213m██[38;2;139;139;213m██[38;2;139;139;213m██[38;2;0;0;0m██            
[38;2;0;0;0m██[38;2;197;139;139m██[38;2;255;189;189m██[38;2;197;139;139m██[38;2;65;65;65m██[38;2;139;139;213m██[38;2;139;139;213m██[38;2;139;139;213m██[38;2;139;139;213m██[38;2;139;139;213m██[38;2;0;0;0m██[38;2;0;0;0m██          
[38;2;0;0;0m██[38;2;255;189;189m██[38;2;65;65;65m██[38;2;65;65;65m██[38;2;139;139;213m██[38;2;139;139;213m██[38;2;139;139;213m██[38;2;139;139;213m██[38;2;90;90;148m██[38;2;139;139;213m██[38;2;139;139;213m██[38;2;90;90;148m██[38;2;0;0;0m██        
[38;2;0;0;0m██[38;2;0;0;0m██[38;2;106;106;164m██[38;2;65;65;65m██[38;2;139;139;213m██[38;2;139;139;213m██[38;2;139;139;213m██[38;2;90;90;148m██[38;2;139;139;213m██[38;2;139;139;213m██[38;2;139;139;213m██[38;2;139;139;213m██[38;2;0;0;0m██        
  [38;2;0;0;0m██[38;2;106;106;164m██[38;2;65;65;65m██[38;2;139;139;213m██[38;2;139;139;213m██[38;2;139;139;213m██[38;2;90;90;148m██[38;2;139;139;213m██[38;2;139;139;213m██[38;2;139;139;213m██[38;2;139;139;213m██[38;2;0;0;0m██[38;2;0;0;0m██[38;2;0;0;0m██[38;2;0;0;0m██  
    [38;2;0;0;0m██[38;2;106;106;164m██[38;2;65;65;65m██[38;2;139;139;213m██[38;2;139;139;213m██[38;2;106;106;164m██[38;2;65;65;65m██[38;2;139;139;213m██[38;2;139;139;213m██[38;2;139;139;213m██[38;2;139;139;213m██[38;2;205;197;255m██[38;2;139;139;213m██[38;2;172;238;222m██[38;2;0;0;0m██
      [38;2;0;0;0m██[38;2;0;0;0m██[38;2;65;65;65m██[38;2;106;106;164m██[38;2;106;106;164m██[38;2;106;106;164m██[38;2;65;65;65m██[38;2;139;139;213m██[38;2;139;139;213m██[38;2;205;197;255m██[38;2;139;139;213m██[38;2;172;238;222m██[38;2;172;238;222m██[38;2;0;0;0m██
          [38;2;0;0;0m██[38;2;65;65;65m██[38;2;65;65;65m██[38;2;106;106;164m██[38;2;106;106;164m██[38;2;65;65;65m██[38;2;65;65;65m██[38;2;65;65;65m██[38;2;172;238;222m██[38;2;172;238;222m██[38;2;0;0;0m██  
        [38;2;0;0;0m██[38;2;0;0;0m██[38;2;197;139;139m██[38;2;0;0;0m██[38;2;65;65;65m██[38;2;197;139;139m██[38;2;90;90;148m██[38;2;90;90;148m██[38;2;90;90;148m██[38;2;65;65;65m██[38;2;65;65;65m██[38;2;0;0;0m██  
      [38;2;0;0;0m██[38;2;197;139;139m██[38;2;197;139;139m██[38;2;0;0;0m██  [38;2;0;0;0m██[38;2;197;139;139m██[38;2;0;0;0m██[38;2;0;0;0m██[38;2;90;90;148m██[38;2;90;90;148m██[38;2;90;90;148m██[38;2;106;106;164m██[38;2;0;0;0m██
        [38;2;0;0;0m██[38;2;0;0;0m██  [38;2;0;0;0m██[38;2;197;139;139m██[38;2;0;0;0m██    [38;2;0;0;0m██[38;2;0;0;0m██[38;2;0;0;0m██[38;2;0;0;0m██  
            [38;2;0;0;0m██[38;2;255;189;189m██[38;2;197;139;139m██[38;2;255;189;189m██[38;2;0;0;0m██            
              [38;2;0;0;0m██[38;2;0;0;0m██[38;2;0;0;0m██              
