            [38;2;0;0;0m██                          
          [38;2;0;0;0m██[38;2;156;172;57m██[38;2;0;0;0m██        [38;2;0;0;0m██[38;2;0;0;0m██            
          [38;2;0;0;0m██[38;2;156;172;57m██[38;2;0;0;0m██[38;2;0;0;0m██[38;2;0;0;0m██  [38;2;0;0;0m██[38;2;238;222;74m██[38;2;238;222;74m██[38;2;0;0;0m██          
          [38;2;0;0;0m██[38;2;106;106;74m██[38;2;246;238;164m██[38;2;246;238;164m██[38;2;246;238;164m██[38;2;0;0;0m██[38;2;246;238;164m██[38;2;156;172;57m██[38;2;156;172;57m██[38;2;156;172;57m██[38;2;0;0;0m██        
          [38;2;0;0;0m██[38;2;246;238;164m██[38;2;246;238;164m██[38;2;246;238;164m██[38;2;189;180;115m██[38;2;246;238;164m██[38;2;246;238;164m██[38;2;246;238;164m██[38;2;156;172;57m██[38;2;238;222;74m██[38;2;0;0;0m██        
        [38;2;0;0;0m██[38;2;0;0;0m██[38;2;197;139;139m██[38;2;246;238;164m██[38;2;246;238;164m██[38;2;255;255;255m██[38;2;156;172;57m██[38;2;246;238;164m██[38;2;246;238;164m██[38;2;156;172;57m██[38;2;156;172;57m██[38;2;0;0;0m██        
    [38;2;0;0;0m██[38;2;0;0;0m██[38;2;0;0;0m██[38;2;255;189;189m██[38;2;255;189;189m██[38;2;197;139;139m██[38;2;246;238;164m██[38;2;0;0;0m██[38;2;246;238;164m██[38;2;246;238;164m██[38;2;156;172;57m██[38;2;238;222;74m██[38;2;0;0;0m██          
  [38;2;0;0;0m██[38;2;238;222;74m██[38;2;57;65;82m██[38;2;255;189;189m██[38;2;255;189;189m██[38;2;57;65;82m██[38;2;106;106;74m██[38;2;246;238;164m██[38;2;246;238;164m██[38;2;246;238;164m██[38;2;246;238;164m██[38;2;246;238;164m██[38;2;0;0;0m██            
[38;2;0;0;0m██[38;2;238;222;74m██[38;2;238;222;74m██[38;2;57;65;82m██[38;2;255;189;189m██[38;2;57;65;82m██[38;2;246;238;164m██[38;2;246;238;164m██[38;2;246;238;164m██[38;2;246;238;164m██[38;2;246;238;164m██[38;2;246;238;164m██[38;2;246;238;164m██[38;2;0;0;0m██  [38;2;0;0;0m██[38;2;0;0;0m██      
[38;2;0;0;0m██[38;2;238;222;74m██[38;2;238;222;74m██[38;2;238;222;74m██[38;2;57;65;82m██[38;2;57;65;82m██[38;2;189;180;115m██[38;2;238;222;74m██[38;2;189;180;115m██[38;2;246;238;164m██[38;2;106;106;74m██[38;2;246;238;164m██[38;2;246;238;164m██[38;2;246;238;164m██[38;2;0;0;0m██[38;2;238;222;74m██[38;2;238;222;74m██[38;2;0;0;0m██[38;2;0;0;0m██  
  [38;2;0;0;0m██[38;2;238;222;74m██[38;2;238;222;74m██[38;2;57;65;82m██[38;2;189;180;115m██[38;2;57;65;82m██[38;2;189;180;115m██[38;2;246;238;164m██[38;2;246;238;164m██[38;2;106;106;74m██[38;2;106;106;74m██[38;2;246;238;164m██[38;2;246;238;164m██[38;2;246;238;164m██[38;2;156;172;57m██[38;2;238;222;74m██[38;2;238;222;74m██[38;2;106;106;74m██[38;2;0;0;0m██
  [38;2;0;0;0m██[38;2;238;222;74m██[38;2;156;172;57m██[38;2;156;172;57m██[38;2;57;65;82m██[38;2;57;65;82m██[38;2;246;238;164m██[38;2;246;238;164m██[38;2;246;238;164m██[38;2;246;238;164m██[38;2;106;106;74m██[38;2;106;106;74m██[38;2;156;172;57m██[38;2;156;172;57m██[38;2;238;222;74m██[38;2;238;222;74m██[38;2;238;222;74m██[38;2;156;172;57m██[38;2;0;0;0m██
    [38;2;0;0;0m██[38;2;156;172;57m██[38;2;106;106;74m██[38;2;156;172;57m██[38;2;57;65;82m██[38;2;0;0;0m██[38;2;246;238;164m██[38;2;246;238;164m██[38;2;189;180;115m██[38;2;189;180;115m██[38;2;106;106;74m██[38;2;238;222;74m██[38;2;238;222;74m██[38;2;238;222;74m██[38;2;238;222;74m██[38;2;156;172;57m██[38;2;156;172;57m██[38;2;0;0;0m██
      [38;2;0;0;0m██[38;2;0;0;0m██[38;2;0;0;0m██[38;2;0;0;0m██  [38;2;0;0;0m██[38;2;189;180;115m██[38;2;189;180;115m██[38;2;189;180;115m██[38;2;106;106;74m██[38;2;238;222;74m██[38;2;238;222;74m██[38;2;156;172;57m██[38;2;106;106;74m██[38;2;156;172;57m██[38;2;0;0;0m██  
                [38;2;0;0;0m██[38;2;57;65;82m██[38;2;57;65;82m██[38;2;197;197;197m██[38;2;197;197;197m██[38;2;57;65;82m██[38;2;156;172;57m██[38;2;156;172;57m██[38;2;0;0;0m██[38;2;0;0;0m██    
              [38;2;0;0;0m██[38;2;0;0;0m██[38;2;156;172;57m██[38;2;0;0;0m██[38;2;57;65;82m██[38;2;197;139;139m██[38;2;57;65;82m██[38;2;0;0;0m██[38;2;0;0;0m██        
            [38;2;0;0;0m██[38;2;197;139;139m██[38;2;197;139;139m██[38;2;0;0;0m██  [38;2;0;0;0m██[38;2;197;139;139m██[38;2;0;0;0m██            
              [38;2;0;0;0m██[38;2;0;0;0m██  [38;2;0;0;0m██[38;2;238;222;74m██[38;2;238;222;74m██[38;2;156;172;57m██[38;2;0;0;0m██          
                  [38;2;0;0;0m██[38;2;255;189;189m██[38;2;197;139;139m██[38;2;255;189;189m██[38;2;0;0;0m██            
                    [38;2;0;0;0m██[38;2;0;0;0m██[38;2;0;0;0m██              
