                  [38;2;0;0;0m██[38;2;0;0;0m██[38;2;0;0;0m██                
            [38;2;0;0;0m██[38;2;0;0;0m██[38;2;0;0;0m██[38;2;58;156;82m██[38;2;58;197;90m██[38;2;58;197;90m██[38;2;0;0;0m██[38;2;0;0;0m██            
          [38;2;0;0;0m██[38;2;58;197;90m██[38;2;58;197;90m██[38;2;66;115;66m██[38;2;58;197;90m██[38;2;58;197;90m██[38;2;58;197;90m██[38;2;58;197;90m██[38;2;58;197;90m██[38;2;0;0;0m██          
          [38;2;0;0;0m██[38;2;58;197;90m██[38;2;58;197;90m██[38;2;255;222;140m██[38;2;58;197;90m██[38;2;255;222;140m██[38;2;58;197;90m██[38;2;58;197;90m██[38;2;58;197;90m██[38;2;66;115;66m██[38;2;0;0;0m██        
          [38;2;0;0;0m██[38;2;58;156;82m██[38;2;58;197;90m██[38;2;58;197;90m██[38;2;58;197;90m██[38;2;58;197;90m██[38;2;255;222;140m██[38;2;58;197;90m██[38;2;58;156;82m██[38;2;58;197;90m██[38;2;58;197;90m██[38;2;0;0;0m██      
            [38;2;0;0;0m██[38;2;65;65;65m██[38;2;66;115;66m██[38;2;58;156;82m██[38;2;58;197;90m██[38;2;58;197;90m██[38;2;58;197;90m██[38;2;58;197;90m██[38;2;58;197;90m██[38;2;58;197;90m██[38;2;0;0;0m██      
  [38;2;0;0;0m██[38;2;0;0;0m██  [38;2;0;0;0m██[38;2;0;0;0m██[38;2;58;197;90m██[38;2;58;197;90m██[38;2;58;197;90m██[38;2;58;197;90m██[38;2;65;65;65m██[38;2;65;65;65m██[38;2;58;156;82m██[38;2;58;197;90m██[38;2;58;197;90m██[38;2;58;156;82m██[38;2;0;0;0m██      
[38;2;0;0;0m██[38;2;58;197;90m██[38;2;58;197;90m██[38;2;0;0;0m██[38;2;58;156;82m██[38;2;58;197;90m██[38;2;58;197;90m██[38;2;58;197;90m██[38;2;58;197;90m██[38;2;58;197;90m██[38;2;58;197;90m██[38;2;58;197;90m██[38;2;65;65;65m██[38;2;58;156;82m██[38;2;0;0;0m██[38;2;0;0;0m██        
[38;2;0;0;0m██[38;2;123;230;140m██[38;2;65;65;65m██[38;2;58;156;82m██[38;2;58;197;90m██[38;2;58;197;90m██[38;2;58;197;90m██[38;2;58;197;90m██[38;2;58;197;90m██[38;2;58;197;90m██[38;2;58;197;90m██[38;2;58;197;90m██[38;2;58;197;90m██[38;2;0;0;0m██            
[38;2;0;0;0m██[38;2;123;230;140m██[38;2;65;65;65m██[38;2;255;255;255m██[38;2;58;197;90m██[38;2;58;197;90m██[38;2;58;197;90m██[38;2;58;197;90m██[38;2;58;197;90m██[38;2;58;197;90m██[38;2;58;197;90m██[38;2;58;197;90m██[38;2;65;65;65m██[38;2;65;65;65m██[38;2;0;0;0m██          
[38;2;0;0;0m██[38;2;66;115;66m██[38;2;58;156;82m██[38;2;0;0;0m██[38;2;255;255;255m██[38;2;58;197;90m██[38;2;58;197;90m██[38;2;255;255;255m██[38;2;58;197;90m██[38;2;58;197;90m██[38;2;58;197;90m██[38;2;66;115;66m██[38;2;58;197;90m██[38;2;58;197;90m██[38;2;58;197;90m██[38;2;0;0;0m██        
  [38;2;0;0;0m██[38;2;58;156;82m██[38;2;65;65;65m██[38;2;255;255;255m██[38;2;58;197;90m██[38;2;58;197;90m██[38;2;0;0;0m██[38;2;255;255;255m██[38;2;58;156;82m██[38;2;58;156;82m██[38;2;58;197;90m██[38;2;123;230;140m██[38;2;123;230;140m██[38;2;58;197;90m██[38;2;0;0;0m██        
    [38;2;0;0;0m██[38;2;255;222;140m██[38;2;255;222;140m██[38;2;58;197;90m██[38;2;255;222;140m██[38;2;65;65;65m██[38;2;255;255;255m██[38;2;255;222;140m██[38;2;58;156;82m██[38;2;123;230;140m██[38;2;123;230;140m██[38;2;123;230;140m██[38;2;58;197;90m██[38;2;0;0;0m██        
      [38;2;0;0;0m██[38;2;255;222;140m██[38;2;255;222;140m██[38;2;255;222;140m██[38;2;255;222;140m██[38;2;255;222;140m██[38;2;255;222;140m██[38;2;65;65;65m██[38;2;123;230;140m██[38;2;58;197;90m██[38;2;58;197;90m██[38;2;0;0;0m██  [38;2;0;0;0m██  [38;2;0;0;0m██  
        [38;2;0;0;0m██[38;2;65;65;65m██[38;2;255;222;140m██[38;2;255;222;140m██[38;2;255;222;140m██[38;2;197;165;90m██[38;2;65;65;65m██[38;2;58;156;82m██[38;2;65;65;65m██[38;2;0;0;0m██  [38;2;0;0;0m██[38;2;58;197;90m██[38;2;0;0;0m██[38;2;58;197;90m██[38;2;0;0;0m██
        [38;2;0;0;0m██[38;2;230;197;107m██[38;2;65;65;65m██[38;2;65;65;65m██[38;2;65;65;65m██[38;2;65;65;65m██[38;2;197;165;90m██[38;2;230;197;107m██[38;2;197;165;90m██[38;2;0;0;0m██  [38;2;0;0;0m██[38;2;58;156;82m██[38;2;58;197;90m██[38;2;58;156;82m██[38;2;0;0;0m██
          [38;2;0;0;0m██[38;2;0;0;0m██[38;2;197;165;90m██[38;2;230;197;107m██[38;2;230;197;107m██[38;2;65;65;65m██[38;2;65;65;65m██[38;2;230;197;107m██[38;2;230;197;107m██[38;2;0;0;0m██[38;2;58;156;82m██[38;2;66;115;66m██[38;2;0;0;0m██[38;2;0;0;0m██  
              [38;2;0;0;0m██[38;2;197;165;90m██[38;2;230;197;107m██[38;2;230;197;107m██[38;2;66;115;66m██[38;2;65;65;65m██[38;2;255;222;140m██[38;2;65;65;65m██[38;2;0;0;0m██[38;2;0;0;0m██      
            [38;2;0;0;0m██[38;2;58;156;82m██[38;2;66;115;66m██[38;2;0;0;0m██[38;2;65;65;65m██[38;2;66;115;66m██[38;2;58;156;82m██[38;2;0;0;0m██[38;2;0;0;0m██          
              [38;2;0;0;0m██[38;2;0;0;0m██  [38;2;0;0;0m██[38;2;58;156;82m██[38;2;58;156;82m██[38;2;0;0;0m██            
                      [38;2;0;0;0m██[38;2;0;0;0m██              
