                    [38;2;0;0;0m██[38;2;0;0;0m██[38;2;0;0;0m██                  
                  [38;2;0;0;0m██[38;2;247;123;173m██[38;2;247;123;173m██[38;2;247;214;74m██[38;2;0;0;0m██                
                [38;2;0;0;0m██[38;2;189;165;66m██[38;2;247;214;74m██[38;2;247;123;173m██[38;2;247;123;173m██[38;2;247;123;173m██[38;2;0;0;0m██              
                [38;2;0;0;0m██[38;2;148;74;99m██[38;2;189;99;123m██[38;2;189;99;123m██[38;2;189;165;66m██[38;2;148;74;99m██[38;2;0;0;0m██              
                [38;2;0;0;0m██[38;2;65;65;65m██[38;2;148;74;99m██[38;2;148;74;99m██[38;2;148;74;99m██[38;2;65;65;65m██[38;2;0;0;0m██[38;2;0;0;0m██  [38;2;0;0;0m██[38;2;0;0;0m██[38;2;0;0;0m██    
                  [38;2;0;0;0m██[38;2;65;65;65m██[38;2;189;165;66m██[38;2;65;65;65m██[38;2;247;148;41m██[38;2;247;148;41m██[38;2;247;148;41m██[38;2;0;0;0m██[38;2;247;123;173m██[38;2;247;214;74m██[38;2;189;165;66m██[38;2;0;0;0m██  
              [38;2;0;0;0m██[38;2;0;0;0m██[38;2;0;0;0m██[38;2;247;148;41m██[38;2;247;148;41m██[38;2;197;115;82m██[38;2;197;115;82m██[38;2;247;148;41m██[38;2;65;65;65m██[38;2;247;123;173m██[38;2;247;123;173m██[38;2;247;123;173m██[38;2;247;214;74m██[38;2;189;165;66m██[38;2;0;0;0m██
          [38;2;0;0;0m██[38;2;0;0;0m██[38;2;197;115;82m██[38;2;247;148;41m██[38;2;247;148;41m██[38;2;65;65;65m██[38;2;65;65;65m██[38;2;247;148;41m██[38;2;247;148;41m██[38;2;197;115;82m██[38;2;65;65;65m██[38;2;189;165;66m██[38;2;189;165;66m██[38;2;189;99;123m██[38;2;189;99;123m██[38;2;148;74;99m██[38;2;0;0;0m██
        [38;2;0;0;0m██[38;2;0;0;0m██[38;2;255;255;255m██[38;2;197;115;82m██[38;2;247;148;41m██[38;2;247;148;41m██[38;2;247;148;41m██[38;2;247;148;41m██[38;2;65;65;65m██[38;2;247;148;41m██[38;2;247;148;41m██[38;2;197;115;82m██[38;2;65;65;65m██[38;2;148;74;99m██[38;2;148;74;99m██[38;2;148;74;99m██[38;2;65;65;65m██[38;2;0;0;0m██
    [38;2;0;0;0m██[38;2;0;0;0m██[38;2;65;65;65m██[38;2;189;189;189m██[38;2;197;115;82m██[38;2;247;148;41m██[38;2;247;148;41m██[38;2;247;148;41m██[38;2;197;115;82m██[38;2;189;189;189m██[38;2;189;189;189m██[38;2;65;65;65m██[38;2;197;115;82m██[38;2;247;148;41m██[38;2;197;115;82m██[38;2;65;65;65m██[38;2;65;65;65m██[38;2;0;0;0m██[38;2;0;0;0m██  
  [38;2;0;0;0m██[38;2;197;115;82m██[38;2;197;115;82m██[38;2;65;65;65m██[38;2;197;115;82m██[38;2;197;115;82m██[38;2;173;90;58m██[38;2;173;90;58m██[38;2;197;115;82m██[38;2;189;189;189m██[38;2;255;255;255m██[38;2;0;0;0m██[38;2;255;255;255m██[38;2;65;65;65m██[38;2;197;115;82m██[38;2;65;65;65m██[38;2;197;115;82m██[38;2;65;65;65m██[38;2;0;0;0m██    
[38;2;0;0;0m██[38;2;197;115;82m██[38;2;197;115;82m██[38;2;197;115;82m██[38;2;197;115;82m██[38;2;65;65;65m██[38;2;173;90;58m██[38;2;247;148;41m██[38;2;247;148;41m██[38;2;173;90;58m██[38;2;189;189;189m██[38;2;0;0;0m██[38;2;0;0;0m██[38;2;255;255;255m██[38;2;65;65;65m██[38;2;65;65;65m██[38;2;247;148;41m██[38;2;65;65;65m██[38;2;65;65;65m██[38;2;173;90;58m██[38;2;0;0;0m██  
[38;2;0;0;0m██[38;2;65;65;65m██[38;2;197;115;82m██[38;2;197;115;82m██[38;2;0;0;0m██[38;2;0;0;0m██[38;2;255;255;255m██[38;2;65;65;65m██[38;2;65;65;65m██[38;2;65;65;65m██[38;2;173;90;58m██[38;2;255;255;255m██[38;2;255;255;255m██[38;2;65;65;65m██[38;2;247;148;41m██[38;2;247;148;41m██[38;2;197;115;82m██[38;2;65;65;65m██[38;2;197;115;82m██[38;2;65;65;65m██[38;2;173;90;58m██[38;2;0;0;0m██
[38;2;0;0;0m██[38;2;197;115;82m██[38;2;65;65;65m██[38;2;0;0;0m██    [38;2;0;0;0m██[38;2;0;0;0m██[38;2;65;65;65m██[38;2;255;255;255m██[38;2;197;115;82m██[38;2;173;90;58m██[38;2;65;65;65m██[38;2;247;148;41m██[38;2;247;148;41m██[38;2;197;115;82m██[38;2;197;115;82m██[38;2;65;65;65m██[38;2;173;90;58m██[38;2;197;115;82m██[38;2;0;0;0m██[38;2;0;0;0m██
[38;2;0;0;0m██[38;2;197;115;82m██[38;2;0;0;0m██          [38;2;0;0;0m██[38;2;0;0;0m██[38;2;0;0;0m██[38;2;65;65;65m██[38;2;197;115;82m██[38;2;247;148;41m██[38;2;247;148;41m██[38;2;197;115;82m██[38;2;197;115;82m██[38;2;0;0;0m██[38;2;0;0;0m██[38;2;197;115;82m██[38;2;0;0;0m██  
  [38;2;0;0;0m██                  [38;2;0;0;0m██[38;2;247;148;41m██[38;2;247;148;41m██[38;2;197;115;82m██[38;2;197;115;82m██[38;2;0;0;0m██    [38;2;0;0;0m██[38;2;0;0;0m██  
                      [38;2;0;0;0m██[38;2;247;148;41m██[38;2;65;65;65m██[38;2;65;65;65m██[38;2;197;115;82m██[38;2;0;0;0m██          
                      [38;2;0;0;0m██[38;2;65;65;65m██[38;2;197;115;82m██[38;2;65;65;65m██[38;2;0;0;0m██            
                        [38;2;0;0;0m██[38;2;197;115;82m██[38;2;0;0;0m██              
                        [38;2;0;0;0m██[38;2;0;0;0m██                
