                                [38;2;0;0;0m██[38;2;0;0;0m██[38;2;0;0;0m██          
                              [38;2;0;0;0m██[38;2;172;180;205m██[38;2;172;180;205m██[38;2;172;180;205m██[38;2;0;0;0m██[38;2;0;0;0m██      
                            [38;2;0;0;0m██[38;2;172;180;205m██[38;2;172;180;205m██[38;2;115;115;123m██[38;2;115;115;123m██[38;2;172;180;205m██[38;2;139;139;148m██[38;2;0;0;0m██    
                            [38;2;0;0;0m██[38;2;172;180;205m██[38;2;172;180;205m██[38;2;172;180;205m██[38;2;172;180;205m██[38;2;115;115;123m██[38;2;172;180;205m██[38;2;0;0;0m██    
        [38;2;0;0;0m██[38;2;0;0;0m██                  [38;2;0;0;0m██[38;2;172;180;205m██[38;2;172;180;205m██[38;2;115;115;123m██[38;2;0;0;0m██[38;2;139;139;148m██[38;2;172;180;205m██[38;2;0;0;0m██  
      [38;2;0;0;0m██[38;2;82;106;115m██[38;2;65;65;65m██[38;2;0;0;0m██        [38;2;0;0;0m██[38;2;0;0;0m██      [38;2;0;0;0m██[38;2;0;0;0m██[38;2;0;0;0m██  [38;2;0;0;0m██[38;2;172;180;205m██[38;2;0;0;0m██  
      [38;2;0;0;0m██[38;2;65;65;65m██[38;2;82;106;115m██[38;2;0;0;0m██      [38;2;0;0;0m██[38;2;82;106;115m██[38;2;82;106;115m██[38;2;0;0;0m██            [38;2;0;0;0m██[38;2;172;180;205m██[38;2;0;0;0m██  
      [38;2;0;0;0m██[38;2;65;65;65m██[38;2;82;106;115m██[38;2;65;65;65m██[38;2;0;0;0m██[38;2;0;0;0m██[38;2;0;0;0m██[38;2;82;106;115m██[38;2;82;106;115m██[38;2;82;106;115m██[38;2;82;106;115m██          [38;2;0;0;0m██[38;2;139;139;148m██[38;2;139;139;148m██[38;2;0;0;0m██  
        [38;2;0;0;0m██[38;2;82;106;115m██[38;2;172;180;205m██[38;2;172;180;205m██[38;2;172;180;205m██[38;2;82;106;115m██[38;2;82;106;115m██[38;2;238;238;238m██[38;2;238;238;238m██[38;2;82;106;115m██[38;2;0;0;0m██    [38;2;0;0;0m██[38;2;0;0;0m██[38;2;115;115;123m██[38;2;139;139;148m██[38;2;0;0;0m██    
  [38;2;0;0;0m██[38;2;0;0;0m██[38;2;0;0;0m██[38;2;172;180;205m██[38;2;255;255;255m██[38;2;82;180;255m██[38;2;172;180;205m██[38;2;172;180;205m██[38;2;82;106;115m██[38;2;238;238;238m██[38;2;238;238;238m██[38;2;82;106;115m██[38;2;65;65;65m██[38;2;0;0;0m██[38;2;0;0;0m██[38;2;0;0;0m██[38;2;172;180;205m██[38;2;172;180;205m██[38;2;172;180;205m██[38;2;0;0;0m██      
[38;2;0;0;0m██[38;2;139;139;148m██[38;2;65;65;65m██[38;2;238;238;238m██[38;2;139;148;197m██[38;2;82;180;255m██[38;2;65;131;205m██[38;2;172;180;205m██[38;2;139;148;197m██[38;2;139;148;197m██[38;2;172;180;205m██[38;2;172;180;205m██[38;2;172;180;205m██[38;2;65;65;65m██[38;2;139;139;148m██[38;2;172;180;205m██[38;2;172;180;205m██[38;2;172;180;205m██[38;2;172;180;205m██[38;2;172;180;205m██[38;2;139;139;148m██[38;2;0;0;0m██    
  [38;2;0;0;0m██[38;2;65;65;65m██[38;2;238;238;238m██[38;2;0;0;0m██[38;2;172;180;205m██[38;2;172;180;205m██[38;2;139;148;197m██[38;2;139;148;197m██[38;2;238;238;238m██[38;2;65;65;65m██[38;2;172;180;205m██[38;2;172;180;205m██[38;2;172;180;205m██[38;2;65;65;65m██[38;2;65;65;65m██[38;2;172;180;205m██[38;2;172;180;205m██[38;2;172;180;205m██[38;2;139;139;148m██[38;2;139;139;148m██[38;2;0;0;0m██    
[38;2;0;0;0m██[38;2;139;139;148m██[38;2;65;65;65m██[38;2;172;180;205m██[38;2;238;238;238m██[38;2;172;180;205m██[38;2;172;180;205m██[38;2;238;238;238m██[38;2;0;0;0m██[38;2;238;238;238m██[38;2;65;65;65m██[38;2;172;180;205m██[38;2;172;180;205m██[38;2;172;180;205m██[38;2;139;139;148m██[38;2;172;180;205m██[38;2;65;65;65m██[38;2;139;139;148m██[38;2;139;139;148m██[38;2;139;139;148m██[38;2;139;139;148m██[38;2;139;139;148m██[38;2;0;0;0m██  
  [38;2;0;0;0m██[38;2;0;0;0m██[38;2;172;180;205m██[38;2;172;180;205m██[38;2;82;106;115m██[38;2;82;106;115m██[38;2;238;238;238m██[38;2;238;238;238m██[38;2;65;65;65m██[38;2;172;180;205m██[38;2;172;180;205m██[38;2;172;180;205m██[38;2;65;65;65m██[38;2;65;65;65m██[38;2;65;65;65m██[38;2;139;139;148m██[38;2;139;139;148m██[38;2;139;139;148m██[38;2;139;139;148m██[38;2;139;139;148m██[38;2;139;139;148m██[38;2;0;0;0m██  
      [38;2;0;0;0m██[38;2;172;180;205m██[38;2;139;139;148m██[38;2;172;180;205m██[38;2;172;180;205m██[38;2;172;180;205m██[38;2;172;180;205m██[38;2;172;180;205m██[38;2;172;180;205m██[38;2;172;180;205m██[38;2;139;139;148m██[38;2;172;180;205m██[38;2;65;65;65m██[38;2;139;139;148m██[38;2;65;65;65m██[38;2;139;139;148m██[38;2;139;139;148m██[38;2;139;139;148m██[38;2;139;139;148m██[38;2;65;65;65m██[38;2;0;0;0m██
        [38;2;0;0;0m██[38;2;172;180;205m██[38;2;172;180;205m██[38;2;172;180;205m██[38;2;172;180;205m██[38;2;172;180;205m██[38;2;172;180;205m██[38;2;172;180;205m██[38;2;65;65;65m██[38;2;65;65;65m██[38;2;65;65;65m██[38;2;139;139;148m██[38;2;0;0;0m██[38;2;0;0;0m██[38;2;0;0;0m██[38;2;139;139;148m██[38;2;139;139;148m██[38;2;65;65;65m██[38;2;139;139;148m██[38;2;0;0;0m██
          [38;2;0;0;0m██[38;2;65;65;65m██[38;2;172;180;205m██[38;2;172;180;205m██[38;2;172;180;205m██[38;2;65;65;65m██[38;2;65;65;65m██[38;2;65;65;65m██[38;2;139;139;148m██[38;2;139;139;148m██[38;2;0;0;0m██      [38;2;0;0;0m██[38;2;139;139;148m██[38;2;139;139;148m██[38;2;139;139;148m██[38;2;0;0;0m██
            [38;2;0;0;0m██[38;2;65;65;65m██[38;2;65;65;65m██[38;2;65;65;65m██[38;2;0;0;0m██[38;2;0;0;0m██[38;2;139;139;148m██[38;2;139;139;148m██[38;2;139;139;148m██[38;2;0;0;0m██    [38;2;0;0;0m██[38;2;139;139;148m██[38;2;115;115;123m██[38;2;139;139;148m██[38;2;0;0;0m██  
            [38;2;0;0;0m██[38;2;115;115;123m██[38;2;115;115;123m██[38;2;0;0;0m██  [38;2;0;0;0m██[38;2;139;139;148m██[38;2;139;139;148m██[38;2;0;0;0m██        [38;2;0;0;0m██[38;2;0;0;0m██[38;2;0;0;0m██    
              [38;2;0;0;0m██[38;2;0;0;0m██  [38;2;0;0;0m██[38;2;139;139;148m██[38;2;139;139;148m██[38;2;139;139;148m██[38;2;0;0;0m██                  
                  [38;2;0;0;0m██[38;2;139;139;148m██[38;2;115;115;123m██[38;2;139;139;148m██[38;2;0;0;0m██                    
                    [38;2;0;0;0m██[38;2;0;0;0m██[38;2;0;0;0m██                      
