                            [38;2;0;0;0m██[38;2;0;0;0m██                  
                          [38;2;0;0;0m██[38;2;65;65;65m██[38;2;0;0;0m██                  
        [38;2;0;0;0m██[38;2;0;0;0m██              [38;2;0;0;0m██[38;2;65;65;65m██[38;2;0;0;0m██                  
      [38;2;0;0;0m██[38;2;181;148;115m██[38;2;0;0;0m██[38;2;107;173;82m██[38;2;66;115;58m██      [38;2;0;0;0m██[38;2;0;0;0m██[38;2;65;65;65m██[38;2;65;65;65m██[38;2;65;65;65m██[38;2;0;0;0m██                
  [38;2;66;115;58m██[38;2;0;0;0m██[38;2;181;148;115m██[38;2;65;65;65m██[38;2;107;173;82m██[38;2;66;115;58m██      [38;2;0;0;0m██[38;2;65;65;65m██[38;2;65;65;65m██[38;2;65;65;65m██[38;2;65;65;65m██[38;2;65;65;65m██[38;2;0;0;0m██      [38;2;0;0;0m██[38;2;0;0;0m██[38;2;0;0;0m██    
[38;2;66;115;58m██[38;2;107;173;82m██[38;2;107;173;82m██[38;2;181;148;115m██[38;2;181;148;115m██[38;2;0;0;0m██        [38;2;0;0;0m██[38;2;65;65;65m██[38;2;65;65;65m██[38;2;65;65;65m██[38;2;65;65;65m██[38;2;0;0;0m██    [38;2;66;115;58m██[38;2;107;173;82m██[38;2;0;0;0m██[38;2;181;148;115m██[38;2;65;65;65m██[38;2;0;0;0m██  
  [38;2;66;115;58m██[38;2;66;115;58m██[38;2;0;0;0m██[38;2;181;148;115m██[38;2;148;115;82m██[38;2;0;0;0m██  [38;2;0;0;0m██[38;2;0;0;0m██[38;2;65;65;65m██[38;2;65;65;65m██[38;2;65;65;65m██[38;2;65;65;65m██[38;2;65;65;65m██[38;2;0;0;0m██[38;2;0;0;0m██    [38;2;66;115;58m██[38;2;107;173;82m██[38;2;0;0;0m██[38;2;181;148;115m██[38;2;0;0;0m██  
      [38;2;0;0;0m██[38;2;148;115;82m██[38;2;148;115;82m██[38;2;148;115;82m██[38;2;0;0;0m██[38;2;148;115;82m██[38;2;148;115;82m██[38;2;65;65;65m██[38;2;65;65;65m██[38;2;65;65;65m██[38;2;65;65;65m██[38;2;65;65;65m██[38;2;148;115;82m██[38;2;148;115;82m██[38;2;0;0;0m██  [38;2;0;0;0m██[38;2;0;0;0m██[38;2;181;148;115m██[38;2;181;148;115m██[38;2;0;0;0m██  
    [38;2;0;0;0m██[38;2;148;115;82m██[38;2;148;115;82m██[38;2;148;115;82m██[38;2;65;65;65m██[38;2;181;148;115m██[38;2;115;90;66m██[38;2;115;90;66m██[38;2;148;115;82m██[38;2;148;115;82m██[38;2;148;115;82m██[38;2;148;115;82m██[38;2;148;115;82m██[38;2;115;90;66m██[38;2;115;90;66m██[38;2;181;148;115m██[38;2;0;0;0m██[38;2;181;148;115m██[38;2;181;148;115m██[38;2;181;148;115m██[38;2;181;148;115m██[38;2;0;0;0m██  
    [38;2;0;0;0m██[38;2;148;115;82m██[38;2;148;115;82m██[38;2;115;90;66m██[38;2;65;65;65m██[38;2;65;65;65m██[38;2;181;148;115m██[38;2;181;148;115m██[38;2;115;90;66m██[38;2;115;90;66m██[38;2;115;90;66m██[38;2;115;90;66m██[38;2;115;90;66m██[38;2;181;148;115m██[38;2;181;148;115m██[38;2;181;148;115m██[38;2;115;90;66m██[38;2;181;148;115m██[38;2;181;148;115m██[38;2;181;148;115m██[38;2;107;173;82m██[38;2;107;173;82m██[38;2;66;115;58m██
      [38;2;0;0;0m██[38;2;148;115;82m██[38;2;148;115;82m██[38;2;65;65;65m██[38;2;255;140;165m██[38;2;181;148;115m██[38;2;181;148;115m██[38;2;181;148;115m██[38;2;65;65;65m██[38;2;65;65;65m██[38;2;181;148;115m██[38;2;181;148;115m██[38;2;181;148;115m██[38;2;65;65;65m██[38;2;115;90;66m██[38;2;148;115;82m██[38;2;181;148;115m██[38;2;181;148;115m██[38;2;0;0;0m██[38;2;66;115;58m██[38;2;66;115;58m██  
        [38;2;0;0;0m██[38;2;0;0;0m██[38;2;65;65;65m██[38;2;255;140;165m██[38;2;181;148;115m██[38;2;181;148;115m██[38;2;65;65;65m██[38;2;65;65;65m██[38;2;65;65;65m██[38;2;65;65;65m██[38;2;181;148;115m██[38;2;65;65;65m██[38;2;148;115;82m██[38;2;148;115;82m██[38;2;148;115;82m██[38;2;148;115;82m██[38;2;148;115;82m██[38;2;0;0;0m██      
            [38;2;0;0;0m██[38;2;65;65;65m██[38;2;181;148;115m██[38;2;181;148;115m██[38;2;65;65;65m██[38;2;255;140;165m██[38;2;65;65;65m██[38;2;65;65;65m██[38;2;181;148;115m██[38;2;65;65;65m██[38;2;148;115;82m██[38;2;115;90;66m██[38;2;115;90;66m██[38;2;148;115;82m██[38;2;148;115;82m██[38;2;0;0;0m██      
            [38;2;0;0;0m██[38;2;148;115;82m██[38;2;148;115;82m██[38;2;181;148;115m██[38;2;65;65;65m██[38;2;255;140;165m██[38;2;65;65;65m██[38;2;65;65;65m██[38;2;181;148;115m██[38;2;148;115;82m██[38;2;65;65;65m██[38;2;148;115;82m██[38;2;148;115;82m██[38;2;0;0;0m██[38;2;0;0;0m██        
              [38;2;0;0;0m██[38;2;148;115;82m██[38;2;148;115;82m██[38;2;65;65;65m██[38;2;65;65;65m██[38;2;65;65;65m██[38;2;65;65;65m██[38;2;148;115;82m██[38;2;148;115;82m██[38;2;148;115;82m██[38;2;0;0;0m██[38;2;0;0;0m██            
                [38;2;0;0;0m██[38;2;0;0;0m██[38;2;148;115;82m██[38;2;65;65;65m██[38;2;65;65;65m██[38;2;148;115;82m██[38;2;148;115;82m██[38;2;148;115;82m██[38;2;0;0;0m██                
                    [38;2;0;0;0m██[38;2;0;0;0m██[38;2;148;115;82m██[38;2;148;115;82m██[38;2;0;0;0m██[38;2;0;0;0m██  [38;2;0;0;0m██[38;2;0;0;0m██            
                  [38;2;0;0;0m██[38;2;65;65;65m██[38;2;65;65;65m██[38;2;65;65;65m██[38;2;65;65;65m██[38;2;65;65;65m██[38;2;0;0;0m██[38;2;0;0;0m██[38;2;65;65;65m██[38;2;65;65;65m██[38;2;0;0;0m██          
                  [38;2;0;0;0m██[38;2;65;65;65m██[38;2;65;65;65m██[38;2;65;65;65m██[38;2;65;65;65m██[38;2;65;65;65m██[38;2;65;65;65m██[38;2;65;65;65m██[38;2;0;0;0m██[38;2;0;0;0m██[38;2;65;65;65m██[38;2;0;0;0m██        
                    [38;2;0;0;0m██[38;2;65;65;65m██[38;2;65;65;65m██[38;2;65;65;65m██[38;2;65;65;65m██[38;2;0;0;0m██[38;2;0;0;0m██    [38;2;0;0;0m██[38;2;0;0;0m██        
                      [38;2;0;0;0m██[38;2;0;0;0m██[38;2;0;0;0m██[38;2;0;0;0m██                    
