              [38;2;0;0;0m██[38;2;0;0;0m██[38;2;0;0;0m██[38;2;0;0;0m██                        
            [38;2;0;0;0m██[38;2;115;197;255m██[38;2;173;230;255m██[38;2;115;197;255m██[38;2;65;65;65m██[38;2;0;0;0m██[38;2;0;0;0m██[38;2;0;0;0m██[38;2;0;0;0m██                
            [38;2;0;0;0m██[38;2;65;65;65m██[38;2;115;197;255m██[38;2;115;197;255m██[38;2;115;197;255m██[38;2;65;65;65m██[38;2;115;197;255m██[38;2;115;197;255m██[38;2;115;197;255m██[38;2;0;0;0m██[38;2;0;0;0m██[38;2;0;0;0m██          
        [38;2;0;0;0m██[38;2;0;0;0m██[38;2;115;197;255m██[38;2;115;197;255m██[38;2;65;65;65m██[38;2;65;65;65m██[38;2;0;0;0m██[38;2;0;0;0m██[38;2;0;0;0m██[38;2;0;0;0m██[38;2;82;148;206m██[38;2;82;148;206m██[38;2;82;148;206m██[38;2;82;148;206m██[38;2;0;0;0m██[38;2;0;0;0m██      
      [38;2;0;0;0m██[38;2;115;197;255m██[38;2;115;197;255m██[38;2;173;230;255m██[38;2;115;197;255m██[38;2;115;197;255m██[38;2;115;197;255m██[38;2;115;197;255m██[38;2;0;0;0m██    [38;2;0;0;0m██[38;2;0;0;0m██[38;2;82;148;206m██[38;2;82;148;206m██[38;2;82;148;206m██[38;2;65;65;65m██[38;2;0;0;0m██    
    [38;2;0;0;0m██[38;2;115;197;255m██[38;2;58;123;255m██[38;2;115;197;255m██[38;2;115;197;255m██[38;2;115;197;255m██[38;2;115;197;255m██[38;2;115;197;255m██[38;2;115;197;255m██[38;2;115;197;255m██[38;2;0;0;0m██      [38;2;0;0;0m██[38;2;82;148;206m██[38;2;82;148;206m██[38;2;82;148;206m██[38;2;82;148;206m██[38;2;0;0;0m██  
    [38;2;0;0;0m██[38;2;65;65;65m██[38;2;58;123;255m██[38;2;115;197;255m██[38;2;58;123;255m██[38;2;58;123;255m██[38;2;115;197;255m██[38;2;115;197;255m██[38;2;115;197;255m██[38;2;115;197;255m██[38;2;0;0;0m██        [38;2;0;0;0m██[38;2;82;148;206m██[38;2;82;148;206m██[38;2;82;148;206m██[38;2;82;148;206m██[38;2;0;0;0m██
    [38;2;0;0;0m██[38;2;82;148;206m██[38;2;115;197;255m██[38;2;115;197;255m██[38;2;58;123;255m██[38;2;58;123;255m██[38;2;115;197;255m██[38;2;115;197;255m██[38;2;115;197;255m██[38;2;115;197;255m██[38;2;115;197;255m██[38;2;0;0;0m██        [38;2;0;0;0m██[38;2;82;148;206m██[38;2;82;148;206m██[38;2;82;148;206m██[38;2;0;0;0m██
    [38;2;0;0;0m██[38;2;82;148;206m██[38;2;115;197;255m██[38;2;115;197;255m██[38;2;115;197;255m██[38;2;115;197;255m██[38;2;65;65;65m██[38;2;82;148;206m██[38;2;115;197;255m██[38;2;115;197;255m██[38;2;115;197;255m██[38;2;0;0;0m██        [38;2;0;0;0m██[38;2;82;148;206m██[38;2;82;148;206m██[38;2;65;65;65m██[38;2;0;0;0m██
      [38;2;0;0;0m██[38;2;115;197;255m██[38;2;115;197;255m██[38;2;115;197;255m██[38;2;82;148;206m██[38;2;255;255;255m██[38;2;65;65;65m██[38;2;115;197;255m██[38;2;115;197;255m██[38;2;82;148;206m██[38;2;0;0;0m██          [38;2;0;0;0m██[38;2;0;0;0m██[38;2;0;0;0m██  
  [38;2;0;0;0m██[38;2;0;0;0m██[38;2;65;65;65m██[38;2;65;65;65m██[38;2;82;148;206m██[38;2;115;197;255m██[38;2;82;148;206m██[38;2;0;0;0m██[38;2;65;65;65m██[38;2;82;148;206m██[38;2;82;148;206m██[38;2;0;0;0m██                    
[38;2;0;0;0m██[38;2;82;148;206m██[38;2;82;148;206m██[38;2;82;148;206m██[38;2;82;148;206m██[38;2;65;65;65m██[38;2;65;65;65m██[38;2;58;123;255m██[38;2;0;0;0m██[38;2;82;148;206m██[38;2;65;65;65m██[38;2;0;0;0m██                      
  [38;2;0;0;0m██[38;2;82;148;206m██[38;2;82;148;206m██[38;2;0;0;0m██[38;2;65;65;65m██[38;2;82;148;206m██[38;2;214;99;66m██[38;2;65;65;65m██[38;2;65;65;65m██[38;2;82;148;206m██[38;2;82;148;206m██[38;2;0;0;0m██                    
    [38;2;0;0;0m██[38;2;0;0;0m██  [38;2;0;0;0m██[38;2;115;197;255m██[38;2;214;99;66m██[38;2;115;197;255m██[38;2;115;197;255m██[38;2;65;65;65m██[38;2;82;148;206m██[38;2;115;197;255m██[38;2;0;0;0m██[38;2;0;0;0m██                
            [38;2;0;0;0m██[38;2;115;197;255m██[38;2;115;197;255m██[38;2;0;0;0m██[38;2;0;0;0m██[38;2;115;197;255m██[38;2;115;197;255m██[38;2;115;197;255m██[38;2;115;197;255m██[38;2;0;0;0m██              
              [38;2;0;0;0m██[38;2;0;0;0m██    [38;2;0;0;0m██[38;2;115;197;255m██[38;2;115;197;255m██[38;2;82;148;206m██[38;2;0;0;0m██              
                        [38;2;0;0;0m██[38;2;0;0;0m██[38;2;0;0;0m██                
