                              [38;2;0;0;0m██[38;2;0;0;0m██                                    
                            [38;2;0;0;0m██[38;2;213;106;90m██[38;2;0;0;0m██  [38;2;0;0;0m██[38;2;0;0;0m██[38;2;0;0;0m██  [38;2;0;0;0m██                        
                        [38;2;0;0;0m██[38;2;0;0;0m██[38;2;213;106;90m██[38;2;197;172;90m██[38;2;65;65;65m██[38;2;0;0;0m██[38;2;255;246;123m██[38;2;255;246;123m██[38;2;197;172;90m██[38;2;0;0;0m██[38;2;255;98;65m██[38;2;0;0;0m██                      
                    [38;2;0;0;0m██[38;2;0;0;0m██[38;2;197;172;90m██[38;2;197;172;90m██[38;2;197;172;90m██[38;2;255;246;123m██[38;2;255;246;123m██[38;2;255;246;123m██[38;2;255;246;123m██[38;2;197;172;90m██[38;2;255;246;123m██[38;2;156;65;65m██[38;2;255;98;65m██[38;2;0;0;0m██                      
            [38;2;0;0;0m██[38;2;0;0;0m██[38;2;0;0;0m██[38;2;0;0;0m██[38;2;197;172;90m██[38;2;197;172;90m██[38;2;255;246;123m██[38;2;255;246;123m██[38;2;255;246;123m██[38;2;255;246;123m██[38;2;255;246;123m██[38;2;197;172;90m██[38;2;197;172;90m██[38;2;255;246;123m██[38;2;156;65;65m██[38;2;255;98;65m██[38;2;0;0;0m██                        
        [38;2;0;0;0m██[38;2;0;0;0m██[38;2;197;172;90m██[38;2;255;246;123m██[38;2;197;172;90m██[38;2;197;172;90m██[38;2;255;246;123m██[38;2;255;246;123m██[38;2;255;246;123m██[38;2;197;172;90m██[38;2;197;172;90m██[38;2;197;172;90m██[38;2;197;172;90m██[38;2;255;246;123m██[38;2;255;246;123m██[38;2;255;246;123m██[38;2;156;65;65m██[38;2;255;98;65m██[38;2;0;0;0m██        [38;2;0;0;0m██[38;2;0;0;0m██[38;2;0;0;0m██          
      [38;2;0;0;0m██[38;2;213;106;90m██[38;2;197;172;90m██[38;2;255;246;123m██[38;2;197;172;90m██[38;2;255;246;123m██[38;2;255;246;123m██[38;2;255;246;123m██[38;2;197;172;90m██[38;2;197;172;90m██[38;2;197;172;90m██[38;2;255;246;123m██[38;2;255;246;123m██[38;2;255;246;123m██[38;2;255;246;123m██[38;2;255;246;123m██[38;2;156;65;65m██[38;2;255;98;65m██[38;2;0;0;0m██      [38;2;0;0;0m██[38;2;0;0;0m██[38;2;255;98;65m██[38;2;156;65;65m██[38;2;255;98;65m██[38;2;0;0;0m██        
    [38;2;0;0;0m██[38;2;213;106;90m██[38;2;197;172;90m██[38;2;255;246;123m██[38;2;197;172;90m██[38;2;255;246;123m██[38;2;255;246;123m██[38;2;197;172;90m██[38;2;197;172;90m██[38;2;255;246;123m██[38;2;255;246;123m██[38;2;255;246;123m██[38;2;255;246;123m██[38;2;255;246;123m██[38;2;255;246;123m██[38;2;156;65;65m██[38;2;156;65;65m██[38;2;255;98;65m██[38;2;255;98;65m██[38;2;0;0;0m██    [38;2;0;0;0m██[38;2;255;98;65m██[38;2;255;98;65m██[38;2;156;65;65m██[38;2;255;98;65m██[38;2;255;98;65m██[38;2;255;98;65m██[38;2;0;0;0m██[38;2;0;0;0m██    
    [38;2;0;0;0m██[38;2;156;65;65m██[38;2;255;246;123m██[38;2;197;172;90m██[38;2;255;246;123m██[38;2;255;246;123m██[38;2;197;172;90m██[38;2;255;246;123m██[38;2;255;246;123m██[38;2;255;246;123m██[38;2;255;246;123m██[38;2;156;65;65m██[38;2;156;65;65m██[38;2;156;65;65m██[38;2;156;65;65m██[38;2;255;98;65m██[38;2;255;98;65m██[38;2;255;98;65m██[38;2;0;0;0m██      [38;2;0;0;0m██[38;2;255;98;65m██[38;2;255;98;65m██[38;2;156;65;65m██[38;2;255;98;65m██[38;2;255;98;65m██[38;2;255;98;65m██[38;2;156;65;65m██[38;2;255;98;65m██[38;2;0;0;0m██  
  [38;2;0;0;0m██[38;2;213;106;90m██[38;2;156;65;65m██[38;2;255;246;123m██[38;2;255;246;123m██[38;2;255;246;123m██[38;2;197;172;90m██[38;2;255;246;123m██[38;2;255;246;123m██[38;2;255;246;123m██[38;2;156;65;65m██[38;2;156;65;65m██[38;2;255;98;65m██[38;2;255;98;65m██[38;2;255;98;65m██[38;2;255;98;65m██[38;2;255;98;65m██[38;2;255;98;65m██[38;2;0;0;0m██        [38;2;0;0;0m██[38;2;255;98;65m██[38;2;255;98;65m██[38;2;156;65;65m██[38;2;255;98;65m██[38;2;255;98;65m██[38;2;156;65;65m██[38;2;255;98;65m██[38;2;255;98;65m██[38;2;255;98;65m██[38;2;0;0;0m██
  [38;2;0;0;0m██[38;2;156;65;65m██[38;2;255;246;123m██[38;2;255;246;123m██[38;2;255;246;123m██[38;2;197;172;90m██[38;2;255;246;123m██[38;2;255;246;123m██[38;2;255;246;123m██[38;2;156;65;65m██[38;2;255;98;65m██[38;2;255;98;65m██[38;2;255;98;65m██[38;2;255;98;65m██[38;2;255;98;65m██[38;2;255;98;65m██[38;2;0;0;0m██[38;2;0;0;0m██        [38;2;0;0;0m██[38;2;255;98;65m██[38;2;255;98;65m██[38;2;156;65;65m██[38;2;255;98;65m██[38;2;255;98;65m██[38;2;255;98;65m██[38;2;156;65;65m██[38;2;255;98;65m██[38;2;255;98;65m██[38;2;255;98;65m██[38;2;0;0;0m██
  [38;2;0;0;0m██[38;2;156;65;65m██[38;2;255;246;123m██[38;2;255;246;123m██[38;2;197;172;90m██[38;2;255;246;123m██[38;2;255;246;123m██[38;2;255;246;123m██[38;2;156;65;65m██[38;2;255;98;65m██[38;2;255;98;65m██[38;2;255;98;65m██[38;2;255;98;65m██[38;2;255;98;65m██[38;2;0;0;0m██[38;2;0;0;0m██            [38;2;0;0;0m██[38;2;255;98;65m██[38;2;255;98;65m██[38;2;156;65;65m██[38;2;255;98;65m██[38;2;255;98;65m██[38;2;156;65;65m██[38;2;255;98;65m██[38;2;255;98;65m██[38;2;255;98;65m██[38;2;0;0;0m██  
  [38;2;0;0;0m██[38;2;156;65;65m██[38;2;255;246;123m██[38;2;255;246;123m██[38;2;255;246;123m██[38;2;255;246;123m██[38;2;156;65;65m██[38;2;156;65;65m██[38;2;255;98;65m██[38;2;255;98;65m██[38;2;255;98;65m██[38;2;65;65;65m██[38;2;65;65;65m██[38;2;0;0;0m██                [38;2;0;0;0m██[38;2;255;98;65m██[38;2;156;65;65m██[38;2;255;98;65m██[38;2;255;98;65m██[38;2;156;65;65m██[38;2;255;98;65m██[38;2;255;98;65m██[38;2;255;98;65m██[38;2;0;0;0m██    
    [38;2;0;0;0m██[38;2;255;246;123m██[38;2;255;246;123m██[38;2;255;246;123m██[38;2;156;65;65m██[38;2;255;98;65m██[38;2;255;98;65m██[38;2;255;98;65m██[38;2;255;98;65m██[38;2;65;65;65m██[38;2;65;65;65m██[38;2;148;90;49m██[38;2;148;90;49m██[38;2;0;0;0m██[38;2;0;0;0m██            [38;2;0;0;0m██[38;2;156;65;65m██[38;2;156;65;65m██[38;2;255;98;65m██[38;2;156;65;65m██[38;2;255;98;65m██[38;2;255;98;65m██[38;2;156;65;65m██[38;2;0;0;0m██      
    [38;2;0;0;0m██[38;2;65;65;65m██[38;2;255;246;123m██[38;2;156;65;65m██[38;2;255;98;65m██[38;2;255;98;65m██[38;2;255;98;65m██[38;2;65;65;65m██[38;2;65;65;65m██[38;2;255;255;255m██[38;2;65;65;65m██[38;2;65;65;65m██[38;2;148;90;49m██[38;2;148;90;49m██[38;2;197;148;82m██[38;2;0;0;0m██[38;2;0;0;0m██    [38;2;0;0;0m██[38;2;0;0;0m██[38;2;148;90;49m██[38;2;148;90;49m██[38;2;148;90;49m██[38;2;156;65;65m██[38;2;65;65;65m██[38;2;65;65;65m██[38;2;65;65;65m██[38;2;0;0;0m██        
      [38;2;0;0;0m██[38;2;65;65;65m██[38;2;255;98;65m██[38;2;255;98;65m██[38;2;65;65;65m██[38;2;65;65;65m██[38;2;0;0;0m██[38;2;255;255;255m██[38;2;255;255;255m██[38;2;65;65;65m██[38;2;65;65;65m██[38;2;65;65;65m██[38;2;197;148;82m██[38;2;197;148;82m██[38;2;197;148;82m██[38;2;197;148;82m██[38;2;0;0;0m██[38;2;0;0;0m██[38;2;148;90;49m██[38;2;148;90;49m██[38;2;148;90;49m██[38;2;65;65;65m██[38;2;65;65;65m██[38;2;65;65;65m██[38;2;255;246;180m██[38;2;255;246;180m██[38;2;255;246;180m██[38;2;205;197;123m██[38;2;0;0;0m██      
    [38;2;0;0;0m██[38;2;255;180;197m██[38;2;255;180;197m██[38;2;65;65;65m██[38;2;65;65;65m██[38;2;255;255;255m██[38;2;0;0;0m██[38;2;0;0;0m██[38;2;255;255;255m██[38;2;82;90;106m██[38;2;65;65;65m██[38;2;65;65;65m██[38;2;65;65;65m██[38;2;65;65;65m██[38;2;197;148;82m██[38;2;197;148;82m██[38;2;197;148;82m██[38;2;197;148;82m██[38;2;197;148;82m██[38;2;65;65;65m██[38;2;65;65;65m██[38;2;65;65;65m██[38;2;255;246;180m██[38;2;255;246;180m██[38;2;255;246;180m██[38;2;255;246;180m██[38;2;205;197;123m██[38;2;65;65;65m██[38;2;65;65;65m██[38;2;0;0;0m██      
  [38;2;0;0;0m██[38;2;255;180;197m██[38;2;255;180;197m██[38;2;255;180;197m██[38;2;255;180;197m██[38;2;65;65;65m██[38;2;197;172;90m██[38;2;197;172;90m██[38;2;197;172;90m██[38;2;197;172;90m██[38;2;255;246;180m██[38;2;255;246;180m██[38;2;255;246;180m██[38;2;65;65;65m██[38;2;65;65;65m██[38;2;197;148;82m██[38;2;197;148;82m██[38;2;197;148;82m██[38;2;148;90;49m██[38;2;148;90;49m██[38;2;197;148;82m██[38;2;197;148;82m██[38;2;255;246;180m██[38;2;255;246;180m██[38;2;255;246;180m██[38;2;255;246;180m██[38;2;65;65;65m██[38;2;65;65;65m██[38;2;205;197;123m██[38;2;0;0;0m██        
[38;2;0;0;0m██[38;2;255;180;197m██[38;2;255;180;197m██[38;2;255;180;197m██[38;2;255;180;197m██[38;2;255;180;197m██[38;2;255;180;197m██[38;2;65;65;65m██[38;2;255;246;180m██[38;2;255;246;180m██[38;2;255;246;180m██[38;2;255;246;180m██[38;2;255;246;180m██[38;2;82;90;106m██[38;2;65;65;65m██[38;2;197;148;82m██[38;2;197;148;82m██[38;2;148;90;49m██[38;2;197;148;82m██[38;2;197;148;82m██[38;2;197;148;82m██[38;2;197;148;82m██[38;2;197;148;82m██[38;2;197;148;82m██[38;2;255;246;180m██[38;2;255;246;180m██[38;2;255;246;180m██[38;2;255;246;180m██[38;2;205;197;123m██[38;2;205;197;123m██[38;2;0;0;0m██        
[38;2;0;0;0m██[38;2;255;180;197m██[38;2;255;180;197m██[38;2;255;180;197m██[38;2;139;90;90m██[38;2;139;90;90m██[38;2;139;90;90m██[38;2;65;65;65m██[38;2;255;246;180m██[38;2;255;246;180m██[38;2;255;246;180m██[38;2;255;246;180m██[38;2;255;246;180m██[38;2;65;65;65m██[38;2;197;148;82m██[38;2;197;148;82m██[38;2;148;90;49m██[38;2;197;148;82m██[38;2;197;148;82m██[38;2;197;148;82m██[38;2;197;148;82m██[38;2;197;148;82m██[38;2;197;148;82m██[38;2;197;148;82m██[38;2;255;246;180m██[38;2;255;246;180m██[38;2;255;246;180m██[38;2;205;197;123m██[38;2;205;197;123m██[38;2;0;0;0m██          
  [38;2;0;0;0m██[38;2;0;0;0m██[38;2;139;90;90m██[38;2;197;139;131m██[38;2;197;139;131m██[38;2;197;139;131m██[38;2;65;65;65m██[38;2;255;246;180m██[38;2;255;246;180m██[38;2;255;246;180m██[38;2;255;246;180m██[38;2;255;246;180m██[38;2;148;90;49m██[38;2;148;90;49m██[38;2;197;148;82m██[38;2;148;90;49m██[38;2;197;148;82m██[38;2;197;148;82m██[38;2;197;148;82m██[38;2;197;148;82m██[38;2;197;148;82m██[38;2;197;148;82m██[38;2;255;246;180m██[38;2;255;246;180m██[38;2;205;197;123m██[38;2;205;197;123m██[38;2;65;65;65m██[38;2;0;0;0m██            
      [38;2;0;0;0m██[38;2;0;0;0m██[38;2;197;139;131m██[38;2;65;65;65m██[38;2;255;246;180m██[38;2;255;246;180m██[38;2;255;246;180m██[38;2;255;246;180m██[38;2;255;246;180m██[38;2;255;246;180m██[38;2;255;246;180m██[38;2;148;90;49m██[38;2;148;90;49m██[38;2;65;65;65m██[38;2;148;90;49m██[38;2;197;148;82m██[38;2;197;148;82m██[38;2;197;148;82m██[38;2;148;90;49m██[38;2;148;90;49m██[38;2;205;197;123m██[38;2;205;197;123m██[38;2;205;197;123m██[38;2;205;197;123m██[38;2;205;197;123m██[38;2;205;197;123m██[38;2;0;0;0m██          
          [38;2;0;0;0m██[38;2;0;0;0m██[38;2;255;246;180m██[38;2;255;246;180m██[38;2;255;246;180m██[38;2;255;246;180m██[38;2;255;246;180m██[38;2;255;246;180m██[38;2;205;197;123m██[38;2;205;197;123m██[38;2;205;197;123m██[38;2;65;65;65m██[38;2;148;90;49m██[38;2;148;90;49m██[38;2;148;90;49m██[38;2;148;90;49m██[38;2;148;90;49m██[38;2;205;197;123m██[38;2;205;197;123m██[38;2;205;197;123m██[38;2;205;197;123m██[38;2;205;197;123m██[38;2;205;197;123m██[38;2;0;0;0m██            
              [38;2;0;0;0m██[38;2;0;0;0m██[38;2;255;246;180m██[38;2;255;246;180m██[38;2;205;197;123m██[38;2;205;197;123m██[38;2;205;197;123m██[38;2;205;197;123m██[38;2;205;197;123m██[38;2;205;197;123m██[38;2;65;65;65m██[38;2;148;90;49m██[38;2;148;90;49m██[38;2;148;90;49m██[38;2;148;90;49m██[38;2;148;90;49m██[38;2;205;197;123m██[38;2;205;197;123m██[38;2;205;197;123m██[38;2;0;0;0m██[38;2;0;0;0m██              
                  [38;2;0;0;0m██[38;2;65;65;65m██[38;2;205;197;123m██[38;2;205;197;123m██[38;2;205;197;123m██[38;2;205;197;123m██[38;2;205;197;123m██[38;2;205;197;123m██[38;2;205;197;123m██[38;2;65;65;65m██[38;2;65;65;65m██[38;2;148;90;49m██[38;2;148;90;49m██[38;2;205;197;123m██[38;2;205;197;123m██[38;2;0;0;0m██[38;2;0;0;0m██                  
                  [38;2;0;0;0m██[38;2;197;172;90m██[38;2;65;65;65m██[38;2;65;65;65m██[38;2;65;65;65m██[38;2;0;0;0m██[38;2;205;197;123m██[38;2;205;197;123m██[38;2;205;197;123m██[38;2;205;197;123m██[38;2;205;197;123m██[38;2;205;197;123m██[38;2;0;0;0m██[38;2;0;0;0m██[38;2;0;0;0m██                      
              [38;2;0;0;0m██[38;2;0;0;0m██[38;2;197;139;131m██[38;2;148;90;49m██[38;2;197;172;90m██[38;2;197;172;90m██[38;2;0;0;0m██  [38;2;0;0;0m██[38;2;205;197;123m██[38;2;205;197;123m██[38;2;205;197;123m██[38;2;205;197;123m██[38;2;0;0;0m██                            
            [38;2;0;0;0m██[38;2;213;213;213m██[38;2;148;90;49m██[38;2;148;90;49m██[38;2;197;139;131m██[38;2;197;139;131m██[38;2;197;139;131m██[38;2;197;139;131m██[38;2;0;0;0m██[38;2;65;65;65m██[38;2;65;65;65m██[38;2;205;197;123m██[38;2;205;197;123m██[38;2;0;0;0m██                              
            [38;2;0;0;0m██[38;2;65;65;65m██[38;2;213;213;213m██[38;2;197;139;131m██[38;2;197;139;131m██[38;2;0;0;0m██[38;2;0;0;0m██[38;2;65;65;65m██[38;2;197;139;131m██[38;2;148;90;49m██[38;2;197;139;131m██[38;2;197;139;131m██[38;2;197;139;131m██[38;2;197;139;131m██[38;2;0;0;0m██                            
              [38;2;0;0;0m██[38;2;0;0;0m██[38;2;0;0;0m██[38;2;0;0;0m██  [38;2;0;0;0m██[38;2;255;180;197m██[38;2;148;90;49m██[38;2;255;180;197m██[38;2;255;180;197m██[38;2;148;90;49m██[38;2;255;180;197m██[38;2;197;139;131m██[38;2;197;139;131m██[38;2;0;0;0m██                          
                        [38;2;0;0;0m██[38;2;65;65;65m██[38;2;255;180;197m██[38;2;255;180;197m██[38;2;148;90;49m██[38;2;255;180;197m██[38;2;255;180;197m██[38;2;65;65;65m██[38;2;0;0;0m██                            
                          [38;2;0;0;0m██[38;2;255;255;255m██[38;2;65;65;65m██[38;2;148;90;49m██[38;2;255;180;197m██[38;2;65;65;65m██[38;2;0;0;0m██                              
                            [38;2;0;0;0m██[38;2;0;0;0m██[38;2;0;0;0m██[38;2;255;255;255m██[38;2;0;0;0m██                                
                                  [38;2;0;0;0m██                                  
