                [38;2;0;0;0m██[38;2;0;0;0m██            
          [38;2;0;0;0m██[38;2;0;0;0m██[38;2;0;0;0m██[38;2;189;189;189m██[38;2;65;65;65m██[38;2;0;0;0m██          
      [38;2;0;0;0m██[38;2;0;0;0m██[38;2;189;189;189m██[38;2;189;189;189m██[38;2;165;165;165m██[38;2;165;165;165m██[38;2;189;189;189m██[38;2;65;65;65m██[38;2;0;0;0m██        
    [38;2;0;0;0m██[38;2;132;132;132m██[38;2;189;189;189m██[38;2;189;189;189m██[38;2;189;189;189m██[38;2;189;189;189m██[38;2;189;189;189m██[38;2;132;132;132m██[38;2;165;165;165m██[38;2;0;0;0m██        
    [38;2;0;0;0m██[38;2;189;189;189m██[38;2;189;189;189m██[38;2;189;189;189m██[38;2;189;189;189m██[38;2;189;189;189m██[38;2;189;189;189m██[38;2;189;189;189m██[38;2;0;0;0m██    [38;2;0;0;0m██[38;2;0;0;0m██  
  [38;2;0;0;0m██[38;2;255;181;165m██[38;2;189;189;189m██[38;2;189;189;189m██[38;2;189;189;189m██[38;2;189;189;189m██[38;2;189;189;189m██[38;2;189;189;189m██[38;2;189;189;189m██[38;2;132;132;132m██[38;2;0;0;0m██[38;2;0;0;0m██[38;2;65;65;65m██[38;2;0;0;0m██  
  [38;2;0;0;0m██[38;2;239;115;156m██[38;2;255;181;165m██[38;2;255;181;165m██[38;2;189;189;189m██[38;2;255;255;255m██[38;2;189;189;189m██[38;2;189;189;189m██[38;2;189;189;189m██[38;2;165;165;165m██[38;2;65;65;65m██[38;2;132;132;132m██[38;2;132;132;132m██[38;2;0;0;0m██  
[38;2;0;0;0m██[38;2;107;99;82m██[38;2;107;99;82m██[38;2;239;115;156m██[38;2;239;115;156m██[38;2;255;189;41m██[38;2;107;99;82m██[38;2;255;189;41m██[38;2;189;189;189m██[38;2;165;165;165m██[38;2;165;165;165m██[38;2;132;132;132m██[38;2;132;132;132m██[38;2;65;65;65m██[38;2;107;99;82m██[38;2;0;0;0m██
[38;2;0;0;0m██[38;2;0;0;0m██[38;2;65;65;65m██[38;2;65;65;65m██[38;2;165;165;165m██[38;2;255;189;41m██[38;2;0;0;0m██[38;2;255;189;41m██[38;2;165;165;165m██[38;2;165;165;165m██[38;2;132;132;132m██[38;2;65;65;65m██[38;2;65;65;65m██[38;2;107;99;82m██[38;2;107;99;82m██[38;2;0;0;0m██
    [38;2;0;0;0m██[38;2;255;255;255m██[38;2;165;165;165m██[38;2;165;165;165m██[38;2;255;189;41m██[38;2;165;165;165m██[38;2;165;165;165m██[38;2;165;165;165m██[38;2;65;65;65m██[38;2;132;132;132m██[38;2;132;132;132m██[38;2;107;99;82m██[38;2;0;0;0m██  
    [38;2;0;0;0m██[38;2;255;255;255m██[38;2;189;189;189m██[38;2;255;255;255m██[38;2;255;255;255m██[38;2;165;165;165m██[38;2;165;165;165m██[38;2;65;65;65m██[38;2;107;99;82m██[38;2;132;132;132m██[38;2;132;132;132m██[38;2;132;132;132m██[38;2;0;0;0m██  
  [38;2;0;0;0m██[38;2;239;115;156m██[38;2;189;189;189m██[38;2;255;255;255m██[38;2;255;255;255m██[38;2;255;255;255m██[38;2;255;255;255m██[38;2;165;165;165m██[38;2;65;65;65m██[38;2;107;99;82m██[38;2;107;99;82m██[38;2;132;132;132m██[38;2;0;0;0m██    
    [38;2;0;0;0m██[38;2;0;0;0m██[38;2;189;189;189m██[38;2;255;255;255m██[38;2;255;255;255m██[38;2;189;189;189m██[38;2;165;165;165m██[38;2;132;132;132m██[38;2;65;65;65m██[38;2;65;65;65m██[38;2;0;0;0m██      
        [38;2;0;0;0m██[38;2;0;0;0m██[38;2;189;189;189m██[38;2;132;132;132m██[38;2;65;65;65m██[38;2;132;132;132m██[38;2;65;65;65m██[38;2;0;0;0m██        
            [38;2;0;0;0m██[38;2;0;0;0m██[38;2;239;115;156m██[38;2;0;0;0m██[38;2;239;115;156m██[38;2;0;0;0m██        
                [38;2;0;0;0m██  [38;2;0;0;0m██          
