                      [38;2;0;0;0m██[38;2;0;0;0m██                  
                  [38;2;0;0;0m██[38;2;0;0;0m██[38;2;255;246;230m██[38;2;255;246;230m██[38;2;0;0;0m██                
                [38;2;0;0;0m██[38;2;255;246;230m██[38;2;255;246;230m██[38;2;255;246;230m██[38;2;255;246;230m██[38;2;255;246;230m██[38;2;0;0;0m██              
              [38;2;0;0;0m██[38;2;255;246;230m██[38;2;255;246;230m██[38;2;255;246;230m██[38;2;255;246;230m██[38;2;255;246;230m██[38;2;255;246;230m██[38;2;0;0;0m██              
              [38;2;0;0;0m██[38;2;255;246;230m██[38;2;255;246;230m██[38;2;222;222;197m██[38;2;0;0;0m██[38;2;255;246;230m██[38;2;131;131;139m██[38;2;0;0;0m██              
            [38;2;0;0;0m██[38;2;197;197;164m██[38;2;197;197;164m██[38;2;255;246;230m██[38;2;0;0;0m██  [38;2;0;0;0m██[38;2;0;0;0m██      [38;2;0;0;0m██[38;2;0;0;0m██      
            [38;2;0;0;0m██[38;2;197;197;164m██[38;2;197;197;164m██[38;2;0;0;0m██            [38;2;0;0;0m██[38;2;65;65;65m██[38;2;65;65;65m██[38;2;0;0;0m██    
  [38;2;0;0;0m██[38;2;0;0;0m██[38;2;0;0;0m██  [38;2;0;0;0m██[38;2;197;197;164m██[38;2;65;65;65m██[38;2;65;65;65m██[38;2;0;0;0m██[38;2;0;0;0m██          [38;2;0;0;0m██[38;2;65;65;65m██[38;2;65;65;65m██[38;2;0;0;0m██[38;2;0;0;0m██  
[38;2;0;0;0m██[38;2;65;65;65m██[38;2;197;164;41m██[38;2;197;164;41m██[38;2;0;0;0m██[38;2;65;65;65m██[38;2;65;65;65m██[38;2;57;115;189m██[38;2;255;255;255m██[38;2;255;255;255m██[38;2;255;255;255m██[38;2;0;0;0m██      [38;2;0;0;0m██[38;2;197;164;41m██[38;2;65;65;65m██[38;2;65;65;65m██[38;2;65;65;65m██[38;2;65;65;65m██[38;2;0;0;0m██
[38;2;0;0;0m██[38;2;197;164;41m██[38;2;65;65;65m██[38;2;65;65;65m██[38;2;197;164;41m██[38;2;255;255;255m██[38;2;139;180;222m██[38;2;57;115;189m██[38;2;57;115;189m██[38;2;139;180;222m██[38;2;255;255;255m██[38;2;255;255;255m██[38;2;0;0;0m██    [38;2;0;0;0m██[38;2;197;164;41m██[38;2;65;65;65m██[38;2;65;65;65m██[38;2;65;65;65m██[38;2;65;65;65m██[38;2;0;0;0m██
[38;2;0;0;0m██[38;2;65;65;65m██[38;2;65;65;65m██[38;2;65;65;65m██[38;2;65;65;65m██[38;2;197;164;41m██[38;2;255;255;255m██[38;2;255;255;255m██[38;2;57;115;189m██[38;2;57;115;189m██[38;2;57;115;189m██[38;2;255;255;255m██[38;2;0;0;0m██  [38;2;0;0;0m██[38;2;197;164;41m██[38;2;197;164;41m██[38;2;65;65;65m██[38;2;65;65;65m██[38;2;197;164;41m██[38;2;0;0;0m██  
  [38;2;0;0;0m██[38;2;65;65;65m██[38;2;65;65;65m██[38;2;197;164;41m██[38;2;65;65;65m██[38;2;197;164;41m██[38;2;255;255;255m██[38;2;255;255;255m██[38;2;57;115;189m██[38;2;57;115;189m██[38;2;139;180;222m██[38;2;255;255;255m██[38;2;0;0;0m██[38;2;0;0;0m██[38;2;197;164;41m██[38;2;197;164;41m██[38;2;197;164;41m██[38;2;197;164;41m██[38;2;0;0;0m██    
    [38;2;0;0;0m██[38;2;246;213;49m██[38;2;246;213;49m██[38;2;246;213;49m██[38;2;65;65;65m██[38;2;197;164;41m██[38;2;197;164;41m██[38;2;255;255;255m██[38;2;57;115;189m██[38;2;57;115;189m██[38;2;255;255;255m██[38;2;65;65;65m██[38;2;197;164;41m██[38;2;197;164;41m██[38;2;197;164;41m██[38;2;197;164;41m██[38;2;0;0;0m██      
    [38;2;0;0;0m██[38;2;246;213;49m██[38;2;246;213;49m██[38;2;246;213;49m██[38;2;246;213;49m██[38;2;65;65;65m██[38;2;65;65;65m██[38;2;197;164;41m██[38;2;57;115;189m██[38;2;57;115;189m██[38;2;255;255;255m██[38;2;65;65;65m██[38;2;49;82;148m██[38;2;49;82;148m██[38;2;197;164;41m██[38;2;0;0;0m██        
  [38;2;0;0;0m██[38;2;246;213;49m██[38;2;246;213;49m██[38;2;246;213;49m██[38;2;246;213;49m██[38;2;197;164;41m██[38;2;255;255;255m██[38;2;0;0;0m██[38;2;65;65;65m██[38;2;57;115;189m██[38;2;49;82;148m██[38;2;65;65;65m██[38;2;246;213;49m██[38;2;65;65;65m██[38;2;57;115;189m██[38;2;49;82;148m██[38;2;197;164;41m██[38;2;0;0;0m██      
  [38;2;0;0;0m██[38;2;246;213;49m██[38;2;156;131;65m██[38;2;246;213;49m██[38;2;246;213;49m██[38;2;246;213;49m██[38;2;0;0;0m██[38;2;65;65;65m██[38;2;246;213;49m██[38;2;49;82;148m██[38;2;49;82;148m██[38;2;246;213;49m██[38;2;246;213;49m██[38;2;65;65;65m██[38;2;57;115;189m██[38;2;57;115;189m██[38;2;49;82;148m██[38;2;0;0;0m██      
[38;2;0;0;0m██[38;2;255;246;230m██[38;2;65;65;65m██[38;2;246;213;49m██[38;2;246;213;49m██[38;2;246;213;49m██[38;2;246;213;49m██[38;2;246;213;49m██[38;2;246;98;82m██[38;2;246;98;82m██[38;2;49;82;148m██[38;2;65;65;65m██[38;2;65;65;65m██[38;2;246;213;49m██[38;2;246;213;49m██[38;2;65;65;65m██[38;2;57;115;189m██[38;2;0;0;0m██        
[38;2;0;0;0m██[38;2;255;246;230m██[38;2;197;197;164m██[38;2;65;65;65m██[38;2;57;115;189m██[38;2;246;213;49m██[38;2;65;65;65m██[38;2;65;65;65m██[38;2;246;98;82m██[38;2;49;82;148m██[38;2;49;82;148m██[38;2;65;65;65m██[38;2;57;115;189m██[38;2;65;65;65m██[38;2;65;65;65m██[38;2;65;65;65m██[38;2;197;197;164m██[38;2;197;197;164m██[38;2;0;0;0m██      
  [38;2;0;0;0m██[38;2;222;222;197m██[38;2;57;115;189m██[38;2;139;180;222m██[38;2;49;82;148m██[38;2;255;246;230m██[38;2;255;246;230m██[38;2;65;65;65m██[38;2;49;82;148m██[38;2;255;255;255m██[38;2;255;255;255m██[38;2;57;115;189m██[38;2;57;115;189m██[38;2;65;65;65m██[38;2;65;65;65m██[38;2;49;82;148m██[38;2;49;82;148m██[38;2;0;0;0m██      
    [38;2;0;0;0m██[38;2;0;0;0m██[38;2;49;82;148m██[38;2;197;197;164m██[38;2;222;222;197m██[38;2;65;65;65m██[38;2;65;65;65m██[38;2;255;255;255m██[38;2;197;197;164m██[38;2;65;65;65m██[38;2;57;115;189m██[38;2;57;115;189m██[38;2;255;255;255m██[38;2;49;82;148m██[38;2;57;115;189m██[38;2;57;115;189m██[38;2;197;197;164m██[38;2;0;0;0m██    
        [38;2;0;0;0m██[38;2;65;65;65m██[38;2;57;115;189m██[38;2;57;115;189m██[38;2;131;131;139m██[38;2;65;65;65m██[38;2;65;65;65m██[38;2;49;82;148m██[38;2;255;255;255m██[38;2;255;255;255m██[38;2;49;82;148m██[38;2;57;115;189m██[38;2;57;115;189m██[38;2;57;115;189m██[38;2;255;255;255m██[38;2;0;0;0m██    
        [38;2;0;0;0m██[38;2;222;222;197m██[38;2;131;131;139m██[38;2;222;222;197m██[38;2;131;131;139m██[38;2;255;255;255m██[38;2;255;255;255m██[38;2;49;82;148m██[38;2;49;82;148m██[38;2;49;82;148m██[38;2;57;115;189m██[38;2;57;115;189m██[38;2;57;115;189m██[38;2;197;197;164m██[38;2;0;0;0m██      
          [38;2;0;0;0m██[38;2;0;0;0m██[38;2;0;0;0m██[38;2;222;222;197m██[38;2;131;131;139m██[38;2;255;255;255m██[38;2;255;255;255m██[38;2;49;82;148m██[38;2;57;115;189m██[38;2;57;115;189m██[38;2;255;255;255m██[38;2;255;255;255m██[38;2;0;0;0m██        
                [38;2;0;0;0m██[38;2;0;0;0m██[38;2;0;0;0m██[38;2;255;255;255m██[38;2;255;255;255m██[38;2;255;255;255m██[38;2;0;0;0m██[38;2;0;0;0m██[38;2;0;0;0m██          
                      [38;2;0;0;0m██[38;2;0;0;0m██[38;2;0;0;0m██                
