                  [38;2;0;0;0m██              
                [38;2;0;0;0m██[38;2;148;197;189m██[38;2;0;0;0m██            
        [38;2;0;0;0m██[38;2;0;0;0m██[38;2;0;0;0m██  [38;2;0;0;0m██[38;2;148;197;189m██[38;2;0;0;0m██            
      [38;2;0;0;0m██[38;2;148;197;189m██[38;2;148;197;189m██[38;2;66;140;132m██[38;2;0;0;0m██[38;2;107;173;165m██[38;2;107;173;165m██[38;2;66;140;132m██[38;2;0;0;0m██[38;2;0;0;0m██[38;2;0;0;0m██      
  [38;2;0;0;0m██[38;2;0;0;0m██[38;2;65;65;65m██[38;2;65;65;65m██[38;2;66;140;132m██[38;2;107;173;165m██[38;2;65;65;65m██[38;2;107;173;165m██[38;2;66;140;132m██[38;2;66;140;132m██[38;2;0;0;0m██[38;2;148;197;189m██[38;2;148;197;189m██[38;2;0;0;0m██    
  [38;2;0;0;0m██[38;2;148;197;189m██[38;2;148;197;189m██[38;2;148;197;189m██[38;2;65;65;65m██[38;2;66;140;132m██[38;2;66;140;132m██[38;2;65;65;65m██[38;2;66;140;132m██[38;2;49;99;90m██[38;2;107;173;165m██[38;2;66;140;132m██[38;2;65;65;65m██[38;2;0;0;0m██[38;2;0;0;0m██  
  [38;2;0;0;0m██[38;2;49;99;90m██[38;2;66;140;132m██[38;2;107;173;165m██[38;2;107;173;165m██[38;2;65;65;65m██[38;2;66;140;132m██[38;2;49;99;90m██[38;2;49;99;90m██[38;2;49;99;90m██[38;2;65;65;65m██[38;2;65;65;65m██[38;2;148;197;189m██[38;2;148;197;189m██[38;2;148;197;189m██[38;2;0;0;0m██
    [38;2;0;0;0m██[38;2;189;189;206m██[38;2;66;140;132m██[38;2;107;173;165m██[38;2;66;140;132m██[38;2;49;99;90m██[38;2;65;65;65m██[38;2;65;65;65m██[38;2;65;65;65m██[38;2;65;65;65m██[38;2;107;173;165m██[38;2;107;173;165m██[38;2;66;140;132m██[38;2;49;99;90m██[38;2;0;0;0m██
    [38;2;0;0;0m██[38;2;255;255;255m██[38;2;214;99;66m██[38;2;66;140;132m██[38;2;65;65;65m██[38;2;65;65;65m██[38;2;66;140;132m██[38;2;148;197;189m██[38;2;148;197;189m██[38;2;148;197;189m██[38;2;65;65;65m██[38;2;66;140;132m██[38;2;0;0;0m██[38;2;0;0;0m██  
  [38;2;0;0;0m██[38;2;65;65;65m██[38;2;65;65;65m██[38;2;0;0;0m██[38;2;49;99;90m██[38;2;49;99;90m██[38;2;66;140;132m██[38;2;214;99;66m██[38;2;255;255;255m██[38;2;65;65;65m██[38;2;65;65;65m██[38;2;65;65;65m██[38;2;66;140;132m██[38;2;0;0;0m██    
[38;2;0;0;0m██[38;2;148;197;189m██[38;2;107;173;165m██[38;2;65;65;65m██[38;2;107;173;165m██[38;2;107;173;165m██[38;2;107;173;165m██[38;2;0;0;0m██[38;2;214;99;66m██[38;2;255;255;255m██[38;2;189;189;206m██[38;2;65;65;65m██[38;2;66;140;132m██[38;2;107;173;165m██[38;2;107;173;165m██[38;2;0;0;0m██  
[38;2;0;0;0m██[38;2;49;99;90m██[38;2;49;99;90m██[38;2;148;197;189m██[38;2;148;197;189m██[38;2;148;197;189m██[38;2;107;173;165m██[38;2;107;173;165m██[38;2;65;65;65m██[38;2;65;65;65m██[38;2;107;173;165m██[38;2;107;173;165m██[38;2;65;65;65m██[38;2;66;140;132m██[38;2;148;197;189m██[38;2;148;197;189m██[38;2;0;0;0m██
  [38;2;0;0;0m██[38;2;0;0;0m██[38;2;65;65;65m██[38;2;65;65;65m██[38;2;148;197;189m██[38;2;148;197;189m██[38;2;66;140;132m██[38;2;65;65;65m██[38;2;66;140;132m██[38;2;148;197;189m██[38;2;148;197;189m██[38;2;148;197;189m██[38;2;65;65;65m██[38;2;66;140;132m██[38;2;66;140;132m██[38;2;0;0;0m██
    [38;2;0;0;0m██[38;2;65;65;65m██[38;2;66;140;132m██[38;2;65;65;65m██[38;2;65;65;65m██[38;2;65;65;65m██[38;2;66;140;132m██[38;2;65;65;65m██[38;2;66;140;132m██[38;2;66;140;132m██[38;2;66;140;132m██[38;2;65;65;65m██[38;2;0;0;0m██[38;2;0;0;0m██  
      [38;2;0;0;0m██[38;2;107;173;165m██[38;2;107;173;165m██[38;2;65;65;65m██[38;2;66;140;132m██[38;2;66;140;132m██[38;2;66;140;132m██[38;2;65;65;65m██[38;2;65;65;65m██[38;2;65;65;65m██[38;2;49;99;90m██[38;2;0;0;0m██    
        [38;2;0;0;0m██[38;2;65;65;65m██[38;2;49;99;90m██[38;2;65;65;65m██[38;2;107;173;165m██[38;2;107;173;165m██[38;2;66;140;132m██[38;2;65;65;65m██[38;2;66;140;132m██[38;2;0;0;0m██      
        [38;2;0;0;0m██[38;2;66;140;132m██[38;2;65;65;65m██[38;2;49;99;90m██[38;2;65;65;65m██[38;2;65;65;65m██[38;2;65;65;65m██[38;2;49;99;90m██[38;2;66;140;132m██[38;2;0;0;0m██      
          [38;2;0;0;0m██[38;2;0;0;0m██[38;2;0;0;0m██[38;2;66;140;132m██[38;2;66;140;132m██[38;2;0;0;0m██[38;2;0;0;0m██[38;2;0;0;0m██        
                [38;2;0;0;0m██[38;2;0;0;0m██              
