              [38;2;0;0;0m██    [38;2;0;0;0m██              
              [38;2;0;0;0m██  [38;2;0;0;0m██[38;2;0;0;0m██  [38;2;0;0;0m██[38;2;0;0;0m██        
      [38;2;0;0;0m██[38;2;0;0;0m██[38;2;0;0;0m██    [38;2;0;0;0m██[38;2;0;0;0m██  [38;2;0;0;0m██[38;2;0;0;0m██          
    [38;2;0;0;0m██[38;2;247;214;74m██[38;2;247;214;74m██[38;2;247;214;74m██[38;2;0;0;0m██[38;2;0;0;0m██[38;2;0;0;0m██[38;2;0;0;0m██[38;2;0;0;0m██              
  [38;2;0;0;0m██[38;2;247;214;74m██[38;2;247;214;74m██[38;2;65;65;65m██[38;2;65;65;65m██[38;2;247;214;74m██[38;2;247;214;74m██[38;2;247;214;74m██[38;2;247;214;74m██[38;2;0;0;0m██[38;2;0;0;0m██            
[38;2;0;0;0m██[38;2;189;165;90m██[38;2;189;165;90m██[38;2;65;65;65m██[38;2;247;214;74m██[38;2;247;214;74m██[38;2;247;214;74m██[38;2;247;214;74m██[38;2;247;214;74m██[38;2;247;214;74m██[38;2;247;214;74m██[38;2;247;214;74m██[38;2;0;0;0m██          
[38;2;0;0;0m██[38;2;189;165;90m██[38;2;156;132;66m██[38;2;255;255;255m██[38;2;247;214;74m██[38;2;247;214;74m██[38;2;247;214;74m██[38;2;247;214;74m██[38;2;189;165;90m██[38;2;189;165;90m██[38;2;247;214;74m██[38;2;247;214;74m██[38;2;247;214;74m██[38;2;0;0;0m██        
[38;2;0;0;0m██[38;2;189;165;90m██[38;2;255;255;255m██[38;2;0;0;0m██[38;2;247;214;74m██[38;2;247;214;74m██[38;2;247;214;74m██[38;2;189;165;90m██[38;2;255;255;255m██[38;2;255;255;255m██[38;2;189;165;90m██[38;2;247;214;74m██[38;2;65;65;65m██[38;2;247;214;74m██[38;2;65;65;65m██      
  [38;2;0;0;0m██[38;2;156;132;66m██[38;2;255;255;255m██[38;2;65;65;65m██[38;2;65;65;65m██[38;2;247;214;74m██[38;2;255;255;255m██[38;2;0;0;0m██[38;2;255;255;255m██[38;2;255;255;255m██[38;2;65;65;65m██[38;2;247;214;74m██[38;2;189;165;90m██[38;2;247;214;74m██[38;2;0;0;0m██    
  [38;2;0;0;0m██[38;2;189;165;90m██[38;2;65;65;65m██[38;2;247;230;173m██[38;2;247;230;173m██[38;2;65;65;65m██[38;2;65;65;65m██[38;2;255;255;255m██[38;2;255;255;255m██[38;2;156;132;66m██[38;2;65;65;65m██[38;2;247;214;74m██[38;2;247;214;74m██[38;2;247;214;74m██[38;2;0;0;0m██    
  [38;2;0;0;0m██[38;2;65;65;65m██[38;2;247;230;173m██[38;2;247;230;173m██[38;2;189;165;90m██[38;2;247;230;173m██[38;2;247;230;173m██[38;2;65;65;65m██[38;2;156;132;66m██[38;2;189;165;90m██[38;2;189;165;90m██[38;2;247;214;74m██[38;2;247;214;74m██[38;2;247;214;74m██[38;2;247;214;74m██[38;2;0;0;0m██  
[38;2;0;0;0m██[38;2;214;197;107m██[38;2;247;230;173m██[38;2;247;230;173m██[38;2;247;230;173m██[38;2;247;230;173m██[38;2;247;230;173m██[38;2;214;197;107m██[38;2;214;197;107m██[38;2;65;65;65m██[38;2;189;165;90m██[38;2;65;65;65m██[38;2;247;214;74m██[38;2;247;214;74m██[38;2;247;214;74m██[38;2;247;214;74m██[38;2;0;0;0m██  
[38;2;0;0;0m██[38;2;247;230;173m██[38;2;247;230;173m██[38;2;247;230;173m██[38;2;247;230;173m██[38;2;214;197;107m██[38;2;214;197;107m██[38;2;65;65;65m██[38;2;65;65;65m██[38;2;65;65;65m██[38;2;65;65;65m██[38;2;189;165;90m██[38;2;189;165;90m██[38;2;247;214;74m██[38;2;247;214;74m██[38;2;0;0;0m██    
  [38;2;0;0;0m██[38;2;214;197;107m██[38;2;214;197;107m██[38;2;214;197;107m██[38;2;214;197;107m██[38;2;65;65;65m██[38;2;189;165;90m██[38;2;189;165;90m██[38;2;189;165;90m██[38;2;189;165;90m██[38;2;189;165;90m██[38;2;189;165;90m██[38;2;189;165;90m██[38;2;0;0;0m██      
    [38;2;0;0;0m██[38;2;65;65;65m██[38;2;65;65;65m██[38;2;65;65;65m██[38;2;247;214;74m██[38;2;247;214;74m██[38;2;247;214;74m██[38;2;189;165;90m██[38;2;189;165;90m██[38;2;189;165;90m██[38;2;189;165;90m██[38;2;189;165;90m██[38;2;65;65;65m██[38;2;0;0;0m██[38;2;0;0;0m██[38;2;0;0;0m██
  [38;2;0;0;0m██[38;2;0;0;0m██[38;2;189;165;90m██[38;2;247;214;74m██[38;2;247;214;74m██[38;2;247;214;74m██[38;2;247;214;74m██[38;2;247;214;74m██[38;2;247;214;74m██[38;2;189;165;90m██[38;2;189;165;90m██[38;2;189;165;90m██[38;2;189;165;90m██[38;2;65;65;65m██[38;2;189;165;90m██[38;2;189;165;90m██[38;2;0;0;0m██
[38;2;0;0;0m██[38;2;214;197;107m██[38;2;214;197;107m██[38;2;65;65;65m██[38;2;189;165;90m██[38;2;247;214;74m██[38;2;247;214;74m██[38;2;247;214;74m██[38;2;247;214;74m██[38;2;189;165;90m██[38;2;189;165;90m██[38;2;189;165;90m██[38;2;189;165;90m██[38;2;65;65;65m██[38;2;189;165;90m██[38;2;189;165;90m██[38;2;0;0;0m██  
  [38;2;0;0;0m██[38;2;214;197;107m██[38;2;214;197;107m██[38;2;65;65;65m██[38;2;65;65;65m██[38;2;189;165;90m██[38;2;189;165;90m██[38;2;189;165;90m██[38;2;189;165;90m██[38;2;189;165;90m██[38;2;65;65;65m██[38;2;65;65;65m██[38;2;65;65;65m██[38;2;0;0;0m██[38;2;0;0;0m██    
    [38;2;0;0;0m██[38;2;0;0;0m██[38;2;173;156;90m██[38;2;173;156;90m██[38;2;0;0;0m██[38;2;65;65;65m██[38;2;65;65;65m██[38;2;65;65;65m██[38;2;65;65;65m██[38;2;173;156;90m██[38;2;214;197;107m██[38;2;0;0;0m██        
        [38;2;0;0;0m██[38;2;0;0;0m██  [38;2;0;0;0m██[38;2;173;156;90m██[38;2;214;197;107m██[38;2;173;156;90m██[38;2;214;197;107m██[38;2;0;0;0m██          
                [38;2;0;0;0m██[38;2;0;0;0m██[38;2;0;0;0m██[38;2;0;0;0m██            
