            [38;2;0;0;0m██[38;2;0;0;0m██                  
          [38;2;0;0;0m██[38;2;140;99;58m██[38;2;140;99;58m██[38;2;0;0;0m██                
        [38;2;0;0;0m██[38;2;140;99;58m██[38;2;82;66;58m██[38;2;82;66;58m██[38;2;140;99;58m██[38;2;0;0;0m██              
        [38;2;0;0;0m██[38;2;140;99;58m██[38;2;82;66;58m██[38;2;107;82;58m██[38;2;140;99;58m██[38;2;0;0;0m██              
        [38;2;0;0;0m██[38;2;107;82;58m██[38;2;140;99;58m██[38;2;82;66;58m██[38;2;0;0;0m██                
      [38;2;0;0;0m██[38;2;140;99;58m██[38;2;65;65;65m██[38;2;140;99;58m██[38;2;0;0;0m██    [38;2;0;0;0m██            
      [38;2;0;0;0m██[38;2;140;99;58m██[38;2;107;82;58m██[38;2;65;65;65m██[38;2;140;99;58m██[38;2;0;0;0m██[38;2;0;0;0m██[38;2;140;99;58m██[38;2;0;0;0m██          
  [38;2;0;0;0m██    [38;2;0;0;0m██[38;2;140;99;58m██[38;2;140;99;58m██[38;2;140;99;58m██[38;2;82;66;58m██[38;2;140;99;58m██[38;2;140;99;58m██[38;2;0;0;0m██          
[38;2;0;0;0m██[38;2;140;99;58m██[38;2;0;0;0m██[38;2;0;0;0m██[38;2;255;165;8m██[38;2;140;99;58m██[38;2;140;99;58m██[38;2;140;99;58m██[38;2;140;99;58m██[38;2;107;82;58m██[38;2;0;0;0m██            
[38;2;0;0;0m██[38;2;107;82;58m██[38;2;140;99;58m██[38;2;82;66;58m██[38;2;255;189;99m██[38;2;140;99;58m██[38;2;140;99;58m██[38;2;255;165;8m██[38;2;140;99;58m██[38;2;140;99;58m██[38;2;82;66;58m██[38;2;0;0;0m██[38;2;0;0;0m██        
[38;2;0;0;0m██[38;2;140;99;58m██[38;2;107;82;58m██[38;2;140;99;58m██[38;2;140;99;58m██[38;2;140;99;58m██[38;2;140;99;58m██[38;2;255;189;99m██[38;2;140;99;58m██[38;2;140;99;58m██[38;2;107;82;58m██[38;2;140;99;58m██[38;2;140;99;58m██[38;2;0;0;0m██  [38;2;0;0;0m██  
  [38;2;0;0;0m██[38;2;107;82;58m██[38;2;140;99;58m██[38;2;189;189;189m██[38;2;107;82;58m██[38;2;140;99;58m██[38;2;140;99;58m██[38;2;140;99;58m██[38;2;107;82;58m██[38;2;140;99;58m██[38;2;140;99;58m██[38;2;140;99;58m██[38;2;140;99;58m██[38;2;0;0;0m██[38;2;140;99;58m██[38;2;0;0;0m██
  [38;2;0;0;0m██[38;2;0;0;0m██[38;2;82;66;58m██[38;2;140;99;58m██[38;2;140;99;58m██[38;2;189;189;189m██[38;2;140;99;58m██[38;2;140;99;58m██[38;2;140;99;58m██[38;2;140;99;58m██[38;2;140;99;58m██[38;2;140;99;58m██[38;2;140;99;58m██[38;2;140;99;58m██[38;2;140;99;58m██[38;2;0;0;0m██
  [38;2;0;0;0m██[38;2;197;107;82m██[38;2;255;165;8m██[38;2;140;99;58m██[38;2;140;99;58m██[38;2;140;99;58m██[38;2;140;99;58m██[38;2;82;66;58m██[38;2;107;82;58m██[38;2;140;99;58m██[38;2;65;65;65m██[38;2;140;99;58m██[38;2;140;99;58m██[38;2;140;99;58m██[38;2;0;0;0m██  
  [38;2;0;0;0m██[38;2;197;107;82m██[38;2;255;165;8m██[38;2;82;66;58m██[38;2;140;99;58m██[38;2;140;99;58m██[38;2;82;66;58m██[38;2;255;189;99m██[38;2;255;189;99m██[38;2;65;65;65m██[38;2;197;107;82m██[38;2;65;65;65m██[38;2;0;0;0m██[38;2;0;0;0m██    
  [38;2;0;0;0m██[38;2;197;107;82m██[38;2;239;140;99m██[38;2;197;107;82m██[38;2;197;107;82m██[38;2;82;66;58m██[38;2;197;107;82m██[38;2;255;165;8m██[38;2;255;165;8m██[38;2;197;107;82m██[38;2;197;107;82m██[38;2;197;107;82m██[38;2;197;107;82m██[38;2;0;0;0m██    
    [38;2;0;0;0m██[38;2;197;107;82m██[38;2;239;140;99m██[38;2;197;107;82m██[38;2;239;140;99m██[38;2;197;107;82m██[38;2;197;107;82m██[38;2;197;107;82m██[38;2;197;107;82m██[38;2;239;140;99m██[38;2;197;107;82m██[38;2;0;0;0m██      
    [38;2;0;0;0m██[38;2;197;107;82m██[38;2;239;140;99m██[38;2;197;107;82m██[38;2;197;107;82m██[38;2;239;140;99m██[38;2;197;107;82m██[38;2;239;140;99m██[38;2;239;140;99m██[38;2;239;140;99m██[38;2;197;107;82m██[38;2;0;0;0m██      
      [38;2;0;0;0m██[38;2;0;0;0m██[38;2;0;0;0m██[38;2;0;0;0m██[38;2;0;0;0m██[38;2;197;107;82m██[38;2;239;140;99m██[38;2;239;140;99m██[38;2;197;107;82m██[38;2;0;0;0m██        
                [38;2;0;0;0m██[38;2;0;0;0m██[38;2;0;0;0m██[38;2;0;0;0m██          
