          [38;2;0;0;0m██[38;2;0;0;0m██                
        [38;2;0;0;0m██[38;2;141;99;54m██[38;2;141;99;54m██[38;2;0;0;0m██              
      [38;2;0;0;0m██[38;2;141;99;54m██[38;2;82;66;57m██[38;2;82;66;57m██[38;2;141;99;54m██[38;2;0;0;0m██            
      [38;2;0;0;0m██[38;2;141;99;54m██[38;2;82;66;57m██[38;2;108;82;56m██[38;2;141;99;54m██[38;2;0;0;0m██            
      [38;2;0;0;0m██[38;2;108;82;56m██[38;2;141;99;54m██[38;2;82;66;57m██[38;2;0;0;0m██  [38;2;0;0;0m██          
    [38;2;0;0;0m██[38;2;141;99;54m██[38;2;65;65;65m██[38;2;141;99;54m██[38;2;0;0;0m██[38;2;0;0;0m██[38;2;0;0;0m██[38;2;141;99;54m██[38;2;0;0;0m██        
      [38;2;0;0;0m██[38;2;141;99;54m██[38;2;65;65;65m██[38;2;141;99;54m██[38;2;82;66;57m██[38;2;141;99;54m██[38;2;108;82;56m██[38;2;0;0;0m██        
  [38;2;0;0;0m██[38;2;0;0;0m██[38;2;255;166;0m██[38;2;141;99;54m██[38;2;141;99;54m██[38;2;141;99;54m██[38;2;141;99;54m██[38;2;108;82;56m██[38;2;0;0;0m██          
[38;2;0;0;0m██[38;2;141;99;54m██[38;2;82;66;57m██[38;2;255;190;90m██[38;2;141;99;54m██[38;2;141;99;54m██[38;2;255;166;0m██[38;2;141;99;54m██[38;2;141;99;54m██[38;2;82;66;57m██[38;2;0;0;0m██        
[38;2;0;0;0m██[38;2;108;82;56m██[38;2;141;99;54m██[38;2;141;99;54m██[38;2;141;99;54m██[38;2;141;99;54m██[38;2;255;190;90m██[38;2;141;99;54m██[38;2;141;99;54m██[38;2;108;82;56m██[38;2;141;99;54m██[38;2;0;0;0m██  [38;2;0;0;0m██  
[38;2;0;0;0m██[38;2;0;0;0m██[38;2;108;82;56m██[38;2;189;189;189m██[38;2;108;82;56m██[38;2;141;99;54m██[38;2;141;99;54m██[38;2;141;99;54m██[38;2;108;82;56m██[38;2;141;99;54m██[38;2;141;99;54m██[38;2;108;82;56m██[38;2;0;0;0m██[38;2;108;82;56m██[38;2;0;0;0m██
  [38;2;0;0;0m██[38;2;82;66;57m██[38;2;141;99;54m██[38;2;141;99;54m██[38;2;189;189;189m██[38;2;141;99;54m██[38;2;141;99;54m██[38;2;141;99;54m██[38;2;141;99;54m██[38;2;141;99;54m██[38;2;141;99;54m██[38;2;141;99;54m██[38;2;108;82;56m██[38;2;0;0;0m██
  [38;2;0;0;0m██[38;2;199;107;78m██[38;2;255;166;0m██[38;2;141;99;54m██[38;2;141;99;54m██[38;2;141;99;54m██[38;2;82;66;57m██[38;2;108;82;56m██[38;2;141;99;54m██[38;2;65;65;65m██[38;2;141;99;54m██[38;2;141;99;54m██[38;2;0;0;0m██  
  [38;2;0;0;0m██[38;2;199;107;78m██[38;2;255;166;0m██[38;2;82;66;57m██[38;2;82;66;57m██[38;2;255;190;90m██[38;2;255;190;90m██[38;2;199;107;78m██[38;2;65;65;65m██[38;2;199;107;78m██[38;2;65;65;65m██[38;2;0;0;0m██    
    [38;2;0;0;0m██[38;2;199;107;78m██[38;2;199;107;78m██[38;2;199;107;78m██[38;2;255;166;0m██[38;2;255;166;0m██[38;2;241;140;94m██[38;2;199;107;78m██[38;2;241;140;94m██[38;2;0;0;0m██      
      [38;2;0;0;0m██[38;2;0;0;0m██[38;2;199;107;78m██[38;2;241;140;94m██[38;2;199;107;78m██[38;2;199;107;78m██[38;2;241;140;94m██[38;2;0;0;0m██        
          [38;2;0;0;0m██[38;2;0;0;0m██[38;2;0;0;0m██[38;2;0;0;0m██[38;2;0;0;0m██          
