                      [38;2;0;0;0m██[38;2;0;0;0m██        
                    [38;2;0;0;0m██[38;2;165;222;255m██[38;2;0;0;0m██        
                  [38;2;0;0;0m██[38;2;165;222;255m██[38;2;255;255;255m██[38;2;0;0;0m██        
                  [38;2;0;0;0m██[38;2;165;222;255m██[38;2;189;189;189m██[38;2;0;0;0m██        
                [38;2;0;0;0m██[38;2;0;0;0m██[38;2;189;189;189m██[38;2;0;0;0m██          
            [38;2;0;0;0m██[38;2;0;0;0m██[38;2;165;222;255m██[38;2;107;173;156m██[38;2;65;65;65m██[38;2;0;0;0m██          
          [38;2;0;0;0m██[38;2;165;222;255m██[38;2;165;222;255m██[38;2;165;222;255m██[38;2;165;222;255m██[38;2;90;140;156m██[38;2;90;140;156m██[38;2;0;0;0m██        
    [38;2;0;0;0m██  [38;2;0;0;0m██[38;2;0;0;0m██[38;2;65;65;65m██[38;2;165;222;255m██[38;2;165;222;255m██[38;2;90;140;156m██[38;2;90;140;156m██[38;2;165;222;255m██[38;2;165;222;255m██[38;2;0;0;0m██      
  [38;2;0;0;0m██[38;2;165;222;255m██[38;2;0;0;0m██[38;2;165;222;255m██[38;2;165;222;255m██[38;2;165;222;255m██[38;2;65;65;65m██[38;2;165;222;255m██[38;2;165;222;255m██[38;2;165;222;255m██[38;2;90;140;156m██[38;2;90;140;156m██[38;2;0;0;0m██      
  [38;2;0;0;0m██[38;2;165;222;255m██[38;2;107;173;156m██[38;2;165;222;255m██[38;2;165;222;255m██[38;2;165;222;255m██[38;2;165;222;255m██[38;2;165;222;255m██[38;2;165;222;255m██[38;2;90;140;156m██[38;2;90;140;156m██[38;2;165;222;255m██[38;2;0;0;0m██[38;2;0;0;0m██[38;2;0;0;0m██  
  [38;2;0;0;0m██[38;2;107;173;156m██[38;2;165;222;255m██[38;2;165;222;255m██[38;2;255;255;255m██[38;2;165;222;255m██[38;2;165;222;255m██[38;2;165;222;255m██[38;2;165;222;255m██[38;2;165;222;255m██[38;2;165;222;255m██[38;2;107;173;156m██[38;2;65;65;65m██[38;2;255;255;255m██[38;2;0;0;0m██  
[38;2;0;0;0m██[38;2;165;222;255m██[38;2;165;222;255m██[38;2;165;222;255m██[38;2;255;255;255m██[38;2;132;132;115m██[38;2;255;255;255m██[38;2;165;222;255m██[38;2;165;222;255m██[38;2;107;173;156m██[38;2;107;173;156m██[38;2;107;173;156m██[38;2;0;0;0m██[38;2;189;189;189m██[38;2;189;189;189m██[38;2;0;0;0m██  
[38;2;0;0;0m██[38;2;214;99;66m██[38;2;214;99;66m██[38;2;165;222;255m██[38;2;255;255;255m██[38;2;0;0;0m██[38;2;255;255;255m██[38;2;165;222;255m██[38;2;90;140;156m██[38;2;255;255;255m██[38;2;255;255;255m██[38;2;0;0;0m██  [38;2;0;0;0m██[38;2;255;255;255m██[38;2;255;255;255m██[38;2;0;0;0m██
  [38;2;0;0;0m██[38;2;214;99;66m██[38;2;214;99;66m██[38;2;165;222;255m██[38;2;255;255;255m██[38;2;165;222;255m██[38;2;107;173;156m██[38;2;107;173;156m██[38;2;0;0;0m██[38;2;0;0;0m██      [38;2;0;0;0m██[38;2;0;0;0m██  
    [38;2;0;0;0m██[38;2;0;0;0m██[38;2;0;0;0m██[38;2;0;0;0m██[38;2;0;0;0m██[38;2;189;189;189m██[38;2;189;189;189m██[38;2;0;0;0m██              
              [38;2;0;0;0m██[38;2;0;0;0m██                
