        [38;2;0;0;0m██                          
      [38;2;0;0;0m██[38;2;74;123;189m██[38;2;0;0;0m██      [38;2;0;0;0m██                
      [38;2;0;0;0m██[38;2;74;123;189m██[38;2;74;123;189m██[38;2;0;0;0m██[38;2;0;0;0m██[38;2;0;0;0m██[38;2;115;165;247m██[38;2;0;0;0m██              
    [38;2;0;0;0m██[38;2;74;123;189m██[38;2;115;165;247m██[38;2;115;165;247m██[38;2;115;165;247m██[38;2;74;123;189m██[38;2;115;165;247m██[38;2;115;165;247m██[38;2;0;0;0m██              
    [38;2;0;0;0m██[38;2;115;165;247m██[38;2;115;165;247m██[38;2;115;165;247m██[38;2;115;165;247m██[38;2;115;165;247m██[38;2;115;165;247m██[38;2;115;165;247m██[38;2;115;165;247m██[38;2;0;0;0m██            
  [38;2;0;0;0m██[38;2;65;65;65m██[38;2;115;165;247m██[38;2;115;165;247m██[38;2;115;165;247m██[38;2;115;165;247m██[38;2;65;65;65m██[38;2;65;65;65m██[38;2;65;65;65m██[38;2;115;165;247m██[38;2;0;0;0m██            
  [38;2;0;0;0m██[38;2;115;115;123m██[38;2;65;65;65m██[38;2;65;65;65m██[38;2;65;65;65m██[38;2;0;0;0m██[38;2;189;189;181m██[38;2;0;0;0m██[38;2;65;65;65m██[38;2;65;65;65m██[38;2;0;0;0m██            
[38;2;0;0;0m██[38;2;115;115;123m██[38;2;115;115;123m██[38;2;115;115;123m██[38;2;65;65;65m██[38;2;189;189;181m██[38;2;247;99;82m██[38;2;255;255;255m██[38;2;65;65;65m██[38;2;65;65;65m██[38;2;115;115;123m██[38;2;0;0;0m██    [38;2;0;0;0m██[38;2;0;0;0m██[38;2;0;0;0m██  
[38;2;0;0;0m██[38;2;65;65;65m██[38;2;115;115;123m██[38;2;65;65;65m██[38;2;74;123;189m██[38;2;65;65;65m██[38;2;247;99;82m██[38;2;189;189;181m██[38;2;115;165;247m██[38;2;65;65;65m██[38;2;115;115;123m██[38;2;115;115;123m██[38;2;0;0;0m██[38;2;0;0;0m██[38;2;74;123;189m██[38;2;74;123;189m██[38;2;74;123;189m██[38;2;0;0;0m██
  [38;2;0;0;0m██[38;2;0;0;0m██[38;2;74;123;189m██[38;2;115;165;247m██[38;2;115;165;247m██[38;2;115;165;247m██[38;2;74;123;189m██[38;2;65;65;65m██[38;2;65;65;65m██[38;2;65;65;65m██[38;2;115;115;123m██[38;2;115;115;123m██[38;2;65;65;65m██[38;2;74;123;189m██[38;2;74;123;189m██[38;2;0;0;0m██  
      [38;2;0;0;0m██[38;2;0;0;0m██[38;2;0;0;0m██[38;2;65;65;65m██[38;2;65;65;65m██[38;2;197;181;90m██[38;2;65;65;65m██[38;2;65;65;65m██[38;2;115;115;123m██[38;2;115;115;123m██[38;2;65;65;65m██[38;2;74;123;189m██[38;2;74;123;189m██[38;2;0;0;0m██  
          [38;2;0;0;0m██[38;2;230;206;115m██[38;2;230;206;115m██[38;2;65;65;65m██[38;2;65;65;65m██[38;2;115;165;247m██[38;2;65;65;65m██[38;2;65;65;65m██[38;2;74;123;189m██[38;2;74;123;189m██[38;2;74;123;189m██[38;2;0;0;0m██  
        [38;2;0;0;0m██[38;2;74;123;189m██[38;2;65;65;65m██[38;2;65;65;65m██[38;2;74;123;189m██[38;2;65;65;65m██[38;2;74;123;189m██[38;2;115;165;247m██[38;2;74;123;189m██[38;2;65;65;65m██[38;2;74;123;189m██[38;2;0;0;0m██    
        [38;2;0;0;0m██[38;2;66;99;156m██[38;2;74;123;189m██[38;2;66;99;156m██[38;2;115;165;247m██[38;2;115;165;247m██[38;2;65;65;65m██[38;2;115;165;247m██[38;2;115;165;247m██[38;2;0;0;0m██[38;2;0;0;0m██      
          [38;2;0;0;0m██[38;2;65;65;65m██[38;2;0;0;0m██[38;2;0;0;0m██[38;2;115;165;247m██[38;2;115;165;247m██[38;2;65;65;65m██[38;2;0;0;0m██[38;2;0;0;0m██        
        [38;2;0;0;0m██[38;2;65;65;65m██[38;2;65;65;65m██[38;2;0;0;0m██  [38;2;0;0;0m██[38;2;0;0;0m██[38;2;115;115;123m██[38;2;0;0;0m██          
          [38;2;0;0;0m██[38;2;0;0;0m██      [38;2;0;0;0m██[38;2;115;115;123m██[38;2;0;0;0m██          
                    [38;2;0;0;0m██[38;2;0;0;0m██            
