                            [38;2;0;0;0m██[38;2;0;0;0m██                  
            [38;2;0;0;0m██[38;2;0;0;0m██          [38;2;0;0;0m██[38;2;107;197;115m██[38;2;0;0;0m██                  
            [38;2;0;0;0m██[38;2;74;148;74m██[38;2;0;0;0m██[38;2;0;0;0m██  [38;2;0;0;0m██[38;2;0;0;0m██[38;2;107;197;115m██[38;2;107;197;115m██[38;2;0;0;0m██                  
            [38;2;0;0;0m██[38;2;74;148;74m██[38;2;74;148;74m██[38;2;65;65;65m██[38;2;0;0;0m██[38;2;74;148;74m██[38;2;107;197;115m██[38;2;107;197;115m██[38;2;107;197;115m██[38;2;0;0;0m██                  
            [38;2;0;0;0m██[38;2;74;148;74m██[38;2;74;148;74m██[38;2;107;197;115m██[38;2;107;197;115m██[38;2;107;197;115m██[38;2;74;148;74m██[38;2;74;148;74m██[38;2;107;197;115m██[38;2;0;0;0m██                  
              [38;2;0;0;0m██[38;2;107;197;115m██[38;2;107;197;115m██[38;2;107;197;115m██[38;2;107;197;115m██[38;2;107;197;115m██[38;2;107;197;115m██[38;2;107;197;115m██[38;2;107;197;115m██[38;2;0;0;0m██[38;2;0;0;0m██[38;2;0;0;0m██[38;2;0;0;0m██[38;2;0;0;0m██        
              [38;2;0;0;0m██[38;2;107;197;115m██[38;2;107;197;115m██[38;2;74;148;74m██[38;2;107;197;115m██[38;2;107;197;115m██[38;2;107;197;115m██[38;2;107;197;115m██[38;2;65;65;65m██[38;2;74;148;74m██[38;2;107;197;115m██[38;2;107;197;115m██[38;2;107;197;115m██[38;2;0;0;0m██        
        [38;2;0;0;0m██[38;2;0;0;0m██[38;2;65;65;65m██[38;2;74;148;74m██[38;2;107;197;115m██[38;2;74;148;74m██[38;2;189;239;181m██[38;2;107;197;115m██[38;2;107;197;115m██[38;2;107;197;115m██[38;2;107;197;115m██[38;2;107;197;115m██[38;2;107;197;115m██[38;2;107;197;115m██[38;2;107;197;115m██[38;2;0;0;0m██          
    [38;2;0;0;0m██[38;2;0;0;0m██[38;2;255;181;165m██[38;2;255;181;165m██[38;2;65;65;65m██[38;2;189;239;181m██[38;2;74;148;74m██[38;2;189;239;181m██[38;2;189;239;181m██[38;2;74;148;74m██[38;2;107;197;115m██[38;2;74;148;74m██[38;2;107;197;115m██[38;2;65;65;65m██[38;2;107;197;115m██[38;2;107;197;115m██[38;2;0;0;0m██            
  [38;2;0;0;0m██[38;2;239;115;156m██[38;2;255;181;165m██[38;2;239;115;156m██[38;2;255;181;165m██[38;2;0;0;0m██[38;2;189;239;181m██[38;2;189;239;181m██[38;2;189;239;181m██[38;2;189;239;181m██[38;2;74;148;74m██[38;2;74;148;74m██[38;2;189;239;181m██[38;2;74;148;74m██[38;2;74;148;74m██[38;2;65;65;65m██[38;2;0;0;0m██              
  [38;2;0;0;0m██[38;2;255;181;165m██[38;2;255;181;165m██[38;2;255;181;165m██[38;2;255;181;165m██[38;2;255;181;165m██[38;2;0;0;0m██[38;2;189;239;181m██[38;2;189;239;181m██[38;2;189;239;181m██[38;2;189;239;181m██[38;2;189;239;181m██[38;2;189;239;181m██[38;2;189;239;181m██[38;2;74;148;74m██[38;2;0;0;0m██    [38;2;0;0;0m██[38;2;0;0;0m██[38;2;0;0;0m██      
[38;2;0;0;0m██[38;2;239;115;156m██[38;2;197;74;90m██[38;2;255;181;165m██[38;2;255;181;165m██[38;2;255;181;165m██[38;2;255;181;165m██[38;2;65;65;65m██[38;2;189;239;181m██[38;2;189;239;181m██[38;2;189;239;181m██[38;2;65;65;65m██[38;2;189;239;181m██[38;2;189;239;181m██[38;2;0;0;0m██[38;2;74;148;74m██[38;2;0;0;0m██  [38;2;0;0;0m██[38;2;148;206;239m██[38;2;82;115;181m██[38;2;148;206;239m██[38;2;0;0;0m██    
[38;2;0;0;0m██[38;2;239;115;156m██[38;2;239;115;156m██[38;2;197;74;90m██[38;2;197;74;90m██[38;2;239;115;156m██[38;2;65;65;65m██[38;2;74;148;74m██[38;2;65;65;65m██[38;2;189;239;181m██[38;2;189;239;181m██[38;2;189;239;181m██[38;2;0;0;0m██[38;2;0;0;0m██[38;2;156;197;148m██[38;2;0;0;0m██  [38;2;0;0;0m██[38;2;148;206;239m██[38;2;82;115;181m██[38;2;148;206;239m██[38;2;90;181;255m██[38;2;82;115;181m██[38;2;0;0;0m██  
  [38;2;0;0;0m██[38;2;239;115;156m██[38;2;239;115;156m██[38;2;239;115;156m██[38;2;197;74;90m██[38;2;65;65;65m██[38;2;65;65;65m██[38;2;65;65;65m██[38;2;65;65;65m██[38;2;156;197;148m██[38;2;156;197;148m██[38;2;156;197;148m██[38;2;156;197;148m██[38;2;65;65;65m██[38;2;0;0;0m██[38;2;0;0;0m██[38;2;148;206;239m██[38;2;148;206;239m██[38;2;82;115;181m██[38;2;148;206;239m██[38;2;82;115;181m██[38;2;148;206;239m██[38;2;0;0;0m██  
    [38;2;0;0;0m██[38;2;0;0;0m██[38;2;0;0;0m██[38;2;0;0;0m██[38;2;156;197;148m██[38;2;156;197;148m██[38;2;65;65;65m██[38;2;189;165;66m██[38;2;65;65;65m██[38;2;65;65;65m██[38;2;65;65;65m██[38;2;65;65;65m██[38;2;107;197;115m██[38;2;107;197;115m██[38;2;65;65;65m██[38;2;148;206;239m██[38;2;90;181;255m██[38;2;82;115;181m██[38;2;148;206;239m██[38;2;82;115;181m██[38;2;148;206;239m██[38;2;82;115;181m██[38;2;0;0;0m██
            [38;2;0;0;0m██[38;2;0;0;0m██[38;2;107;197;115m██[38;2;247;247;41m██[38;2;247;247;41m██[38;2;107;197;115m██[38;2;65;65;65m██[38;2;74;148;74m██[38;2;74;148;74m██[38;2;65;65;65m██[38;2;65;65;65m██[38;2;90;181;255m██[38;2;82;115;181m██[38;2;82;115;181m██[38;2;90;181;255m██[38;2;148;206;239m██[38;2;82;115;181m██[38;2;90;181;255m██[38;2;0;0;0m██
              [38;2;0;0;0m██[38;2;107;197;115m██[38;2;247;247;41m██[38;2;107;197;115m██[38;2;107;197;115m██[38;2;107;197;115m██[38;2;65;65;65m██[38;2;65;65;65m██[38;2;189;239;181m██[38;2;189;239;181m██[38;2;65;65;65m██[38;2;90;181;255m██[38;2;90;181;255m██[38;2;82;115;181m██[38;2;90;181;255m██[38;2;90;181;255m██[38;2;90;181;255m██[38;2;0;0;0m██
                [38;2;0;0;0m██[38;2;247;247;41m██[38;2;107;197;115m██[38;2;107;197;115m██[38;2;107;197;115m██[38;2;65;65;65m██[38;2;189;239;181m██[38;2;65;65;65m██[38;2;189;239;181m██[38;2;189;239;181m██[38;2;0;0;0m██[38;2;0;0;0m██[38;2;90;181;255m██[38;2;82;115;181m██[38;2;90;181;255m██[38;2;0;0;0m██  
                [38;2;0;0;0m██[38;2;107;197;115m██[38;2;107;197;115m██[38;2;107;197;115m██[38;2;65;65;65m██[38;2;189;239;181m██[38;2;189;239;181m██[38;2;0;0;0m██[38;2;0;0;0m██[38;2;0;0;0m██    [38;2;0;0;0m██[38;2;0;0;0m██[38;2;0;0;0m██    
                  [38;2;0;0;0m██[38;2;107;197;115m██[38;2;65;65;65m██[38;2;156;197;148m██[38;2;156;197;148m██[38;2;0;0;0m██                    
                    [38;2;0;0;0m██[38;2;0;0;0m██[38;2;65;65;65m██[38;2;156;197;148m██[38;2;0;0;0m██                    
                        [38;2;0;0;0m██[38;2;0;0;0m██                      
