                [38;2;0;0;0m██                    
              [38;2;0;0;0m██[38;2;65;65;65m██[38;2;0;0;0m██                  
              [38;2;0;0;0m██[38;2;65;65;65m██[38;2;0;0;0m██  [38;2;0;0;0m██[38;2;0;0;0m██      [38;2;0;0;0m██[38;2;0;0;0m██  
    [38;2;0;0;0m██[38;2;0;0;0m██[38;2;0;0;0m██[38;2;0;0;0m██  [38;2;0;0;0m██[38;2;65;65;65m██[38;2;0;0;0m██[38;2;0;0;0m██[38;2;65;65;65m██[38;2;0;0;0m██    [38;2;0;0;0m██[38;2;230;82;57m██[38;2;0;0;0m██  
  [38;2;0;0;0m██[38;2;65;65;65m██[38;2;65;65;65m██[38;2;65;65;65m██[38;2;65;65;65m██[38;2;0;0;0m██[38;2;0;0;0m██[38;2;65;65;65m██[38;2;0;0;0m██[38;2;65;65;65m██[38;2;0;0;0m██    [38;2;0;0;0m██[38;2;230;82;57m██[38;2;148;148;148m██[38;2;0;0;0m██  
[38;2;0;0;0m██[38;2;65;65;65m██[38;2;65;65;65m██[38;2;65;65;65m██[38;2;65;65;65m██[38;2;180;156;222m██[38;2;65;65;65m██[38;2;65;65;65m██[38;2;0;0;0m██[38;2;65;65;65m██[38;2;65;65;65m██[38;2;0;0;0m██    [38;2;0;0;0m██[38;2;230;82;57m██[38;2;0;0;0m██    
[38;2;0;0;0m██[38;2;65;65;65m██[38;2;65;65;65m██[38;2;65;65;65m██[38;2;180;156;222m██[38;2;65;65;65m██[38;2;65;65;65m██[38;2;65;65;65m██[38;2;65;65;65m██[38;2;0;0;0m██[38;2;0;0;0m██        [38;2;0;0;0m██[38;2;230;82;57m██[38;2;0;0;0m██  
[38;2;0;0;0m██[38;2;65;65;65m██[38;2;65;65;65m██[38;2;65;65;65m██[38;2;0;0;0m██[38;2;65;65;65m██[38;2;0;0;0m██[38;2;0;0;0m██[38;2;65;65;65m██[38;2;65;65;65m██[38;2;0;0;0m██        [38;2;0;0;0m██[38;2;230;82;57m██[38;2;148;148;148m██[38;2;0;0;0m██
[38;2;0;0;0m██[38;2;65;65;65m██[38;2;65;65;65m██[38;2;180;156;222m██[38;2;65;65;65m██[38;2;65;65;65m██[38;2;65;65;65m██[38;2;0;0;0m██[38;2;65;65;65m██[38;2;65;65;65m██[38;2;65;65;65m██[38;2;0;0;0m██    [38;2;0;0;0m██[38;2;164;65;57m██[38;2;115;115;115m██[38;2;148;148;148m██[38;2;0;0;0m██
  [38;2;0;0;0m██[38;2;65;65;65m██[38;2;180;156;222m██[38;2;65;65;65m██[38;2;65;65;65m██[38;2;0;0;0m██[38;2;65;65;65m██[38;2;65;65;65m██[38;2;65;65;65m██[38;2;65;65;65m██[38;2;148;148;148m██[38;2;0;0;0m██[38;2;0;0;0m██[38;2;164;65;57m██[38;2;115;115;115m██[38;2;115;115;115m██[38;2;0;0;0m██  
  [38;2;0;0;0m██[38;2;65;65;65m██[38;2;65;65;65m██[38;2;65;65;65m██[38;2;0;0;0m██  [38;2;0;0;0m██[38;2;148;148;148m██[38;2;148;148;148m██[38;2;148;148;148m██[38;2;148;148;148m██[38;2;148;148;148m██[38;2;65;65;65m██[38;2;65;65;65m██[38;2;115;115;115m██[38;2;0;0;0m██    
  [38;2;0;0;0m██[38;2;65;65;65m██[38;2;65;65;65m██[38;2;0;0;0m██  [38;2;0;0;0m██[38;2;148;148;148m██[38;2;148;148;148m██[38;2;148;148;148m██[38;2;148;148;148m██[38;2;148;148;148m██[38;2;148;148;148m██[38;2;148;148;148m██[38;2;148;148;148m██[38;2;0;0;0m██      
[38;2;0;0;0m██[38;2;65;65;65m██[38;2;65;65;65m██[38;2;65;65;65m██[38;2;0;0;0m██[38;2;0;0;0m██[38;2;115;115;115m██[38;2;65;65;65m██[38;2;148;148;148m██[38;2;65;65;65m██[38;2;148;148;148m██[38;2;148;148;148m██[38;2;148;148;148m██[38;2;148;148;148m██[38;2;148;148;148m██[38;2;148;148;148m██[38;2;0;0;0m██    
[38;2;0;0;0m██[38;2;65;65;65m██[38;2;65;65;65m██[38;2;0;0;0m██[38;2;0;0;0m██[38;2;0;0;0m██[38;2;115;115;115m██[38;2;65;65;65m██[38;2;148;148;148m██[38;2;65;65;65m██[38;2;148;148;148m██[38;2;65;65;65m██[38;2;148;148;148m██[38;2;148;148;148m██[38;2;148;148;148m██[38;2;65;65;65m██[38;2;0;0;0m██    
  [38;2;0;0;0m██[38;2;0;0;0m██[38;2;0;0;0m██    [38;2;0;0;0m██[38;2;65;65;65m██[38;2;65;65;65m██[38;2;0;0;0m██[38;2;148;148;148m██[38;2;0;0;0m██[38;2;0;0;0m██[38;2;148;148;148m██[38;2;65;65;65m██[38;2;0;0;0m██      
            [38;2;0;0;0m██[38;2;65;65;65m██[38;2;0;0;0m██[38;2;0;0;0m██[38;2;65;65;65m██[38;2;0;0;0m██  [38;2;0;0;0m██[38;2;65;65;65m██[38;2;65;65;65m██[38;2;0;0;0m██    
              [38;2;0;0;0m██  [38;2;0;0;0m██[38;2;65;65;65m██[38;2;0;0;0m██    [38;2;0;0;0m██[38;2;0;0;0m██      
                  [38;2;0;0;0m██[38;2;0;0;0m██                
