                                        [38;2;0;0;0m██[38;2;0;0;0m██
                                      [38;2;0;0;0m██[38;2;107;107;107m██[38;2;0;0;0m██
        [38;2;0;0;0m██[38;2;0;0;0m██[38;2;0;0;0m██[38;2;0;0;0m██                [38;2;0;0;0m██[38;2;0;0;0m██[38;2;0;0;0m██[38;2;230;189;123m██[38;2;107;107;107m██[38;2;0;0;0m██
      [38;2;0;0;0m██[38;2;0;0;0m██[38;2;197;148;90m██[38;2;197;148;90m██[38;2;197;148;90m██[38;2;0;0;0m██[38;2;0;0;0m██[38;2;0;0;0m██[38;2;0;0;0m██    [38;2;0;0;0m██[38;2;0;0;0m██[38;2;107;107;107m██[38;2;107;107;107m██[38;2;230;189;123m██[38;2;230;189;123m██[38;2;230;189;123m██[38;2;0;0;0m██
      [38;2;0;0;0m██[38;2;255;255;255m██[38;2;65;65;65m██[38;2;197;148;90m██[38;2;148;107;74m██[38;2;230;189;123m██[38;2;230;189;123m██[38;2;230;189;123m██[38;2;230;189;123m██[38;2;0;0;0m██[38;2;0;0;0m██[38;2;230;189;123m██[38;2;230;189;123m██[38;2;107;107;107m██[38;2;107;107;107m██[38;2;107;107;107m██[38;2;230;189;123m██[38;2;0;0;0m██  
      [38;2;0;0;0m██[38;2;107;107;107m██[38;2;0;0;0m██[38;2;197;148;90m██[38;2;230;189;123m██[38;2;65;65;65m██[38;2;0;0;0m██[38;2;230;189;123m██[38;2;230;189;123m██[38;2;230;189;123m██[38;2;65;65;65m██[38;2;107;107;107m██[38;2;230;189;123m██[38;2;230;189;123m██[38;2;107;107;107m██[38;2;107;107;107m██[38;2;65;65;65m██[38;2;0;0;0m██  
    [38;2;0;0;0m██[38;2;197;148;90m██[38;2;0;0;0m██[38;2;65;65;65m██[38;2;65;65;65m██[38;2;0;0;0m██[38;2;255;255;255m██[38;2;65;65;65m██[38;2;0;0;0m██[38;2;230;189;123m██[38;2;197;148;90m██[38;2;65;65;65m██[38;2;107;107;107m██[38;2;107;107;107m██[38;2;230;189;123m██[38;2;230;189;123m██[38;2;65;65;65m██[38;2;230;189;123m██[38;2;0;0;0m██  
  [38;2;0;0;0m██[38;2;0;0;0m██[38;2;107;107;107m██[38;2;107;107;107m██[38;2;230;189;123m██[38;2;230;189;123m██[38;2;0;0;0m██[38;2;107;107;107m██[38;2;65;65;65m██[38;2;0;0;0m██[38;2;230;189;123m██[38;2;148;107;74m██[38;2;230;189;123m██[38;2;107;107;107m██[38;2;107;107;107m██[38;2;107;107;107m██[38;2;230;189;123m██[38;2;65;65;65m██[38;2;230;189;123m██[38;2;230;189;123m██[38;2;0;0;0m██
[38;2;0;0;0m██[38;2;107;107;107m██[38;2;230;189;123m██[38;2;197;148;90m██[38;2;107;107;107m██[38;2;107;107;107m██[38;2;230;189;123m██[38;2;230;189;123m██[38;2;0;0;0m██[38;2;0;0;0m██[38;2;148;107;74m██[38;2;148;107;74m██[38;2;230;189;123m██[38;2;230;189;123m██[38;2;107;107;107m██[38;2;65;65;65m██[38;2;107;107;107m██[38;2;197;115;140m██[38;2;197;115;140m██[38;2;65;65;65m██[38;2;197;148;90m██[38;2;0;0;0m██
[38;2;0;0;0m██[38;2;230;189;123m██[38;2;230;189;123m██[38;2;65;65;65m██[38;2;230;189;123m██[38;2;230;189;123m██[38;2;230;189;123m██[38;2;230;189;123m██[38;2;230;189;123m██[38;2;230;189;123m██[38;2;65;65;65m██[38;2;230;189;123m██[38;2;230;189;123m██[38;2;107;107;107m██[38;2;65;65;65m██[38;2;230;189;123m██[38;2;65;65;65m██[38;2;197;115;140m██[38;2;0;0;0m██[38;2;107;107;107m██[38;2;0;0;0m██[38;2;0;0;0m██
  [38;2;0;0;0m██[38;2;230;189;123m██[38;2;230;189;123m██[38;2;197;148;90m██[38;2;0;0;0m██[38;2;65;65;65m██[38;2;65;65;65m██[38;2;65;65;65m██[38;2;65;65;65m██[38;2;197;148;90m██[38;2;197;148;90m██[38;2;65;65;65m██[38;2;65;65;65m██[38;2;230;189;123m██[38;2;230;189;123m██[38;2;65;65;65m██[38;2;0;0;0m██  [38;2;0;0;0m██[38;2;0;0;0m██  
    [38;2;0;0;0m██[38;2;0;0;0m██[38;2;0;0;0m██  [38;2;0;0;0m██[38;2;0;0;0m██[38;2;197;115;140m██[38;2;197;115;140m██[38;2;65;65;65m██[38;2;0;0;0m██[38;2;0;0;0m██[38;2;0;0;0m██[38;2;230;189;123m██[38;2;230;189;123m██[38;2;197;148;90m██[38;2;0;0;0m██        
                [38;2;0;0;0m██[38;2;0;0;0m██[38;2;0;0;0m██      [38;2;0;0;0m██[38;2;197;148;90m██[38;2;197;148;90m██[38;2;0;0;0m██        
                          [38;2;0;0;0m██[38;2;107;107;107m██[38;2;197;148;90m██[38;2;0;0;0m██          
                          [38;2;0;0;0m██[38;2;0;0;0m██[38;2;107;107;107m██[38;2;0;0;0m██          
                            [38;2;0;0;0m██[38;2;0;0;0m██            
