[38;2;0;0;0m██[38;2;0;0;0m██    [38;2;0;0;0m██                                    
[38;2;0;0;0m██[38;2;255;255;255m██[38;2;0;0;0m██[38;2;0;0;0m██[38;2;255;255;255m██[38;2;0;0;0m██        [38;2;0;0;0m██  [38;2;0;0;0m██[38;2;0;0;0m██[38;2;0;0;0m██                
  [38;2;0;0;0m██[38;2;255;255;255m██[38;2;0;0;0m██[38;2;255;255;255m██[38;2;0;0;0m██      [38;2;0;0;0m██[38;2;255;255;255m██[38;2;0;0;0m██[38;2;189;189;189m██[38;2;255;255;255m██[38;2;0;0;0m██                
    [38;2;0;0;0m██[38;2;255;255;255m██[38;2;255;255;255m██[38;2;0;0;0m██      [38;2;0;0;0m██[38;2;255;255;255m██[38;2;255;255;255m██[38;2;255;255;255m██[38;2;0;0;0m██                  
  [38;2;0;0;0m██[38;2;255;255;255m██[38;2;189;189;189m██[38;2;65;65;65m██[38;2;255;255;255m██[38;2;0;0;0m██  [38;2;0;0;0m██[38;2;255;255;255m██[38;2;255;255;255m██[38;2;65;65;65m██[38;2;0;0;0m██                    
    [38;2;0;0;0m██[38;2;140;82;82m██[38;2;230;214;115m██[38;2;65;65;65m██[38;2;140;82;82m██[38;2;0;0;0m██[38;2;0;0;0m██[38;2;255;255;255m██[38;2;189;189;189m██[38;2;230;214;115m██[38;2;65;65;65m██                    
    [38;2;0;0;0m██[38;2;189;123;90m██[38;2;255;255;255m██[38;2;255;255;255m██[38;2;140;82;82m██[38;2;65;65;65m██[38;2;230;214;115m██[38;2;65;65;65m██[38;2;189;189;189m██[38;2;0;0;0m██[38;2;0;0;0m██[38;2;0;0;0m██                  
      [38;2;0;0;0m██[38;2;189;123;90m██[38;2;255;255;255m██[38;2;140;82;82m██[38;2;65;65;65m██[38;2;255;255;255m██[38;2;255;255;255m██[38;2;65;65;65m██[38;2;189;123;90m██[38;2;189;123;90m██[38;2;189;123;90m██[38;2;0;0;0m██                
        [38;2;0;0;0m██[38;2;189;123;90m██[38;2;189;123;90m██[38;2;189;123;90m██[38;2;140;82;82m██[38;2;255;255;255m██[38;2;189;123;90m██[38;2;140;82;82m██[38;2;140;82;82m██[38;2;0;0;0m██                  
        [38;2;0;0;0m██[38;2;189;123;90m██[38;2;189;123;90m██[38;2;189;123;90m██[38;2;189;123;90m██[38;2;189;123;90m██[38;2;140;82;82m██[38;2;140;82;82m██[38;2;0;0;0m██                    
      [38;2;0;0;0m██[38;2;189;123;90m██[38;2;189;123;90m██[38;2;189;123;90m██[38;2;255;165;58m██[38;2;255;255;255m██[38;2;255;165;58m██[38;2;189;123;90m██[38;2;65;65;65m██[38;2;65;65;65m██[38;2;0;0;0m██                  
    [38;2;0;0;0m██[38;2;189;123;90m██[38;2;189;123;90m██[38;2;189;123;90m██[38;2;140;82;82m██[38;2;0;0;0m██[38;2;255;255;255m██[38;2;255;165;58m██[38;2;65;65;65m██[38;2;65;65;65m██[38;2;255;255;255m██[38;2;255;255;255m██[38;2;0;0;0m██[38;2;0;0;0m██  [38;2;0;0;0m██[38;2;0;0;0m██[38;2;0;0;0m██      
    [38;2;0;0;0m██[38;2;140;82;82m██[38;2;189;123;90m██[38;2;189;189;189m██[38;2;255;255;255m██[38;2;255;255;255m██[38;2;189;189;189m██[38;2;65;65;65m██[38;2;189;189;189m██[38;2;255;255;255m██[38;2;255;255;255m██[38;2;189;189;189m██[38;2;255;255;255m██[38;2;255;255;255m██[38;2;0;0;0m██[38;2;140;82;82m██[38;2;189;123;90m██[38;2;189;123;90m██[38;2;0;0;0m██[38;2;0;0;0m██  
      [38;2;0;0;0m██[38;2;255;255;255m██[38;2;255;255;255m██[38;2;65;65;65m██[38;2;65;65;65m██[38;2;189;189;189m██[38;2;255;255;255m██[38;2;255;255;255m██[38;2;255;255;255m██[38;2;255;255;255m██[38;2;255;255;255m██[38;2;255;255;255m██[38;2;255;255;255m██[38;2;65;65;65m██[38;2;189;123;90m██[38;2;65;65;65m██[38;2;189;123;90m██[38;2;189;123;90m██[38;2;189;123;90m██[38;2;0;0;0m██
        [38;2;65;65;65m██[38;2;65;65;65m██[38;2;255;255;255m██[38;2;189;189;189m██[38;2;255;255;255m██[38;2;255;255;255m██[38;2;255;255;255m██[38;2;255;255;255m██[38;2;255;255;255m██[38;2;255;255;255m██[38;2;189;189;189m██[38;2;65;65;65m██[38;2;189;189;189m██[38;2;189;123;90m██[38;2;65;65;65m██[38;2;140;82;82m██[38;2;189;123;90m██[38;2;0;0;0m██  
      [38;2;0;0;0m██[38;2;255;255;255m██[38;2;255;255;255m██[38;2;255;255;255m██[38;2;255;255;255m██[38;2;255;255;255m██[38;2;255;255;255m██[38;2;255;255;255m██[38;2;255;255;255m██[38;2;255;255;255m██[38;2;189;189;189m██[38;2;255;255;255m██[38;2;65;65;65m██[38;2;189;123;90m██[38;2;189;123;90m██[38;2;189;123;90m██[38;2;0;0;0m██[38;2;0;0;0m██    
        [38;2;0;0;0m██[38;2;189;189;189m██[38;2;255;255;255m██[38;2;189;189;189m██[38;2;255;255;255m██[38;2;255;255;255m██[38;2;255;255;255m██[38;2;255;255;255m██[38;2;255;255;255m██[38;2;65;65;65m██[38;2;65;65;65m██[38;2;189;123;90m██[38;2;189;123;90m██[38;2;189;123;90m██[38;2;189;123;90m██[38;2;0;0;0m██      
          [38;2;0;0;0m██[38;2;0;0;0m██[38;2;65;65;65m██[38;2;189;189;189m██[38;2;255;255;255m██[38;2;255;255;255m██[38;2;189;189;189m██[38;2;65;65;65m██[38;2;189;189;189m██[38;2;189;189;189m██[38;2;65;65;65m██[38;2;0;0;0m██[38;2;140;82;82m██[38;2;255;255;255m██[38;2;189;123;90m██[38;2;0;0;0m██    
            [38;2;0;0;0m██[38;2;189;189;189m██[38;2;65;65;65m██[38;2;65;65;65m██[38;2;65;65;65m██[38;2;189;123;90m██[38;2;189;123;90m██[38;2;140;82;82m██[38;2;0;0;0m██[38;2;0;0;0m██  [38;2;0;0;0m██[38;2;255;255;255m██[38;2;255;255;255m██[38;2;0;0;0m██    
          [38;2;0;0;0m██[38;2;189;189;189m██[38;2;189;189;189m██[38;2;189;189;189m██[38;2;65;65;65m██[38;2;189;123;90m██[38;2;255;255;255m██[38;2;189;189;189m██[38;2;0;0;0m██    [38;2;0;0;0m██[38;2;255;255;255m██[38;2;189;189;189m██[38;2;255;255;255m██[38;2;255;255;255m██[38;2;0;0;0m██  
          [38;2;0;0;0m██[38;2;140;82;82m██[38;2;189;189;189m██[38;2;65;65;65m██[38;2;65;65;65m██[38;2;255;255;255m██[38;2;255;255;255m██[38;2;255;255;255m██[38;2;0;0;0m██    [38;2;0;0;0m██[38;2;0;0;0m██[38;2;140;82;82m██[38;2;65;65;65m██[38;2;255;255;255m██[38;2;0;0;0m██  
            [38;2;0;0;0m██[38;2;0;0;0m██[38;2;0;0;0m██[38;2;255;255;255m██[38;2;189;189;189m██[38;2;255;255;255m██[38;2;255;255;255m██[38;2;255;255;255m██[38;2;0;0;0m██    [38;2;0;0;0m██[38;2;0;0;0m██[38;2;0;0;0m██[38;2;0;0;0m██    
                  [38;2;0;0;0m██[38;2;140;82;82m██[38;2;65;65;65m██[38;2;255;255;255m██[38;2;0;0;0m██[38;2;0;0;0m██                
                    [38;2;0;0;0m██[38;2;0;0;0m██[38;2;0;0;0m██                    
