              [38;2;0;0;0m██[38;2;0;0;0m██            [38;2;0;0;0m██[38;2;0;0;0m██                                        
            [38;2;0;0;0m██[38;2;164;238;156m██[38;2;0;0;0m██        [38;2;0;0;0m██[38;2;0;0;0m██[38;2;164;238;156m██[38;2;0;0;0m██                                        
          [38;2;0;0;0m██[38;2;164;238;156m██[38;2;115;205;115m██[38;2;0;0;0m██      [38;2;0;0;0m██[38;2;164;238;156m██[38;2;115;205;115m██[38;2;115;205;115m██[38;2;0;0;0m██                                        
            [38;2;0;0;0m██[38;2;115;205;115m██[38;2;74;156;82m██[38;2;0;0;0m██[38;2;0;0;0m██  [38;2;0;0;0m██[38;2;115;205;115m██[38;2;115;205;115m██[38;2;0;0;0m██                                          
        [38;2;0;0;0m██  [38;2;0;0;0m██[38;2;115;205;115m██[38;2;115;205;115m██[38;2;65;65;65m██[38;2;74;156;82m██[38;2;74;156;82m██[38;2;65;65;65m██[38;2;115;205;115m██[38;2;115;205;115m██[38;2;0;0;0m██                                          
      [38;2;0;0;0m██[38;2;164;238;156m██[38;2;0;0;0m██[38;2;74;156;82m██[38;2;115;205;115m██[38;2;65;65;65m██[38;2;164;238;156m██[38;2;65;65;65m██[38;2;65;65;65m██[38;2;115;205;115m██[38;2;115;205;115m██[38;2;115;205;115m██[38;2;0;0;0m██                                          
      [38;2;0;0;0m██[38;2;164;238;156m██[38;2;115;205;115m██[38;2;115;205;115m██[38;2;74;156;82m██[38;2;164;238;156m██[38;2;115;205;115m██[38;2;115;205;115m██[38;2;115;205;115m██[38;2;172;74;82m██[38;2;115;205;115m██[38;2;0;0;0m██                                            
      [38;2;0;0;0m██[38;2;164;238;156m██[38;2;115;205;115m██[38;2;115;205;115m██[38;2;74;156;82m██[38;2;115;205;115m██[38;2;115;205;115m██[38;2;172;74;82m██[38;2;172;74;82m██[38;2;172;74;82m██[38;2;115;205;115m██[38;2;0;0;0m██                                            
      [38;2;0;0;0m██[38;2;164;238;156m██[38;2;115;205;115m██[38;2;74;156;82m██[38;2;115;205;115m██[38;2;74;156;82m██[38;2;65;65;65m██[38;2;246;230;41m██[38;2;230;82;90m██[38;2;115;205;115m██[38;2;115;205;115m██[38;2;0;0;0m██        [38;2;0;0;0m██[38;2;0;0;0m██                                
        [38;2;0;0;0m██[38;2;115;205;115m██[38;2;74;156;82m██[38;2;74;156;82m██[38;2;255;172;82m██[38;2;0;0;0m██[38;2;246;230;41m██[38;2;115;205;115m██[38;2;115;205;115m██[38;2;0;0;0m██      [38;2;0;0;0m██[38;2;0;0;0m██[38;2;115;205;115m██[38;2;0;0;0m██                                
        [38;2;0;0;0m██[38;2;115;205;115m██[38;2;115;205;115m██[38;2;115;205;115m██[38;2;115;205;115m██[38;2;230;82;90m██[38;2;115;205;115m██[38;2;172;74;82m██[38;2;172;74;82m██[38;2;0;0;0m██    [38;2;0;0;0m██[38;2;74;115;74m██[38;2;74;156;82m██[38;2;0;0;0m██    [38;2;0;0;0m██        [38;2;0;0;0m██  [38;2;0;0;0m██  [38;2;0;0;0m██    [38;2;0;0;0m██[38;2;0;0;0m██[38;2;0;0;0m██
          [38;2;0;0;0m██[38;2;115;205;115m██[38;2;172;74;82m██[38;2;172;74;82m██[38;2;172;74;82m██[38;2;172;74;82m██[38;2;230;82;90m██[38;2;74;115;74m██[38;2;65;65;65m██[38;2;0;0;0m██[38;2;0;0;0m██[38;2;74;115;74m██[38;2;74;156;82m██[38;2;74;115;74m██[38;2;65;65;65m██[38;2;0;0;0m██[38;2;0;0;0m██[38;2;74;115;74m██[38;2;0;0;0m██    [38;2;0;0;0m██[38;2;74;156;82m██[38;2;0;0;0m██[38;2;74;156;82m██[38;2;0;0;0m██[38;2;74;156;82m██[38;2;0;0;0m██[38;2;0;0;0m██[38;2;172;74;82m██[38;2;230;82;90m██[38;2;0;0;0m██
[38;2;0;0;0m██[38;2;0;0;0m██        [38;2;0;0;0m██[38;2;65;65;65m██[38;2;65;65;65m██[38;2;230;82;90m██[38;2;230;82;90m██[38;2;74;115;74m██[38;2;65;65;65m██[38;2;65;65;65m██[38;2;74;156;82m██[38;2;74;115;74m██[38;2;74;115;74m██[38;2;74;115;74m██[38;2;74;115;74m██[38;2;65;65;65m██[38;2;230;82;90m██[38;2;0;0;0m██[38;2;74;115;74m██[38;2;0;0;0m██  [38;2;0;0;0m██[38;2;65;65;65m██[38;2;74;156;82m██[38;2;65;65;65m██[38;2;74;156;82m██[38;2;65;65;65m██[38;2;74;156;82m██[38;2;65;65;65m██[38;2;230;82;90m██[38;2;230;82;90m██[38;2;172;74;82m██[38;2;0;0;0m██
[38;2;0;0;0m██[38;2;230;82;90m██[38;2;0;0;0m██[38;2;0;0;0m██    [38;2;0;0;0m██[38;2;74;156;82m██[38;2;74;115;74m██[38;2;65;65;65m██[38;2;74;115;74m██[38;2;115;205;115m██[38;2;115;205;115m██[38;2;65;65;65m██[38;2;74;115;74m██[38;2;74;115;74m██[38;2;65;65;65m██[38;2;115;205;115m██[38;2;0;0;0m██[38;2;230;82;90m██[38;2;0;0;0m██  [38;2;0;0;0m██[38;2;74;115;74m██[38;2;0;0;0m██[38;2;65;65;65m██[38;2;74;156;82m██[38;2;65;65;65m██[38;2;74;156;82m██[38;2;65;65;65m██[38;2;65;65;65m██[38;2;65;65;65m██[38;2;74;115;74m██[38;2;172;74;82m██[38;2;230;82;90m██[38;2;0;0;0m██  
  [38;2;0;0;0m██[38;2;74;156;82m██[38;2;74;156;82m██[38;2;0;0;0m██[38;2;0;0;0m██[38;2;74;156;82m██[38;2;65;65;65m██[38;2;74;156;82m██[38;2;74;115;74m██[38;2;65;65;65m██[38;2;115;205;115m██[38;2;65;65;65m██[38;2;74;156;82m██[38;2;74;115;74m██[38;2;0;0;0m██[38;2;115;205;115m██[38;2;0;0;0m██[38;2;115;205;115m██[38;2;115;205;115m██[38;2;65;65;65m██[38;2;0;0;0m██[38;2;0;0;0m██[38;2;74;115;74m██[38;2;74;115;74m██[38;2;65;65;65m██[38;2;74;156;82m██[38;2;65;65;65m██[38;2;65;65;65m██[38;2;65;65;65m██[38;2;74;115;74m██[38;2;74;115;74m██[38;2;65;65;65m██[38;2;172;74;82m██[38;2;0;0;0m██    
    [38;2;0;0;0m██[38;2;65;65;65m██[38;2;164;238;156m██[38;2;74;156;82m██[38;2;0;0;0m██[38;2;0;0;0m██[38;2;74;115;74m██[38;2;74;156;82m██[38;2;74;115;74m██[38;2;65;65;65m██[38;2;74;156;82m██[38;2;74;115;74m██[38;2;74;115;74m██[38;2;74;115;74m██[38;2;0;0;0m██[38;2;74;115;74m██[38;2;115;205;115m██[38;2;74;115;74m██[38;2;74;115;74m██[38;2;115;205;115m██[38;2;164;238;156m██[38;2;0;0;0m██[38;2;74;115;74m██[38;2;65;65;65m██[38;2;65;65;65m██[38;2;65;65;65m██[38;2;74;156;82m██[38;2;74;156;82m██[38;2;65;65;65m██[38;2;65;65;65m██[38;2;65;65;65m██[38;2;172;74;82m██[38;2;0;0;0m██    
  [38;2;0;0;0m██[38;2;164;238;156m██[38;2;74;115;74m██[38;2;115;205;115m██[38;2;0;0;0m██    [38;2;0;0;0m██[38;2;74;156;82m██[38;2;74;156;82m██[38;2;74;156;82m██[38;2;74;156;82m██[38;2;74;115;74m██[38;2;74;115;74m██[38;2;0;0;0m██[38;2;115;205;115m██[38;2;164;238;156m██[38;2;74;156;82m██[38;2;115;205;115m██[38;2;115;205;115m██[38;2;0;0;0m██[38;2;0;0;0m██[38;2;74;156;82m██[38;2;230;82;90m██[38;2;74;156;82m██[38;2;74;156;82m██[38;2;74;156;82m██[38;2;65;65;65m██[38;2;65;65;65m██[38;2;74;115;74m██[38;2;65;65;65m██[38;2;74;115;74m██[38;2;0;0;0m██      
    [38;2;0;0;0m██[38;2;65;65;65m██[38;2;0;0;0m██    [38;2;0;0;0m██[38;2;74;156;82m██[38;2;74;115;74m██[38;2;65;65;65m██[38;2;65;65;65m██[38;2;74;156;82m██[38;2;74;156;82m██[38;2;74;115;74m██[38;2;0;0;0m██[38;2;164;238;156m██[38;2;74;156;82m██[38;2;164;238;156m██[38;2;0;0;0m██[38;2;0;0;0m██[38;2;230;82;90m██[38;2;74;156;82m██[38;2;74;156;82m██[38;2;74;156;82m██[38;2;230;82;90m██[38;2;65;65;65m██[38;2;65;65;65m██[38;2;65;65;65m██[38;2;74;115;74m██[38;2;65;65;65m██[38;2;74;115;74m██[38;2;65;65;65m██[38;2;74;115;74m██[38;2;0;0;0m██    
    [38;2;0;0;0m██[38;2;74;156;82m██[38;2;0;0;0m██  [38;2;0;0;0m██[38;2;74;115;74m██[38;2;65;65;65m██[38;2;65;65;65m██[38;2;65;65;65m██[38;2;115;205;115m██[38;2;65;65;65m██[38;2;65;65;65m██[38;2;74;156;82m██[38;2;74;115;74m██[38;2;0;0;0m██[38;2;0;0;0m██[38;2;164;238;156m██[38;2;0;0;0m██[38;2;74;115;74m██[38;2;74;115;74m██[38;2;172;74;82m██[38;2;74;156;82m██[38;2;74;115;74m██[38;2;172;74;82m██[38;2;74;156;82m██[38;2;74;115;74m██[38;2;65;65;65m██[38;2;74;115;74m██[38;2;65;65;65m██[38;2;74;115;74m██[38;2;65;65;65m██[38;2;0;0;0m██      
    [38;2;0;0;0m██[38;2;0;0;0m██    [38;2;0;0;0m██[38;2;0;0;0m██[38;2;0;0;0m██[38;2;74;156;82m██[38;2;65;65;65m██[38;2;230;82;90m██[38;2;115;205;115m██[38;2;115;205;115m██[38;2;65;65;65m██[38;2;74;115;74m██[38;2;74;115;74m██[38;2;74;115;74m██[38;2;0;0;0m██[38;2;115;205;115m██[38;2;65;65;65m██[38;2;74;115;74m██[38;2;172;74;82m██[38;2;74;115;74m██[38;2;74;115;74m██[38;2;0;0;0m██[38;2;74;156;82m██[38;2;74;115;74m██[38;2;65;65;65m██[38;2;65;65;65m██[38;2;74;115;74m██[38;2;0;0;0m██[38;2;0;0;0m██        
                [38;2;0;0;0m██[38;2;74;156;82m██[38;2;74;156;82m██[38;2;65;65;65m██[38;2;230;82;90m██[38;2;230;82;90m██[38;2;230;82;90m██[38;2;65;65;65m██[38;2;65;65;65m██[38;2;65;65;65m██[38;2;115;205;115m██[38;2;115;205;115m██[38;2;115;205;115m██[38;2;65;65;65m██[38;2;172;74;82m██[38;2;0;0;0m██[38;2;0;0;0m██  [38;2;0;0;0m██[38;2;74;156;82m██[38;2;74;115;74m██[38;2;65;65;65m██[38;2;0;0;0m██[38;2;0;0;0m██          
                  [38;2;0;0;0m██[38;2;74;156;82m██[38;2;74;156;82m██[38;2;65;65;65m██[38;2;0;0;0m██[38;2;74;156;82m██[38;2;74;156;82m██[38;2;74;115;74m██[38;2;115;205;115m██[38;2;115;205;115m██[38;2;115;205;115m██[38;2;115;205;115m██[38;2;65;65;65m██[38;2;0;0;0m██      [38;2;0;0;0m██[38;2;74;156;82m██[38;2;74;115;74m██[38;2;0;0;0m██              
                [38;2;0;0;0m██[38;2;65;65;65m██[38;2;74;115;74m██[38;2;74;156;82m██[38;2;0;0;0m██  [38;2;0;0;0m██[38;2;0;0;0m██[38;2;0;0;0m██[38;2;0;0;0m██[38;2;115;205;115m██[38;2;115;205;115m██[38;2;74;156;82m██[38;2;74;156;82m██[38;2;0;0;0m██        [38;2;0;0;0m██[38;2;0;0;0m██                
              [38;2;0;0;0m██[38;2;115;205;115m██[38;2;74;115;74m██[38;2;115;205;115m██[38;2;74;156;82m██[38;2;0;0;0m██          [38;2;0;0;0m██[38;2;65;65;65m██[38;2;74;156;82m██[38;2;74;156;82m██[38;2;0;0;0m██                            
                [38;2;0;0;0m██[38;2;0;0;0m██[38;2;0;0;0m██[38;2;0;0;0m██              [38;2;0;0;0m██[38;2;65;65;65m██[38;2;74;156;82m██[38;2;74;115;74m██[38;2;0;0;0m██                          
                                    [38;2;0;0;0m██[38;2;164;238;156m██[38;2;74;156;82m██[38;2;164;238;156m██[38;2;74;156;82m██[38;2;0;0;0m██                          
                                      [38;2;0;0;0m██[38;2;0;0;0m██[38;2;0;0;0m██[38;2;0;0;0m██                            
