                              [38;2;0;0;0m██                        
                            [38;2;0;0;0m██[38;2;214;90;82m██[38;2;0;0;0m██                      
                          [38;2;0;0;0m██[38;2;165;74;66m██[38;2;214;90;82m██[38;2;0;0;0m██                      
                      [38;2;0;0;0m██  [38;2;0;0;0m██[38;2;214;90;82m██[38;2;214;90;82m██[38;2;0;0;0m██  [38;2;0;0;0m██[38;2;0;0;0m██[38;2;0;0;0m██              
                    [38;2;0;0;0m██[38;2;165;74;66m██[38;2;0;0;0m██[38;2;214;90;82m██[38;2;214;90;82m██[38;2;214;90;82m██[38;2;0;0;0m██[38;2;0;0;0m██[38;2;165;74;66m██[38;2;214;90;82m██[38;2;0;0;0m██              
                    [38;2;0;0;0m██[38;2;165;74;66m██[38;2;214;90;82m██[38;2;65;65;65m██[38;2;214;90;82m██[38;2;214;90;82m██[38;2;214;90;82m██[38;2;214;90;82m██[38;2;214;90;82m██[38;2;214;90;82m██[38;2;0;0;0m██    [38;2;0;0;0m██[38;2;0;0;0m██      
                    [38;2;0;0;0m██[38;2;214;90;82m██[38;2;65;65;65m██[38;2;65;65;65m██[38;2;214;90;82m██[38;2;214;90;82m██[38;2;214;90;82m██[38;2;214;90;82m██[38;2;214;90;82m██[38;2;0;0;0m██    [38;2;0;0;0m██[38;2;173;206;255m██[38;2;173;206;255m██[38;2;0;0;0m██    
                  [38;2;0;0;0m██[38;2;65;65;65m██[38;2;65;65;65m██[38;2;115;115;107m██[38;2;65;65;65m██[38;2;65;65;65m██[38;2;65;65;65m██[38;2;65;65;65m██[38;2;65;65;65m██[38;2;214;90;82m██[38;2;0;0;0m██  [38;2;0;0;0m██[38;2;173;206;255m██[38;2;173;206;255m██[38;2;115;115;107m██[38;2;0;0;0m██    
  [38;2;0;0;0m██[38;2;0;0;0m██[38;2;0;0;0m██          [38;2;0;0;0m██[38;2;115;115;107m██[38;2;115;115;107m██[38;2;115;115;107m██[38;2;115;115;107m██[38;2;115;115;107m██[38;2;115;115;107m██[38;2;65;65;65m██[38;2;214;90;82m██[38;2;165;74;66m██[38;2;0;0;0m██  [38;2;0;0;0m██[38;2;173;206;255m██[38;2;115;115;107m██[38;2;173;206;255m██[38;2;0;0;0m██    
[38;2;0;0;0m██[38;2;65;65;65m██[38;2;214;90;82m██[38;2;214;90;82m██[38;2;0;0;0m██[38;2;0;0;0m██        [38;2;0;0;0m██[38;2;115;115;107m██[38;2;115;115;107m██[38;2;115;115;107m██[38;2;65;65;65m██[38;2;0;0;0m██[38;2;255;255;255m██[38;2;214;90;82m██[38;2;0;0;0m██  [38;2;0;0;0m██[38;2;214;90;82m██[38;2;115;115;107m██[38;2;173;206;255m██[38;2;173;206;255m██[38;2;0;0;0m██    
[38;2;0;0;0m██[38;2;214;90;82m██[38;2;214;90;82m██[38;2;214;90;82m██[38;2;214;90;82m██[38;2;214;90;82m██[38;2;0;0;0m██[38;2;0;0;0m██      [38;2;0;0;0m██[38;2;65;65;65m██[38;2;65;65;65m██[38;2;66;173;255m██[38;2;66;173;255m██[38;2;255;255;255m██[38;2;165;74;66m██[38;2;0;0;0m██  [38;2;0;0;0m██[38;2;214;90;82m██[38;2;115;115;107m██[38;2;115;115;107m██[38;2;0;0;0m██      
[38;2;0;0;0m██[38;2;214;90;82m██[38;2;214;90;82m██[38;2;214;90;82m██[38;2;214;90;82m██[38;2;214;90;82m██[38;2;214;90;82m██[38;2;214;90;82m██[38;2;0;0;0m██[38;2;0;0;0m██[38;2;0;0;0m██[38;2;115;115;107m██[38;2;0;0;0m██[38;2;165;74;66m██[38;2;165;74;66m██[38;2;255;255;255m██[38;2;165;74;66m██[38;2;65;65;65m██[38;2;0;0;0m██[38;2;0;0;0m██[38;2;214;90;82m██[38;2;115;115;107m██[38;2;173;206;255m██[38;2;173;206;255m██[38;2;0;0;0m██      
  [38;2;0;0;0m██[38;2;214;90;82m██[38;2;65;65;65m██[38;2;214;90;82m██[38;2;65;65;65m██[38;2;214;90;82m██[38;2;66;173;255m██[38;2;65;65;65m██[38;2;165;74;66m██[38;2;65;65;65m██[38;2;115;115;107m██[38;2;115;115;107m██[38;2;65;65;65m██[38;2;65;65;65m██[38;2;65;65;65m██[38;2;65;65;65m██[38;2;0;0;0m██[38;2;115;115;107m██[38;2;65;65;65m██[38;2;0;0;0m██[38;2;132;173;214m██[38;2;132;173;214m██[38;2;0;0;0m██        
    [38;2;0;0;0m██[38;2;65;65;65m██[38;2;65;65;65m██[38;2;65;65;65m██[38;2;214;90;82m██[38;2;66;173;255m██[38;2;214;90;82m██[38;2;0;0;0m██[38;2;0;0;0m██[38;2;115;115;107m██[38;2;65;65;65m██[38;2;214;90;82m██[38;2;65;65;65m██[38;2;214;90;82m██[38;2;214;90;82m██[38;2;65;65;65m██[38;2;115;115;107m██[38;2;65;65;65m██[38;2;0;0;0m██[38;2;132;173;214m██[38;2;0;0;0m██[38;2;0;0;0m██[38;2;0;0;0m██      
  [38;2;0;0;0m██[38;2;65;65;65m██[38;2;65;65;65m██[38;2;65;65;65m██[38;2;255;255;255m██[38;2;65;65;65m██[38;2;214;90;82m██[38;2;165;74;66m██[38;2;0;0;0m██  [38;2;0;0;0m██[38;2;0;0;0m██[38;2;214;90;82m██[38;2;214;90;82m██[38;2;214;90;82m██[38;2;214;90;82m██[38;2;0;0;0m██[38;2;65;65;65m██[38;2;65;65;65m██[38;2;214;90;82m██[38;2;0;0;0m██[38;2;65;65;65m██[38;2;214;90;82m██[38;2;214;90;82m██[38;2;0;0;0m██[38;2;0;0;0m██  
[38;2;0;0;0m██[38;2;255;255;255m██[38;2;65;65;65m██[38;2;255;255;255m██[38;2;65;65;65m██[38;2;189;189;189m██[38;2;189;189;189m██[38;2;189;189;189m██[38;2;0;0;0m██        [38;2;0;0;0m██[38;2;165;74;66m██[38;2;165;74;66m██[38;2;0;0;0m██  [38;2;0;0;0m██[38;2;0;0;0m██[38;2;214;90;82m██[38;2;65;65;65m██[38;2;214;90;82m██[38;2;214;90;82m██[38;2;214;90;82m██[38;2;214;90;82m██[38;2;165;74;66m██[38;2;0;0;0m██
[38;2;0;0;0m██[38;2;255;255;255m██[38;2;255;255;255m██[38;2;255;255;255m██[38;2;255;255;255m██[38;2;189;189;189m██[38;2;0;0;0m██[38;2;0;0;0m██        [38;2;0;0;0m██[38;2;0;0;0m██[38;2;65;65;65m██[38;2;65;65;65m██[38;2;0;0;0m██[38;2;0;0;0m██[38;2;132;173;214m██[38;2;132;173;214m██[38;2;0;0;0m██[38;2;0;0;0m██[38;2;214;90;82m██[38;2;214;90;82m██[38;2;214;90;82m██[38;2;214;90;82m██[38;2;214;90;82m██[38;2;0;0;0m██
[38;2;0;0;0m██[38;2;65;65;65m██[38;2;255;255;255m██[38;2;255;255;255m██[38;2;0;0;0m██[38;2;0;0;0m██          [38;2;0;0;0m██[38;2;115;115;107m██[38;2;65;65;65m██[38;2;115;115;107m██[38;2;165;74;66m██[38;2;65;65;65m██[38;2;115;115;107m██[38;2;0;0;0m██[38;2;132;173;214m██[38;2;132;173;214m██[38;2;0;0;0m██[38;2;214;90;82m██[38;2;165;74;66m██[38;2;165;74;66m██[38;2;214;90;82m██[38;2;165;74;66m██[38;2;0;0;0m██
  [38;2;0;0;0m██[38;2;0;0;0m██[38;2;0;0;0m██              [38;2;0;0;0m██[38;2;65;65;65m██[38;2;214;90;82m██[38;2;65;65;65m██[38;2;214;90;82m██[38;2;65;65;65m██[38;2;65;65;65m██[38;2;65;65;65m██[38;2;0;0;0m██[38;2;0;0;0m██  [38;2;0;0;0m██[38;2;189;189;189m██[38;2;255;255;255m██[38;2;165;74;66m██[38;2;255;255;255m██[38;2;0;0;0m██
                    [38;2;0;0;0m██[38;2;165;74;66m██[38;2;65;65;65m██[38;2;214;90;82m██[38;2;115;115;107m██[38;2;214;90;82m██[38;2;65;65;65m██[38;2;115;115;107m██[38;2;115;115;107m██[38;2;0;0;0m██      [38;2;0;0;0m██[38;2;255;255;255m██[38;2;255;255;255m██[38;2;0;0;0m██[38;2;0;0;0m██
                    [38;2;0;0;0m██[38;2;165;74;66m██[38;2;65;65;65m██[38;2;65;65;65m██[38;2;214;90;82m██[38;2;214;90;82m██[38;2;214;90;82m██[38;2;65;65;65m██[38;2;65;65;65m██[38;2;0;0;0m██[38;2;0;0;0m██      [38;2;0;0;0m██[38;2;0;0;0m██[38;2;0;0;0m██  
                    [38;2;0;0;0m██[38;2;165;74;66m██[38;2;165;74;66m██[38;2;65;65;65m██[38;2;0;0;0m██[38;2;0;0;0m██[38;2;65;65;65m██[38;2;165;74;66m██[38;2;214;90;82m██[38;2;165;74;66m██[38;2;165;74;66m██[38;2;0;0;0m██            
                      [38;2;0;0;0m██[38;2;189;189;189m██[38;2;0;0;0m██    [38;2;0;0;0m██[38;2;214;90;82m██[38;2;214;90;82m██[38;2;165;74;66m██[38;2;165;74;66m██[38;2;0;0;0m██            
                      [38;2;0;0;0m██[38;2;189;189;189m██[38;2;0;0;0m██      [38;2;0;0;0m██[38;2;214;90;82m██[38;2;214;90;82m██[38;2;165;74;66m██[38;2;0;0;0m██            
                        [38;2;0;0;0m██        [38;2;0;0;0m██[38;2;214;90;82m██[38;2;214;90;82m██[38;2;165;74;66m██[38;2;0;0;0m██            
                                    [38;2;0;0;0m██[38;2;165;74;66m██[38;2;255;255;255m██[38;2;0;0;0m██            
                                      [38;2;0;0;0m██[38;2;255;255;255m██[38;2;0;0;0m██            
                                        [38;2;0;0;0m██              
