                [38;2;0;0;0m██[38;2;0;0;0m██[38;2;0;0;0m██[38;2;0;0;0m██                            
            [38;2;0;0;0m██[38;2;0;0;0m██[38;2;107;197;247m██[38;2;107;197;247m██[38;2;107;197;247m██[38;2;107;197;247m██[38;2;0;0;0m██[38;2;0;0;0m██                        
          [38;2;0;0;0m██[38;2;255;255;255m██[38;2;107;197;247m██[38;2;107;197;247m██[38;2;107;197;247m██[38;2;107;197;247m██[38;2;107;197;247m██[38;2;107;197;247m██[38;2;107;197;247m██[38;2;0;0;0m██                      
[38;2;0;0;0m██[38;2;0;0;0m██[38;2;0;0;0m██  [38;2;0;0;0m██[38;2;65;65;65m██[38;2;0;0;0m██[38;2;107;197;247m██[38;2;107;197;247m██[38;2;107;197;247m██[38;2;66;156;206m██[38;2;107;197;247m██[38;2;107;197;247m██[38;2;107;197;247m██[38;2;0;0;0m██                      
[38;2;0;0;0m██[38;2;206;206;206m██[38;2;206;206;206m██[38;2;0;0;0m██[38;2;65;65;65m██[38;2;123;123;123m██[38;2;107;197;247m██[38;2;107;197;247m██[38;2;123;123;123m██[38;2;107;197;247m██[38;2;255;255;255m██[38;2;65;65;65m██[38;2;107;197;247m██[38;2;107;197;247m██[38;2;66;156;206m██[38;2;0;0;0m██          [38;2;0;0;0m██[38;2;0;0;0m██      
  [38;2;0;0;0m██[38;2;123;123;123m██[38;2;206;206;206m██[38;2;206;206;206m██[38;2;206;206;206m██[38;2;123;123;123m██[38;2;107;197;247m██[38;2;107;197;247m██[38;2;107;197;247m██[38;2;0;0;0m██[38;2;0;0;0m██[38;2;107;197;247m██[38;2;66;156;206m██[38;2;66;156;206m██[38;2;0;0;0m██        [38;2;0;0;0m██[38;2;66;156;206m██[38;2;65;65;65m██[38;2;0;0;0m██    
[38;2;0;0;0m██[38;2;206;206;206m██[38;2;206;206;206m██[38;2;123;123;123m██[38;2;123;123;123m██[38;2;65;65;65m██[38;2;247;222;165m██[38;2;123;123;123m██[38;2;123;123;123m██[38;2;65;65;65m██[38;2;65;65;65m██[38;2;65;65;65m██[38;2;66;156;206m██[38;2;66;156;206m██[38;2;66;156;206m██[38;2;66;156;206m██[38;2;0;0;0m██[38;2;0;0;0m██  [38;2;0;0;0m██[38;2;66;156;206m██[38;2;65;65;65m██[38;2;66;156;206m██[38;2;0;0;0m██    
  [38;2;0;0;0m██[38;2;123;123;123m██[38;2;206;206;206m██[38;2;206;206;206m██[38;2;65;65;65m██[38;2;247;222;165m██[38;2;247;222;165m██[38;2;65;65;65m██[38;2;255;255;255m██[38;2;255;255;255m██[38;2;255;255;255m██[38;2;65;65;65m██[38;2;65;65;65m██[38;2;65;65;65m██[38;2;66;156;206m██[38;2;107;197;247m██[38;2;65;65;65m██[38;2;0;0;0m██[38;2;66;156;206m██[38;2;66;156;206m██[38;2;66;156;206m██[38;2;65;65;65m██[38;2;65;65;65m██[38;2;0;0;0m██  
  [38;2;0;0;0m██[38;2;206;206;206m██[38;2;206;206;206m██[38;2;65;65;65m██[38;2;247;222;165m██[38;2;247;222;165m██[38;2;247;222;165m██[38;2;65;65;65m██[38;2;255;255;255m██[38;2;255;255;255m██[38;2;123;123;123m██[38;2;255;255;255m██[38;2;255;255;255m██[38;2;255;255;255m██[38;2;65;65;65m██[38;2;107;197;247m██[38;2;107;197;247m██[38;2;66;156;206m██[38;2;65;65;65m██[38;2;66;156;206m██[38;2;66;156;206m██[38;2;66;156;206m██[38;2;66;156;206m██[38;2;66;156;206m██[38;2;0;0;0m██
    [38;2;0;0;0m██[38;2;0;0;0m██[38;2;65;65;65m██[38;2;247;222;165m██[38;2;247;222;165m██[38;2;247;222;165m██[38;2;247;222;165m██[38;2;65;65;65m██[38;2;255;255;255m██[38;2;255;255;255m██[38;2;123;123;123m██[38;2;123;123;123m██[38;2;65;65;65m██[38;2;65;65;65m██[38;2;66;156;206m██[38;2;107;197;247m██[38;2;107;197;247m██[38;2;66;156;206m██[38;2;65;65;65m██[38;2;66;156;206m██[38;2;66;156;206m██[38;2;0;0;0m██[38;2;0;0;0m██[38;2;0;0;0m██
        [38;2;0;0;0m██[38;2;247;222;165m██[38;2;247;222;165m██[38;2;247;222;165m██[38;2;247;222;165m██[38;2;65;65;65m██[38;2;255;255;255m██[38;2;123;123;123m██[38;2;255;255;255m██[38;2;255;255;255m██[38;2;65;65;65m██[38;2;66;156;206m██[38;2;66;156;206m██[38;2;66;156;206m██[38;2;66;156;206m██[38;2;66;156;206m██[38;2;65;65;65m██[38;2;0;0;0m██[38;2;0;0;0m██      
          [38;2;0;0;0m██[38;2;247;222;165m██[38;2;247;222;165m██[38;2;247;222;165m██[38;2;247;222;165m██[38;2;65;65;65m██[38;2;255;255;255m██[38;2;65;65;65m██[38;2;65;65;65m██[38;2;214;181;132m██[38;2;214;181;132m██[38;2;66;156;206m██[38;2;214;181;132m██[38;2;66;156;206m██[38;2;66;156;206m██[38;2;0;0;0m██          
        [38;2;0;0;0m██[38;2;65;65;65m██[38;2;66;156;206m██[38;2;247;222;165m██[38;2;247;222;165m██[38;2;214;181;132m██[38;2;65;65;65m██[38;2;65;65;65m██[38;2;214;181;132m██[38;2;66;156;206m██[38;2;214;181;132m██[38;2;214;181;132m██[38;2;66;156;206m██[38;2;66;156;206m██[38;2;66;156;206m██[38;2;0;0;0m██            
      [38;2;0;0;0m██[38;2;66;156;206m██[38;2;66;156;206m██[38;2;65;65;65m██[38;2;66;156;206m██[38;2;66;156;206m██[38;2;214;181;132m██[38;2;214;181;132m██[38;2;214;181;132m██[38;2;66;156;206m██[38;2;66;156;206m██[38;2;66;156;206m██[38;2;66;156;206m██[38;2;66;156;206m██[38;2;66;156;206m██[38;2;66;156;206m██[38;2;0;0;0m██            
        [38;2;0;0;0m██[38;2;0;0;0m██[38;2;0;0;0m██[38;2;0;0;0m██[38;2;66;156;206m██[38;2;66;156;206m██[38;2;66;156;206m██[38;2;66;156;206m██[38;2;66;156;206m██[38;2;66;156;206m██[38;2;66;156;206m██[38;2;65;65;65m██[38;2;66;156;206m██[38;2;66;156;206m██[38;2;0;0;0m██              
                [38;2;0;0;0m██[38;2;0;0;0m██[38;2;66;156;206m██[38;2;65;65;65m██[38;2;66;156;206m██[38;2;107;197;247m██[38;2;107;197;247m██[38;2;107;197;247m██[38;2;65;65;65m██[38;2;0;0;0m██                
                    [38;2;0;0;0m██[38;2;0;0;0m██[38;2;0;0;0m██[38;2;66;156;206m██[38;2;107;197;247m██[38;2;66;156;206m██[38;2;107;197;247m██[38;2;0;0;0m██                
                          [38;2;0;0;0m██[38;2;0;0;0m██[38;2;0;0;0m██[38;2;0;0;0m██                  
