                    [38;2;0;0;0m██[38;2;0;0;0m██[38;2;0;0;0m██                  
                  [38;2;0;0;0m██[38;2;247;230;41m██[38;2;115;206;74m██[38;2;0;0;0m██                  
            [38;2;0;0;0m██[38;2;0;0;0m██[38;2;0;0;0m██[38;2;247;230;41m██[38;2;115;206;74m██[38;2;0;0;0m██                    
        [38;2;0;0;0m██[38;2;0;0;0m██[38;2;115;206;74m██[38;2;115;206;74m██[38;2;66;148;66m██[38;2;65;65;65m██[38;2;115;206;74m██[38;2;0;0;0m██                    
      [38;2;0;0;0m██[38;2;115;206;74m██[38;2;115;206;74m██[38;2;115;206;74m██[38;2;115;206;74m██[38;2;115;206;74m██[38;2;115;206;74m██[38;2;0;0;0m██                      
    [38;2;0;0;0m██[38;2;66;148;66m██[38;2;148;247;74m██[38;2;115;206;74m██[38;2;115;206;74m██[38;2;115;206;74m██[38;2;115;206;74m██[38;2;115;206;74m██[38;2;66;148;66m██[38;2;0;0;0m██            [38;2;0;0;0m██      
    [38;2;0;0;0m██[38;2;115;206;74m██[38;2;115;206;74m██[38;2;115;206;74m██[38;2;115;206;74m██[38;2;115;206;74m██[38;2;115;206;74m██[38;2;115;206;74m██[38;2;115;206;74m██[38;2;0;0;0m██          [38;2;0;0;0m██[38;2;148;247;74m██[38;2;0;0;0m██    
  [38;2;0;0;0m██[38;2;66;148;66m██[38;2;115;206;74m██[38;2;115;206;74m██[38;2;115;206;74m██[38;2;115;206;74m██[38;2;165;181;99m██[38;2;165;181;99m██[38;2;115;206;74m██[38;2;115;206;74m██[38;2;0;0;0m██    [38;2;0;0;0m██[38;2;0;0;0m██[38;2;0;0;0m██[38;2;66;148;66m██[38;2;148;247;74m██[38;2;0;0;0m██    
  [38;2;0;0;0m██[38;2;115;206;74m██[38;2;239;247;206m██[38;2;115;206;74m██[38;2;115;206;74m██[38;2;148;74;66m██[38;2;148;74;66m██[38;2;239;247;206m██[38;2;165;181;99m██[38;2;66;148;66m██[38;2;0;0;0m██    [38;2;0;0;0m██[38;2;148;247;74m██[38;2;65;65;65m██[38;2;115;206;74m██[38;2;115;206;74m██[38;2;0;0;0m██[38;2;0;0;0m██[38;2;0;0;0m██
  [38;2;0;0;0m██[38;2;239;247;206m██[38;2;239;247;206m██[38;2;115;206;74m██[38;2;197;82;82m██[38;2;0;0;0m██[38;2;197;82;82m██[38;2;239;247;206m██[38;2;206;230;140m██[38;2;0;0;0m██      [38;2;0;0;0m██[38;2;115;206;74m██[38;2;115;206;74m██[38;2;115;206;74m██[38;2;115;206;74m██[38;2;65;65;65m██[38;2;115;206;74m██[38;2;0;0;0m██
[38;2;0;0;0m██[38;2;239;247;206m██[38;2;206;230;140m██[38;2;239;247;206m██[38;2;239;247;206m██[38;2;239;247;206m██[38;2;165;181;99m██[38;2;206;230;140m██[38;2;206;230;140m██[38;2;165;181;99m██[38;2;0;0;0m██      [38;2;0;0;0m██[38;2;66;148;66m██[38;2;115;206;74m██[38;2;115;206;74m██[38;2;115;206;74m██[38;2;115;206;74m██[38;2;115;206;74m██[38;2;0;0;0m██
  [38;2;0;0;0m██[38;2;0;0;0m██[38;2;0;0;0m██[38;2;65;65;65m██[38;2;65;65;65m██[38;2;206;230;140m██[38;2;165;181;99m██[38;2;66;148;66m██[38;2;247;230;41m██[38;2;247;230;41m██[38;2;0;0;0m██  [38;2;0;0;0m██  [38;2;0;0;0m██[38;2;115;206;74m██[38;2;115;206;74m██[38;2;115;206;74m██[38;2;66;148;66m██[38;2;0;0;0m██  
        [38;2;0;0;0m██[38;2;247;230;41m██[38;2;165;181;99m██[38;2;66;148;66m██[38;2;247;230;41m██[38;2;247;230;41m██[38;2;65;65;65m██[38;2;115;206;74m██[38;2;0;0;0m██[38;2;115;206;74m██[38;2;0;0;0m██[38;2;115;206;74m██[38;2;115;206;74m██[38;2;0;0;0m██[38;2;0;0;0m██[38;2;0;0;0m██    
      [38;2;0;0;0m██[38;2;66;148;66m██[38;2;247;230;41m██[38;2;165;181;99m██[38;2;247;230;41m██[38;2;247;230;41m██[38;2;65;65;65m██[38;2;66;148;66m██[38;2;65;65;65m██[38;2;66;148;66m██[38;2;65;65;65m██[38;2;115;206;74m██[38;2;206;230;140m██[38;2;0;0;0m██          
      [38;2;0;0;0m██[38;2;0;0;0m██[38;2;0;0;0m██[38;2;247;230;41m██[38;2;247;230;41m██[38;2;65;65;65m██[38;2;115;206;74m██[38;2;65;65;65m██[38;2;115;206;74m██[38;2;115;206;74m██[38;2;115;206;74m██[38;2;206;230;140m██[38;2;165;181;99m██[38;2;0;0;0m██          
            [38;2;0;0;0m██[38;2;247;230;41m██[38;2;65;65;65m██[38;2;65;65;65m██[38;2;115;206;74m██[38;2;115;206;74m██[38;2;206;230;140m██[38;2;206;230;140m██[38;2;165;181;99m██[38;2;0;0;0m██            
              [38;2;0;0;0m██[38;2;165;181;99m██[38;2;206;230;140m██[38;2;206;230;140m██[38;2;206;230;140m██[38;2;165;181;99m██[38;2;165;181;99m██[38;2;0;0;0m██              
              [38;2;0;0;0m██[38;2;206;230;140m██[38;2;65;65;65m██[38;2;165;181;99m██[38;2;206;230;140m██[38;2;0;0;0m██[38;2;0;0;0m██                
              [38;2;0;0;0m██[38;2;0;0;0m██[38;2;0;0;0m██[38;2;239;247;206m██[38;2;0;0;0m██                    
                  [38;2;0;0;0m██[38;2;0;0;0m██                      
