                          [38;2;0;0;0m██[38;2;0;0;0m██                    
                        [38;2;0;0;0m██[38;2;74;123;205m██[38;2;0;0;0m██                    
                      [38;2;0;0;0m██[38;2;74;123;205m██[38;2;65;90;148m██[38;2;0;0;0m██                    
                      [38;2;0;0;0m██[38;2;246;230;65m██[38;2;65;90;148m██[38;2;0;0;0m██                    
                    [38;2;0;0;0m██[38;2;246;230;65m██[38;2;65;90;148m██[38;2;0;0;0m██                      
                    [38;2;0;0;0m██[38;2;74;123;205m██[38;2;197;156;82m██[38;2;65;90;148m██[38;2;0;0;0m██                    
                  [38;2;0;0;0m██[38;2;74;123;205m██[38;2;65;90;148m██[38;2;65;90;148m██[38;2;0;0;0m██                      
                  [38;2;0;0;0m██[38;2;246;230;65m██[38;2;197;156;82m██[38;2;65;90;148m██[38;2;65;90;148m██[38;2;0;0;0m██                    
                  [38;2;0;0;0m██[38;2;74;123;205m██[38;2;65;90;148m██[38;2;65;90;148m██[38;2;65;90;148m██[38;2;0;0;0m██                    
    [38;2;0;0;0m██[38;2;0;0;0m██[38;2;0;0;0m██      [38;2;0;0;0m██[38;2;246;230;65m██[38;2;246;230;65m██[38;2;197;156;82m██[38;2;65;90;148m██[38;2;65;90;148m██[38;2;74;123;205m██[38;2;0;0;0m██[38;2;0;0;0m██                
    [38;2;0;0;0m██[38;2;65;90;148m██[38;2;65;90;148m██[38;2;0;0;0m██[38;2;0;0;0m██[38;2;0;0;0m██[38;2;74;123;205m██[38;2;65;65;65m██[38;2;74;123;205m██[38;2;65;90;148m██[38;2;65;90;148m██[38;2;74;123;205m██[38;2;74;123;205m██[38;2;74;123;205m██[38;2;74;123;205m██[38;2;0;0;0m██              
    [38;2;0;0;0m██[38;2;65;90;148m██[38;2;65;90;148m██[38;2;65;90;148m██[38;2;65;65;65m██[38;2;74;123;205m██[38;2;74;123;205m██[38;2;74;123;205m██[38;2;74;123;205m██[38;2;74;123;205m██[38;2;74;123;205m██[38;2;74;123;205m██[38;2;74;123;205m██[38;2;74;123;205m██[38;2;74;123;205m██[38;2;74;123;205m██[38;2;0;0;0m██            
      [38;2;0;0;0m██[38;2;65;65;65m██[38;2;65;65;65m██[38;2;246;230;65m██[38;2;74;123;205m██[38;2;74;123;205m██[38;2;74;123;205m██[38;2;74;123;205m██[38;2;74;123;205m██[38;2;74;123;205m██[38;2;74;123;205m██[38;2;74;123;205m██[38;2;65;65;65m██[38;2;65;65;65m██[38;2;65;65;65m██[38;2;0;0;0m██            
      [38;2;0;0;0m██[38;2;172;180;164m██[38;2;246;230;65m██[38;2;246;230;65m██[38;2;246;230;65m██[38;2;246;230;65m██[38;2;172;180;164m██[38;2;74;123;205m██[38;2;74;123;205m██[38;2;74;123;205m██[38;2;65;65;65m██[38;2;65;65;65m██[38;2;74;123;205m██[38;2;74;123;205m██[38;2;74;123;205m██[38;2;65;90;148m██[38;2;0;0;0m██          
    [38;2;0;0;0m██[38;2;246;230;65m██[38;2;74;123;205m██[38;2;74;123;205m██[38;2;246;230;65m██[38;2;172;180;164m██[38;2;74;123;205m██[38;2;74;123;205m██[38;2;74;123;205m██[38;2;65;65;65m██[38;2;65;65;65m██[38;2;74;123;205m██[38;2;74;123;205m██[38;2;74;123;205m██[38;2;74;123;205m██[38;2;65;90;148m██[38;2;65;90;148m██[38;2;0;0;0m██          
    [38;2;0;0;0m██[38;2;246;230;65m██[38;2;172;180;164m██[38;2;74;123;205m██[38;2;172;180;164m██[38;2;74;123;205m██[38;2;74;123;205m██[38;2;74;123;205m██[38;2;65;65;65m██[38;2;74;123;205m██[38;2;74;123;205m██[38;2;74;123;205m██[38;2;74;123;205m██[38;2;74;123;205m██[38;2;65;90;148m██[38;2;222;230;230m██[38;2;222;230;230m██[38;2;0;0;0m██[38;2;0;0;0m██        
  [38;2;0;0;0m██[38;2;246;230;65m██[38;2;246;230;65m██[38;2;246;230;65m██[38;2;246;230;65m██[38;2;246;230;65m██[38;2;246;230;65m██[38;2;172;180;164m██[38;2;65;65;65m██[38;2;74;123;205m██[38;2;0;0;0m██[38;2;65;90;148m██[38;2;246;230;65m██[38;2;172;180;164m██[38;2;65;65;65m██[38;2;222;230;230m██[38;2;222;230;230m██[38;2;65;90;148m██[38;2;74;123;205m██[38;2;74;123;205m██[38;2;0;0;0m██[38;2;0;0;0m██    
  [38;2;0;0;0m██[38;2;74;123;205m██[38;2;74;123;205m██[38;2;246;230;65m██[38;2;246;230;65m██[38;2;74;123;205m██[38;2;74;123;205m██[38;2;74;123;205m██[38;2;65;65;65m██[38;2;0;0;0m██[38;2;213;90;65m██[38;2;0;0;0m██[38;2;172;180;164m██[38;2;74;123;205m██[38;2;65;65;65m██[38;2;222;230;230m██[38;2;180;180;189m██[38;2;74;123;205m██[38;2;172;180;164m██[38;2;74;123;205m██[38;2;74;123;205m██[38;2;74;123;205m██[38;2;0;0;0m██  
[38;2;0;0;0m██[38;2;74;123;205m██[38;2;74;123;205m██[38;2;74;123;205m██[38;2;172;180;164m██[38;2;246;230;65m██[38;2;74;123;205m██[38;2;74;123;205m██[38;2;74;123;205m██[38;2;65;65;65m██[38;2;74;123;205m██[38;2;0;0;0m██[38;2;74;123;205m██[38;2;74;123;205m██[38;2;65;90;148m██[38;2;65;90;148m██[38;2;65;65;65m██[38;2;180;180;189m██[38;2;0;0;0m██[38;2;65;90;148m██[38;2;246;230;65m██[38;2;246;230;65m██[38;2;74;123;205m██[38;2;74;123;205m██[38;2;0;0;0m██
[38;2;0;0;0m██[38;2;74;123;205m██[38;2;74;123;205m██[38;2;74;123;205m██[38;2;74;123;205m██[38;2;172;180;164m██[38;2;74;123;205m██[38;2;74;123;205m██[38;2;172;180;164m██[38;2;222;230;230m██[38;2;65;65;65m██[38;2;65;90;148m██[38;2;65;65;65m██[38;2;65;65;65m██[38;2;65;65;65m██[38;2;65;90;148m██[38;2;65;90;148m██[38;2;0;0;0m██  [38;2;0;0;0m██[38;2;0;0;0m██[38;2;0;0;0m██[38;2;0;0;0m██[38;2;0;0;0m██  
[38;2;0;0;0m██[38;2;65;90;148m██[38;2;74;123;205m██[38;2;172;180;164m██[38;2;222;230;230m██[38;2;222;230;230m██[38;2;222;230;230m██[38;2;222;230;230m██[38;2;222;230;230m██[38;2;65;65;65m██[38;2;65;65;65m██[38;2;164;57;65m██[38;2;164;57;65m██[38;2;164;57;65m██[38;2;180;180;189m██[38;2;65;65;65m██[38;2;0;0;0m██                
  [38;2;0;0;0m██[38;2;0;0;0m██[38;2;0;0;0m██[38;2;0;0;0m██[38;2;0;0;0m██[38;2;65;65;65m██[38;2;65;65;65m██[38;2;65;65;65m██[38;2;164;57;65m██[38;2;164;57;65m██[38;2;222;230;230m██[38;2;65;65;65m██[38;2;222;230;230m██[38;2;65;65;65m██[38;2;0;0;0m██                  
            [38;2;0;0;0m██[38;2;180;180;189m██[38;2;164;57;65m██[38;2;164;57;65m██[38;2;65;65;65m██[38;2;222;230;230m██[38;2;222;230;230m██[38;2;65;65;65m██[38;2;180;180;189m██[38;2;0;0;0m██                  
            [38;2;0;0;0m██[38;2;246;230;65m██[38;2;222;230;230m██[38;2;222;230;230m██[38;2;222;230;230m██[38;2;197;156;82m██[38;2;65;65;65m██[38;2;180;180;189m██[38;2;0;0;0m██                    
              [38;2;0;0;0m██[38;2;246;230;65m██[38;2;197;156;82m██[38;2;0;0;0m██[38;2;0;0;0m██[38;2;180;180;189m██[38;2;180;180;189m██[38;2;0;0;0m██                    
              [38;2;0;0;0m██[38;2;0;0;0m██[38;2;0;0;0m██    [38;2;0;0;0m██[38;2;180;180;189m██[38;2;0;0;0m██                    
                          [38;2;0;0;0m██                      
