    [38;2;0;0;0m██[38;2;0;0;0m██                                  
    [38;2;0;0;0m██[38;2;189;189;189m██[38;2;0;0;0m██                                
[38;2;0;0;0m██[38;2;0;0;0m██[38;2;65;65;65m██[38;2;189;189;189m██[38;2;189;189;189m██[38;2;0;0;0m██    [38;2;0;0;0m██[38;2;0;0;0m██                      
[38;2;0;0;0m██[38;2;189;189;189m██[38;2;189;189;189m██[38;2;189;189;189m██[38;2;189;189;189m██[38;2;189;189;189m██[38;2;0;0;0m██[38;2;0;0;0m██[38;2;156;206;74m██[38;2;90;123;66m██[38;2;0;0;0m██            [38;2;0;0;0m██[38;2;0;0;0m██[38;2;0;0;0m██  
  [38;2;0;0;0m██[38;2;65;65;65m██[38;2;189;189;189m██[38;2;189;189;189m██[38;2;65;65;65m██[38;2;65;65;65m██[38;2;65;65;65m██[38;2;123;156;74m██[38;2;156;206;74m██[38;2;0;0;0m██  [38;2;0;0;0m██    [38;2;0;0;0m██[38;2;0;0;0m██[38;2;189;189;189m██[38;2;255;255;255m██[38;2;0;0;0m██  
    [38;2;0;0;0m██[38;2;0;0;0m██[38;2;189;189;189m██[38;2;65;65;65m██[38;2;156;206;74m██[38;2;156;206;74m██[38;2;90;123;66m██[38;2;156;206;74m██[38;2;156;206;74m██[38;2;0;0;0m██[38;2;156;206;74m██[38;2;0;0;0m██[38;2;0;0;0m██[38;2;255;255;255m██[38;2;189;189;189m██[38;2;255;255;255m██[38;2;65;65;65m██[38;2;0;0;0m██  
        [38;2;0;0;0m██[38;2;90;123;66m██[38;2;65;65;65m██[38;2;156;206;74m██[38;2;156;206;74m██[38;2;123;156;74m██[38;2;156;206;74m██[38;2;156;206;74m██[38;2;90;123;66m██[38;2;65;65;65m██[38;2;255;255;255m██[38;2;189;189;189m██[38;2;255;255;255m██[38;2;255;255;255m██[38;2;189;189;189m██[38;2;255;255;255m██[38;2;0;0;0m██
      [38;2;0;0;0m██[38;2;156;206;74m██[38;2;156;206;74m██[38;2;156;206;74m██[38;2;156;206;74m██[38;2;156;206;74m██[38;2;156;206;74m██[38;2;156;206;74m██[38;2;65;65;65m██[38;2;65;65;65m██[38;2;255;255;255m██[38;2;255;255;255m██[38;2;255;255;255m██[38;2;255;255;255m██[38;2;189;189;189m██[38;2;0;0;0m██[38;2;0;0;0m██  
        [38;2;0;0;0m██[38;2;123;156;74m██[38;2;90;123;66m██[38;2;156;206;74m██[38;2;156;206;74m██[38;2;90;123;66m██[38;2;90;123;66m██[38;2;189;189;189m██[38;2;255;255;255m██[38;2;255;255;255m██[38;2;189;189;189m██[38;2;0;0;0m██[38;2;0;0;0m██[38;2;0;0;0m██      
          [38;2;0;0;0m██[38;2;156;206;74m██[38;2;156;206;74m██[38;2;123;156;74m██[38;2;65;65;65m██[38;2;189;189;189m██[38;2;189;189;189m██[38;2;65;65;65m██[38;2;65;65;65m██[38;2;0;0;0m██            
          [38;2;0;0;0m██[38;2;156;206;74m██[38;2;65;65;65m██[38;2;0;0;0m██[38;2;255;255;255m██[38;2;148;148;148m██[38;2;65;65;65m██[38;2;123;156;74m██[38;2;0;0;0m██              
        [38;2;0;0;0m██[38;2;255;255;255m██[38;2;90;123;66m██[38;2;255;255;255m██[38;2;90;123;66m██[38;2;255;255;255m██[38;2;148;148;148m██[38;2;189;189;189m██[38;2;123;156;74m██[38;2;0;0;0m██  [38;2;0;0;0m██[38;2;0;0;0m██[38;2;0;0;0m██[38;2;0;0;0m██    
      [38;2;0;0;0m██[38;2;189;189;189m██[38;2;255;255;255m██[38;2;255;255;255m██[38;2;255;255;255m██[38;2;255;255;255m██[38;2;148;148;148m██[38;2;189;189;189m██[38;2;189;189;189m██[38;2;90;123;66m██[38;2;0;0;0m██[38;2;0;0;0m██[38;2;181;74;82m██[38;2;230;90;82m██[38;2;230;90;82m██[38;2;0;0;0m██    
        [38;2;0;0;0m██[38;2;255;255;255m██[38;2;255;255;255m██[38;2;255;255;255m██[38;2;255;255;255m██[38;2;255;255;255m██[38;2;189;189;189m██[38;2;189;189;189m██[38;2;65;65;65m██[38;2;181;74;82m██[38;2;230;90;82m██[38;2;230;90;82m██[38;2;230;90;82m██[38;2;0;0;0m██      
          [38;2;0;0;0m██[38;2;0;0;0m██[38;2;255;255;255m██[38;2;255;255;255m██[38;2;189;189;189m██[38;2;189;189;189m██[38;2;65;65;65m██[38;2;181;74;82m██[38;2;181;74;82m██[38;2;181;74;82m██[38;2;65;65;65m██[38;2;0;0;0m██        
              [38;2;0;0;0m██[38;2;65;65;65m██[38;2;115;115;115m██[38;2;189;189;189m██[38;2;189;189;189m██[38;2;65;65;65m██[38;2;65;65;65m██[38;2;181;74;82m██[38;2;181;74;82m██[38;2;0;0;0m██        
                [38;2;0;0;0m██[38;2;189;189;189m██[38;2;189;189;189m██[38;2;189;189;189m██[38;2;189;189;189m██[38;2;189;189;189m██[38;2;65;65;65m██[38;2;65;65;65m██[38;2;0;0;0m██        
              [38;2;0;0;0m██[38;2;90;123;66m██[38;2;65;65;65m██[38;2;189;189;189m██[38;2;255;255;255m██[38;2;255;255;255m██[38;2;115;115;115m██[38;2;0;0;0m██[38;2;123;156;74m██[38;2;90;123;66m██[38;2;0;0;0m██      
              [38;2;0;0;0m██[38;2;90;123;66m██[38;2;0;0;0m██[38;2;0;0;0m██[38;2;255;255;255m██[38;2;123;156;74m██[38;2;65;65;65m██  [38;2;0;0;0m██[38;2;123;156;74m██[38;2;0;0;0m██      
              [38;2;0;0;0m██[38;2;0;0;0m██    [38;2;0;0;0m██[38;2;156;206;74m██[38;2;65;65;65m██    [38;2;0;0;0m██[38;2;0;0;0m██      
                      [38;2;0;0;0m██[38;2;156;206;74m██[38;2;0;0;0m██              
                        [38;2;0;0;0m██[38;2;0;0;0m██              
