                [38;2;0;0;0m██[38;2;0;0;0m██                  
          [38;2;0;0;0m██[38;2;0;0;0m██[38;2;0;0;0m██[38;2;206;206;197m██[38;2;0;0;0m██                  
        [38;2;0;0;0m██[38;2;82;156;214m██[38;2;206;206;197m██[38;2;206;206;197m██[38;2;206;206;197m██[38;2;0;0;0m██                  
      [38;2;0;0;0m██[38;2;82;156;214m██[38;2;82;156;214m██[38;2;82;156;214m██[38;2;206;206;197m██[38;2;65;65;65m██[38;2;0;0;0m██[38;2;0;0;0m██[38;2;0;0;0m██    [38;2;0;0;0m██[38;2;0;0;0m██      
      [38;2;0;0;0m██[38;2;82;156;214m██[38;2;82;156;214m██[38;2;82;156;214m██[38;2;65;65;65m██[38;2;65;65;65m██[38;2;99;197;255m██[38;2;156;222;255m██[38;2;255;255;255m██[38;2;0;0;0m██[38;2;0;0;0m██[38;2;255;255;255m██[38;2;0;0;0m██      
    [38;2;0;0;0m██[38;2;0;0;0m██[38;2;82;156;214m██[38;2;82;156;214m██[38;2;82;156;214m██[38;2;65;65;65m██[38;2;99;197;255m██[38;2;99;197;255m██[38;2;99;197;255m██[38;2;156;222;255m██[38;2;255;255;255m██[38;2;255;255;255m██[38;2;206;206;197m██[38;2;0;0;0m██      
  [38;2;0;0;0m██[38;2;82;156;214m██[38;2;99;197;255m██[38;2;99;197;255m██[38;2;99;197;255m██[38;2;82;156;214m██[38;2;65;65;65m██[38;2;99;197;255m██[38;2;99;197;255m██[38;2;99;197;255m██[38;2;99;197;255m██[38;2;255;255;255m██[38;2;255;255;255m██[38;2;0;0;0m██        
  [38;2;0;0;0m██[38;2;99;197;255m██[38;2;99;197;255m██[38;2;99;197;255m██[38;2;99;197;255m██[38;2;99;197;255m██[38;2;99;197;255m██[38;2;99;197;255m██[38;2;99;197;255m██[38;2;99;197;255m██[38;2;99;197;255m██[38;2;0;0;0m██[38;2;0;0;0m██          
[38;2;0;0;0m██[38;2;247;247;41m██[38;2;99;197;255m██[38;2;99;197;255m██[38;2;99;197;255m██[38;2;99;197;255m██[38;2;255;255;255m██[38;2;99;197;255m██[38;2;99;197;255m██[38;2;82;156;214m██[38;2;65;65;65m██[38;2;0;0;0m██              
[38;2;0;0;0m██[38;2;65;65;65m██[38;2;99;197;255m██[38;2;99;197;255m██[38;2;99;197;255m██[38;2;247;247;41m██[38;2;0;0;0m██[38;2;247;247;41m██[38;2;99;197;255m██[38;2;99;197;255m██[38;2;82;156;214m██[38;2;0;0;0m██      [38;2;0;0;0m██[38;2;0;0;0m██    
[38;2;0;0;0m██[38;2;247;247;41m██[38;2;65;65;65m██[38;2;189;165;66m██[38;2;189;165;66m██[38;2;189;165;66m██[38;2;0;0;0m██[38;2;247;247;41m██[38;2;99;197;255m██[38;2;82;156;214m██[38;2;82;156;214m██[38;2;0;0;0m██  [38;2;0;0;0m██[38;2;0;0;0m██[38;2;247;247;41m██[38;2;247;247;41m██[38;2;0;0;0m██  
  [38;2;0;0;0m██[38;2;247;247;41m██[38;2;247;247;41m██[38;2;247;247;41m██[38;2;247;247;41m██[38;2;189;165;66m██[38;2;65;65;65m██[38;2;82;156;214m██[38;2;82;156;214m██[38;2;65;65;65m██[38;2;65;65;65m██[38;2;0;0;0m██[38;2;247;247;41m██[38;2;189;165;66m██[38;2;99;197;255m██[38;2;189;165;66m██[38;2;0;0;0m██  
    [38;2;0;0;0m██[38;2;0;0;0m██[38;2;189;165;66m██[38;2;189;165;66m██[38;2;247;247;41m██[38;2;189;165;66m██[38;2;82;156;214m██[38;2;82;156;214m██[38;2;65;65;65m██[38;2;99;197;255m██[38;2;65;65;65m██[38;2;247;247;41m██[38;2;99;197;255m██[38;2;99;197;255m██[38;2;99;197;255m██[38;2;247;247;41m██[38;2;0;0;0m██
        [38;2;0;0;0m██[38;2;0;0;0m██[38;2;65;65;65m██[38;2;99;148;90m██[38;2;189;165;66m██[38;2;99;197;255m██[38;2;99;197;255m██[38;2;99;197;255m██[38;2;189;165;66m██[38;2;99;197;255m██[38;2;99;197;255m██[38;2;99;197;255m██[38;2;247;247;41m██[38;2;189;165;66m██[38;2;0;0;0m██
          [38;2;0;0;0m██[38;2;99;148;90m██[38;2;99;148;90m██[38;2;189;165;66m██[38;2;82;156;214m██[38;2;99;197;255m██[38;2;99;197;255m██[38;2;99;197;255m██[38;2;99;197;255m██[38;2;99;197;255m██[38;2;99;197;255m██[38;2;0;0;0m██[38;2;0;0;0m██  
        [38;2;0;0;0m██[38;2;123;181;115m██[38;2;123;181;115m██[38;2;123;181;115m██[38;2;123;181;115m██[38;2;247;247;41m██[38;2;82;156;214m██[38;2;82;156;214m██[38;2;99;197;255m██[38;2;99;197;255m██[38;2;65;65;65m██[38;2;0;0;0m██      
      [38;2;0;0;0m██[38;2;65;65;65m██[38;2;123;181;115m██[38;2;123;181;115m██[38;2;123;181;115m██[38;2;123;181;115m██[38;2;123;181;115m██[38;2;247;247;41m██[38;2;247;247;41m██[38;2;189;165;66m██[38;2;189;165;66m██[38;2;99;148;90m██[38;2;0;0;0m██      
      [38;2;0;0;0m██[38;2;99;148;90m██[38;2;65;65;65m██[38;2;123;181;115m██[38;2;99;148;90m██[38;2;123;181;115m██[38;2;123;181;115m██[38;2;123;181;115m██[38;2;123;181;115m██[38;2;123;181;115m██[38;2;99;148;90m██[38;2;0;0;0m██        
        [38;2;0;0;0m██[38;2;0;0;0m██[38;2;0;0;0m██[38;2;0;0;0m██[38;2;99;148;90m██[38;2;123;181;115m██[38;2;99;148;90m██[38;2;65;65;65m██[38;2;0;0;0m██[38;2;0;0;0m██          
                [38;2;0;0;0m██[38;2;0;0;0m██[38;2;0;0;0m██[38;2;0;0;0m██              
