                [38;2;0;0;0m██[38;2;0;0;0m██[38;2;0;0;0m██[38;2;0;0;0m██                
            [38;2;0;0;0m██[38;2;0;0;0m██[38;2;115;115;115m██[38;2;115;115;115m██[38;2;115;115;115m██[38;2;115;115;115m██[38;2;0;0;0m██              
          [38;2;0;0;0m██[38;2;115;115;115m██[38;2;65;65;65m██[38;2;65;65;65m██[38;2;65;65;65m██[38;2;115;115;115m██[38;2;115;115;115m██[38;2;115;115;115m██[38;2;0;0;0m██            
        [38;2;0;0;0m██[38;2;115;115;115m██[38;2;65;65;65m██[38;2;115;115;115m██[38;2;115;115;115m██[38;2;115;115;115m██[38;2;65;65;65m██[38;2;115;115;115m██[38;2;115;115;115m██[38;2;0;0;0m██            
      [38;2;0;0;0m██[38;2;115;115;115m██[38;2;65;65;65m██[38;2;156;156;156m██[38;2;156;156;156m██[38;2;115;115;115m██[38;2;115;115;115m██[38;2;115;115;115m██[38;2;65;65;65m██[38;2;115;115;115m██[38;2;115;115;115m██[38;2;0;0;0m██          
      [38;2;0;0;0m██[38;2;65;65;65m██[38;2;156;156;156m██[38;2;206;206;197m██[38;2;156;156;156m██[38;2;115;115;115m██[38;2;115;115;115m██[38;2;115;115;115m██[38;2;65;65;65m██[38;2;115;115;115m██[38;2;115;115;115m██[38;2;0;0;0m██          
    [38;2;0;0;0m██[38;2;115;115;115m██[38;2;65;65;65m██[38;2;156;156;156m██[38;2;156;156;156m██[38;2;115;115;115m██[38;2;115;115;115m██[38;2;115;115;115m██[38;2;115;115;115m██[38;2;65;65;65m██[38;2;115;115;115m██[38;2;115;115;115m██[38;2;0;0;0m██          
    [38;2;0;0;0m██[38;2;65;65;65m██[38;2;115;115;115m██[38;2;115;115;115m██[38;2;115;115;115m██[38;2;115;115;115m██[38;2;115;115;115m██[38;2;115;115;115m██[38;2;115;115;115m██[38;2;65;65;65m██[38;2;115;115;115m██[38;2;115;115;115m██[38;2;0;0;0m██          
  [38;2;0;0;0m██[38;2;115;115;115m██[38;2;65;65;65m██[38;2;115;115;115m██[38;2;115;115;115m██[38;2;115;115;115m██[38;2;115;115;115m██[38;2;115;115;115m██[38;2;115;115;115m██[38;2;115;115;115m██[38;2;65;65;65m██[38;2;115;115;115m██[38;2;115;115;115m██[38;2;0;0;0m██[38;2;0;0;0m██        
[38;2;0;0;0m██[38;2;206;206;197m██[38;2;206;206;197m██[38;2;65;65;65m██[38;2;115;115;115m██[38;2;115;115;115m██[38;2;115;115;115m██[38;2;115;115;115m██[38;2;115;115;115m██[38;2;65;65;65m██[38;2;65;65;65m██[38;2;65;65;65m██[38;2;115;115;115m██[38;2;115;115;115m██[38;2;65;65;65m██[38;2;206;206;197m██[38;2;0;0;0m██[38;2;0;0;0m██[38;2;0;0;0m██[38;2;0;0;0m██
[38;2;0;0;0m██[38;2;206;206;197m██[38;2;206;206;197m██[38;2;206;206;197m██[38;2;65;65;65m██[38;2;65;65;65m██[38;2;65;65;65m██[38;2;65;65;65m██[38;2;65;65;65m██[38;2;156;156;156m██[38;2;206;206;197m██[38;2;206;206;197m██[38;2;65;65;65m██[38;2;115;115;115m██[38;2;65;65;65m██[38;2;156;132;66m██[38;2;239;222;140m██[38;2;156;132;66m██[38;2;189;165;90m██[38;2;0;0;0m██
  [38;2;0;0;0m██[38;2;206;206;197m██[38;2;206;206;197m██[38;2;206;206;197m██[38;2;206;206;197m██[38;2;206;206;197m██[38;2;206;206;197m██[38;2;206;206;197m██[38;2;206;206;197m██[38;2;206;206;197m██[38;2;156;156;156m██[38;2;65;65;65m██[38;2;65;65;65m██[38;2;239;222;140m██[38;2;239;222;140m██[38;2;239;222;140m██[38;2;239;222;140m██[38;2;0;0;0m██  
  [38;2;0;0;0m██[38;2;115;115;115m██[38;2;115;115;115m██[38;2;206;206;197m██[38;2;206;206;197m██[38;2;206;206;197m██[38;2;206;206;197m██[38;2;206;206;197m██[38;2;156;156;156m██[38;2;65;65;65m██[38;2;65;65;65m██[38;2;115;115;115m██[38;2;65;65;65m██[38;2;239;222;140m██[38;2;239;222;140m██[38;2;239;222;140m██[38;2;156;132;66m██[38;2;0;0;0m██  
    [38;2;0;0;0m██[38;2;156;156;156m██[38;2;115;115;115m██[38;2;115;115;115m██[38;2;255;255;255m██[38;2;0;0;0m██[38;2;0;0;0m██[38;2;255;255;255m██[38;2;115;115;115m██[38;2;115;115;115m██[38;2;65;65;65m██[38;2;239;222;140m██[38;2;239;222;140m██[38;2;239;222;140m██[38;2;239;222;140m██[38;2;189;165;90m██[38;2;189;165;90m██[38;2;0;0;0m██
    [38;2;0;0;0m██[38;2;206;206;197m██[38;2;206;206;197m██[38;2;206;206;197m██[38;2;115;115;115m██[38;2;255;255;255m██[38;2;255;255;255m██[38;2;115;115;115m██[38;2;115;115;115m██[38;2;65;65;65m██[38;2;239;222;140m██[38;2;239;222;140m██[38;2;239;222;140m██[38;2;239;222;140m██[38;2;65;65;65m██[38;2;156;132;66m██[38;2;189;165;90m██[38;2;0;0;0m██
      [38;2;0;0;0m██[38;2;115;115;115m██[38;2;156;156;156m██[38;2;206;206;197m██[38;2;156;156;156m██[38;2;65;65;65m██[38;2;65;65;65m██[38;2;0;0;0m██[38;2;239;222;140m██[38;2;239;222;140m██[38;2;239;222;140m██[38;2;189;165;90m██[38;2;0;0;0m██[38;2;156;132;66m██[38;2;206;206;197m██[38;2;156;132;66m██[38;2;0;0;0m██
        [38;2;0;0;0m██[38;2;65;65;65m██[38;2;65;65;65m██[38;2;65;65;65m██[38;2;156;132;66m██[38;2;0;0;0m██[38;2;239;222;140m██[38;2;239;222;140m██[38;2;189;165;90m██[38;2;239;222;140m██[38;2;0;0;0m██  [38;2;0;0;0m██[38;2;0;0;0m██[38;2;0;0;0m██  
          [38;2;0;0;0m██[38;2;156;132;66m██[38;2;156;132;66m██[38;2;0;0;0m██  [38;2;0;0;0m██[38;2;189;165;90m██[38;2;255;255;255m██[38;2;189;165;90m██[38;2;0;0;0m██          
            [38;2;0;0;0m██[38;2;0;0;0m██    [38;2;0;0;0m██[38;2;156;132;66m██[38;2;206;206;197m██[38;2;65;65;65m██[38;2;0;0;0m██          
                      [38;2;0;0;0m██[38;2;0;0;0m██[38;2;0;0;0m██            
