                  [38;2;0;0;0m██                      
                [38;2;0;0;0m██[38;2;206;222;222m██[38;2;0;0;0m██                    
    [38;2;0;0;0m██[38;2;0;0;0m██        [38;2;0;0;0m██[38;2;206;222;222m██[38;2;0;0;0m██[38;2;0;0;0m██[38;2;0;0;0m██[38;2;0;0;0m██[38;2;0;0;0m██            
    [38;2;0;0;0m██[38;2;255;255;255m██[38;2;0;0;0m██[38;2;0;0;0m██  [38;2;0;0;0m██[38;2;140;148;148m██[38;2;140;148;148m██[38;2;181;197;206m██[38;2;255;255;255m██[38;2;255;255;255m██[38;2;255;255;255m██[38;2;181;197;206m██[38;2;0;0;0m██[38;2;0;0;0m██    [38;2;0;0;0m██[38;2;0;0;0m██
      [38;2;0;0;0m██[38;2;206;222;222m██[38;2;181;197;206m██[38;2;0;0;0m██[38;2;255;255;255m██[38;2;255;255;255m██[38;2;255;255;255m██[38;2;255;255;255m██[38;2;255;255;255m██[38;2;181;197;206m██[38;2;181;197;206m██[38;2;255;255;255m██[38;2;255;255;255m██[38;2;181;197;206m██[38;2;0;0;0m██[38;2;0;0;0m██[38;2;255;255;255m██[38;2;0;0;0m██
      [38;2;0;0;0m██[38;2;140;148;148m██[38;2;255;255;255m██[38;2;255;255;255m██[38;2;181;197;206m██[38;2;255;255;255m██[38;2;255;255;255m██[38;2;255;255;255m██[38;2;255;255;255m██[38;2;255;255;255m██[38;2;255;255;255m██[38;2;181;197;206m██[38;2;140;148;148m██[38;2;140;148;148m██[38;2;255;255;255m██[38;2;255;255;255m██[38;2;0;0;0m██  
    [38;2;0;0;0m██[38;2;140;148;148m██[38;2;255;255;255m██[38;2;255;255;255m██[38;2;255;255;255m██[38;2;255;255;255m██[38;2;255;255;255m██[38;2;255;255;255m██[38;2;181;197;206m██[38;2;255;255;255m██[38;2;255;255;255m██[38;2;255;255;255m██[38;2;255;255;255m██[38;2;181;197;206m██[38;2;255;255;255m██[38;2;181;197;206m██[38;2;140;148;148m██[38;2;0;0;0m██  
    [38;2;0;0;0m██[38;2;255;255;255m██[38;2;255;255;255m██[38;2;181;197;206m██[38;2;255;255;255m██[38;2;255;255;255m██[38;2;255;255;255m██[38;2;255;255;255m██[38;2;255;255;255m██[38;2;181;197;206m██[38;2;181;197;206m██[38;2;255;255;255m██[38;2;255;255;255m██[38;2;255;255;255m██[38;2;181;197;206m██[38;2;206;222;222m██[38;2;181;197;206m██[38;2;0;0;0m██  
    [38;2;0;0;0m██[38;2;255;255;255m██[38;2;181;197;206m██[38;2;255;255;255m██[38;2;255;255;255m██[38;2;255;255;255m██[38;2;255;255;255m██[38;2;255;255;255m██[38;2;255;255;255m██[38;2;181;197;206m██[38;2;255;255;255m██[38;2;181;197;206m██[38;2;255;255;255m██[38;2;255;255;255m██[38;2;140;148;148m██[38;2;181;197;206m██[38;2;181;197;206m██[38;2;0;0;0m██  
  [38;2;0;0;0m██[38;2;206;222;222m██[38;2;255;255;255m██[38;2;181;197;206m██[38;2;255;255;255m██[38;2;255;255;255m██[38;2;255;255;255m██[38;2;181;197;206m██[38;2;255;255;255m██[38;2;255;255;255m██[38;2;140;148;148m██[38;2;255;255;255m██[38;2;255;255;255m██[38;2;181;197;206m██[38;2;206;222;222m██[38;2;181;197;206m██[38;2;140;148;148m██[38;2;181;197;206m██[38;2;0;0;0m██  
  [38;2;0;0;0m██[38;2;206;222;222m██[38;2;181;197;206m██[38;2;255;255;255m██[38;2;255;255;255m██[38;2;140;148;148m██[38;2;255;255;255m██[38;2;140;148;148m██[38;2;189;74;90m██[38;2;255;255;255m██[38;2;140;148;148m██[38;2;181;197;206m██[38;2;206;222;222m██[38;2;140;148;148m██[38;2;181;197;206m██[38;2;181;197;206m██[38;2;140;148;148m██[38;2;0;0;0m██    
  [38;2;0;0;0m██[38;2;206;222;222m██[38;2;140;148;148m██[38;2;206;222;222m██[38;2;255;255;255m██[38;2;255;255;255m██[38;2;140;148;148m██[38;2;0;0;0m██[38;2;239;99;107m██[38;2;65;65;65m██[38;2;181;197;206m██[38;2;181;197;206m██[38;2;181;197;206m██[38;2;140;148;148m██[38;2;181;197;206m██[38;2;181;197;206m██[38;2;140;148;148m██[38;2;0;0;0m██    
  [38;2;0;0;0m██[38;2;140;148;148m██[38;2;140;148;148m██[38;2;181;197;206m██[38;2;206;222;222m██[38;2;206;222;222m██[38;2;65;65;65m██[38;2;189;74;90m██[38;2;239;99;107m██[38;2;65;65;65m██[38;2;181;197;206m██[38;2;181;197;206m██[38;2;181;197;206m██[38;2;140;148;148m██[38;2;181;197;206m██[38;2;140;148;148m██[38;2;181;197;206m██[38;2;181;197;206m██[38;2;0;0;0m██  
[38;2;0;0;0m██[38;2;181;197;206m██[38;2;181;197;206m██[38;2;65;65;65m██[38;2;181;197;206m██[38;2;181;197;206m██[38;2;181;197;206m██[38;2;181;197;206m██[38;2;65;65;65m██[38;2;65;65;65m██[38;2;181;197;206m██[38;2;181;197;206m██[38;2;181;197;206m██[38;2;140;148;148m██[38;2;181;197;206m██[38;2;0;0;0m██[38;2;0;0;0m██[38;2;0;0;0m██[38;2;181;197;206m██[38;2;181;197;206m██[38;2;0;0;0m██
[38;2;0;0;0m██[38;2;0;0;0m██[38;2;0;0;0m██[38;2;0;0;0m██[38;2;0;0;0m██[38;2;140;148;148m██[38;2;181;197;206m██[38;2;181;197;206m██[38;2;181;197;206m██[38;2;181;197;206m██[38;2;181;197;206m██[38;2;181;197;206m██[38;2;140;148;148m██[38;2;0;0;0m██[38;2;0;0;0m██      [38;2;0;0;0m██[38;2;0;0;0m██[38;2;0;0;0m██
          [38;2;0;0;0m██[38;2;0;0;0m██[38;2;0;0;0m██[38;2;65;65;65m██[38;2;181;197;206m██[38;2;0;0;0m██[38;2;0;0;0m██[38;2;0;0;0m██                
              [38;2;0;0;0m██[38;2;181;197;206m██[38;2;0;0;0m██                      
              [38;2;0;0;0m██[38;2;0;0;0m██                        
