    [38;2;0;0;0m██[38;2;0;0;0m██                          
  [38;2;0;0;0m██[38;2;115;115;115m██[38;2;115;115;115m██[38;2;0;0;0m██    [38;2;0;0;0m██[38;2;0;0;0m██[38;2;0;0;0m██              
    [38;2;0;0;0m██[38;2;115;115;115m██[38;2;115;115;115m██[38;2;0;0;0m██[38;2;0;0;0m██[38;2;115;115;115m██[38;2;115;115;115m██[38;2;115;115;115m██[38;2;0;0;0m██            
  [38;2;0;0;0m██[38;2;0;0;0m██[38;2;65;65;65m██[38;2;115;115;115m██[38;2;65;65;65m██[38;2;115;115;115m██[38;2;115;115;115m██[38;2;0;0;0m██[38;2;0;0;0m██    [38;2;0;0;0m██[38;2;0;0;0m██      
[38;2;0;0;0m██[38;2;165;140;123m██[38;2;165;140;123m██[38;2;65;65;65m██[38;2;65;65;65m██[38;2;65;65;65m██[38;2;115;115;115m██[38;2;65;65;65m██[38;2;0;0;0m██    [38;2;0;0;0m██[38;2;66;165;41m██[38;2;0;0;0m██[38;2;0;0;0m██[38;2;0;0;0m██  
[38;2;0;0;0m██[38;2;165;140;123m██[38;2;65;65;65m██[38;2;165;140;123m██[38;2;165;140;123m██[38;2;165;140;123m██[38;2;65;65;65m██[38;2;165;140;123m██[38;2;165;140;123m██[38;2;0;0;0m██[38;2;0;0;0m██[38;2;49;123;25m██[38;2;49;123;25m██[38;2;66;165;41m██[38;2;66;165;41m██[38;2;0;0;0m██  
  [38;2;0;0;0m██[38;2;165;140;123m██[38;2;165;140;123m██[38;2;165;140;123m██[38;2;165;140;123m██[38;2;165;140;123m██[38;2;165;140;123m██[38;2;165;140;123m██[38;2;65;65;65m██[38;2;49;123;25m██[38;2;49;123;25m██[38;2;165;140;123m██[38;2;49;123;25m██[38;2;0;0;0m██    
  [38;2;0;0;0m██[38;2;165;140;123m██[38;2;165;140;123m██[38;2;165;140;123m██[38;2;165;140;123m██[38;2;165;140;123m██[38;2;165;140;123m██[38;2;132;107;90m██[38;2;255;255;255m██[38;2;49;123;25m██[38;2;165;140;123m██[38;2;165;140;123m██[38;2;165;140;123m██[38;2;165;140;123m██[38;2;0;0;0m██  
[38;2;0;0;0m██[38;2;165;140;123m██[38;2;165;140;123m██[38;2;165;140;123m██[38;2;165;140;123m██[38;2;255;255;255m██[38;2;165;140;123m██[38;2;255;255;255m██[38;2;255;255;255m██[38;2;189;189;189m██[38;2;66;165;41m██[38;2;49;123;25m██[38;2;165;140;123m██[38;2;165;140;123m██[38;2;165;140;123m██[38;2;165;140;123m██[38;2;0;0;0m██
[38;2;0;0;0m██[38;2;132;107;90m██[38;2;165;140;123m██[38;2;165;140;123m██[38;2;255;255;255m██[38;2;0;0;0m██[38;2;255;255;255m██[38;2;255;255;255m██[38;2;189;189;189m██[38;2;49;123;25m██[38;2;66;165;41m██[38;2;49;123;25m██[38;2;165;140;123m██[38;2;165;140;123m██[38;2;165;140;123m██[38;2;0;0;0m██[38;2;0;0;0m██
[38;2;0;0;0m██[38;2;65;65;65m██[38;2;65;65;65m██[38;2;255;255;255m██[38;2;255;255;255m██[38;2;65;65;65m██[38;2;255;255;255m██[38;2;255;255;255m██[38;2;49;123;25m██[38;2;66;165;41m██[38;2;49;123;25m██[38;2;165;140;123m██[38;2;165;140;123m██[38;2;165;140;123m██[38;2;132;107;90m██[38;2;0;0;0m██  
  [38;2;0;0;0m██[38;2;255;255;255m██[38;2;255;255;255m██[38;2;255;255;255m██[38;2;255;255;255m██[38;2;255;255;255m██[38;2;49;123;25m██[38;2;66;165;41m██[38;2;66;165;41m██[38;2;49;123;25m██[38;2;132;107;90m██[38;2;165;140;123m██[38;2;132;107;90m██[38;2;132;107;90m██[38;2;189;189;189m██[38;2;0;0;0m██
    [38;2;0;0;0m██[38;2;65;65;65m██[38;2;65;65;65m██[38;2;189;189;189m██[38;2;49;123;25m██[38;2;66;165;41m██[38;2;49;123;25m██[38;2;49;123;25m██[38;2;132;107;90m██[38;2;132;107;90m██[38;2;0;0;0m██[38;2;0;0;0m██[38;2;132;107;90m██[38;2;189;189;189m██[38;2;0;0;0m██
    [38;2;0;0;0m██[38;2;49;123;25m██[38;2;66;165;41m██[38;2;66;165;41m██[38;2;66;165;41m██[38;2;49;123;25m██[38;2;49;123;25m██[38;2;132;107;90m██[38;2;0;0;0m██[38;2;0;0;0m██[38;2;0;0;0m██  [38;2;0;0;0m██[38;2;197;58;16m██[38;2;0;0;0m██
      [38;2;0;0;0m██[38;2;65;65;65m██[38;2;66;165;41m██[38;2;0;0;0m██[38;2;132;107;90m██[38;2;165;140;123m██[38;2;0;0;0m██[38;2;0;0;0m██      [38;2;0;0;0m██[38;2;0;0;0m██  
      [38;2;0;0;0m██[38;2;197;58;16m██[38;2;0;0;0m██  [38;2;0;0;0m██[38;2;189;189;189m██[38;2;0;0;0m██              
      [38;2;0;0;0m██[38;2;0;0;0m██    [38;2;0;0;0m██[38;2;197;58;16m██[38;2;0;0;0m██              
              [38;2;0;0;0m██[38;2;0;0;0m██                
