        [38;2;0;0;0m██[38;2;0;0;0m██                            
      [38;2;0;0;0m██[38;2;255;181;165m██[38;2;0;0;0m██[38;2;0;0;0m██[38;2;0;0;0m██                        
      [38;2;0;0;0m██[38;2;255;181;165m██[38;2;65;65;65m██[38;2;255;181;165m██[38;2;0;0;0m██                        
    [38;2;0;0;0m██[38;2;255;181;165m██[38;2;255;181;165m██[38;2;255;181;165m██[38;2;0;0;0m██              [38;2;0;0;0m██[38;2;0;0;0m██        
    [38;2;0;0;0m██[38;2;255;181;165m██[38;2;255;181;165m██[38;2;255;181;165m██[38;2;0;0;0m██              [38;2;0;0;0m██[38;2;255;181;165m██[38;2;0;0;0m██[38;2;0;0;0m██    
  [38;2;0;0;0m██[38;2;123;99;181m██[38;2;239;132;132m██[38;2;239;132;132m██[38;2;65;65;65m██[38;2;0;0;0m██[38;2;0;0;0m██      [38;2;0;0;0m██[38;2;0;0;0m██[38;2;0;0;0m██[38;2;255;181;165m██[38;2;65;65;65m██[38;2;239;132;132m██[38;2;0;0;0m██[38;2;0;0;0m██  
  [38;2;0;0;0m██[38;2;123;99;181m██[38;2;65;65;65m██[38;2;255;181;165m██[38;2;255;181;165m██[38;2;255;181;165m██[38;2;239;132;132m██[38;2;0;0;0m██[38;2;0;0;0m██[38;2;0;0;0m██[38;2;255;181;165m██[38;2;255;181;165m██[38;2;255;181;165m██[38;2;239;132;132m██[38;2;239;132;132m██[38;2;65;65;65m██[38;2;247;247;140m██[38;2;0;0;0m██[38;2;0;0;0m██
  [38;2;0;0;0m██[38;2;65;65;65m██[38;2;255;181;165m██[38;2;255;181;165m██[38;2;255;181;165m██[38;2;255;181;165m██[38;2;255;181;165m██[38;2;255;181;165m██[38;2;65;65;65m██[38;2;255;181;165m██[38;2;255;181;165m██[38;2;255;181;165m██[38;2;239;132;132m██[38;2;239;132;132m██[38;2;65;65;65m██[38;2;65;65;65m██[38;2;197;90;74m██[38;2;247;247;140m██[38;2;0;0;0m██
  [38;2;0;0;0m██[38;2;189;165;66m██[38;2;247;247;140m██[38;2;255;181;165m██[38;2;255;181;165m██[38;2;255;181;165m██[38;2;255;181;165m██[38;2;255;181;165m██[38;2;239;132;132m██[38;2;255;181;165m██[38;2;255;181;165m██[38;2;239;132;132m██[38;2;123;99;181m██[38;2;123;99;181m██[38;2;65;65;65m██[38;2;239;132;132m██[38;2;239;132;132m██[38;2;0;0;0m██  
[38;2;0;0;0m██[38;2;65;65;65m██[38;2;247;247;140m██[38;2;255;181;165m██[38;2;255;181;165m██[38;2;255;181;165m██[38;2;255;181;165m██[38;2;255;181;165m██[38;2;255;181;165m██[38;2;255;181;165m██[38;2;255;181;165m██[38;2;123;99;181m██[38;2;123;99;181m██[38;2;123;99;181m██[38;2;65;65;65m██[38;2;239;132;132m██[38;2;239;132;132m██[38;2;239;132;132m██[38;2;0;0;0m██  
[38;2;0;0;0m██[38;2;247;247;140m██[38;2;65;65;65m██[38;2;247;247;140m██[38;2;255;181;165m██[38;2;255;181;165m██[38;2;247;247;140m██[38;2;247;247;140m██[38;2;247;247;140m██[38;2;255;181;165m██[38;2;255;181;165m██[38;2;65;65;65m██[38;2;123;99;181m██[38;2;0;0;0m██[38;2;0;0;0m██[38;2;239;132;132m██[38;2;239;132;132m██[38;2;239;132;132m██[38;2;0;0;0m██  
[38;2;0;0;0m██[38;2;247;247;140m██[38;2;189;165;66m██[38;2;247;247;140m██[38;2;247;247;140m██[38;2;247;247;140m██[38;2;65;65;65m██[38;2;65;65;65m██[38;2;189;165;66m██[38;2;247;247;140m██[38;2;255;181;165m██[38;2;239;132;132m██[38;2;0;0;0m██  [38;2;0;0;0m██[38;2;197;90;74m██[38;2;239;132;132m██[38;2;0;0;0m██    
  [38;2;0;0;0m██[38;2;247;247;140m██[38;2;247;247;140m██[38;2;247;247;140m██[38;2;65;65;65m██[38;2;247;247;140m██[38;2;247;247;140m██[38;2;247;247;140m██[38;2;247;247;140m██[38;2;255;181;165m██[38;2;239;132;132m██[38;2;0;0;0m██    [38;2;0;0;0m██[38;2;0;0;0m██      
    [38;2;0;0;0m██[38;2;247;247;140m██[38;2;247;247;140m██[38;2;247;247;140m██[38;2;247;247;140m██[38;2;247;247;140m██[38;2;247;247;140m██[38;2;255;181;165m██[38;2;239;132;132m██[38;2;65;65;65m██[38;2;197;90;74m██[38;2;0;0;0m██[38;2;0;0;0m██          
      [38;2;0;0;0m██[38;2;132;132;115m██[38;2;247;247;140m██[38;2;247;247;140m██[38;2;247;247;140m██[38;2;189;165;66m██[38;2;65;65;65m██[38;2;65;65;65m██[38;2;239;132;132m██[38;2;239;132;132m██[38;2;0;0;0m██            
      [38;2;0;0;0m██[38;2;197;90;74m██[38;2;65;65;65m██[38;2;65;65;65m██[38;2;65;65;65m██[38;2;65;65;65m██[38;2;239;132;132m██[38;2;239;132;132m██[38;2;239;132;132m██[38;2;239;132;132m██[38;2;0;0;0m██            
        [38;2;0;0;0m██[38;2;189;165;66m██[38;2;189;165;66m██[38;2;189;165;66m██[38;2;189;165;66m██[38;2;189;165;66m██[38;2;239;132;132m██[38;2;239;132;132m██[38;2;247;247;140m██[38;2;0;0;0m██            
        [38;2;0;0;0m██[38;2;247;247;140m██[38;2;65;65;65m██[38;2;132;132;115m██[38;2;189;165;66m██[38;2;189;165;66m██[38;2;189;165;66m██[38;2;0;0;0m██[38;2;0;0;0m██              
          [38;2;0;0;0m██[38;2;0;0;0m██[38;2;0;0;0m██[38;2;65;65;65m██[38;2;247;247;140m██[38;2;0;0;0m██                  
                [38;2;0;0;0m██[38;2;0;0;0m██                    
