                                  [38;2;0;0;0m██            
                                [38;2;0;0;0m██[38;2;255;255;255m██[38;2;0;0;0m██      [38;2;0;0;0m██  
                              [38;2;0;0;0m██[38;2;255;255;255m██[38;2;255;255;255m██[38;2;0;0;0m██    [38;2;0;0;0m██[38;2;255;255;255m██[38;2;0;0;0m██
                              [38;2;0;0;0m██[38;2;255;255;255m██[38;2;255;255;255m██[38;2;189;189;189m██[38;2;0;0;0m██[38;2;0;0;0m██[38;2;65;65;65m██[38;2;255;255;255m██[38;2;0;0;0m██
                                [38;2;0;0;0m██[38;2;189;189;189m██[38;2;65;65;65m██[38;2;107;107;214m██[38;2;65;65;65m██[38;2;255;255;255m██[38;2;255;255;255m██[38;2;0;0;0m██
                                  [38;2;0;0;0m██[38;2;107;107;214m██[38;2;107;107;214m██[38;2;189;189;189m██[38;2;255;255;255m██[38;2;0;0;0m██  
                                  [38;2;0;0;0m██[38;2;82;82;173m██[38;2;107;107;214m██[38;2;65;65;65m██[38;2;0;0;0m██    
                                    [38;2;0;0;0m██[38;2;65;65;65m██[38;2;107;107;214m██[38;2;148;156;255m██[38;2;0;0;0m██  
      [38;2;0;0;0m██[38;2;0;0;0m██[38;2;0;0;0m██                      [38;2;0;0;0m██[38;2;65;65;65m██[38;2;148;156;255m██[38;2;148;156;255m██[38;2;148;156;255m██[38;2;148;156;255m██[38;2;0;0;0m██
  [38;2;0;0;0m██[38;2;0;0;0m██[38;2;148;156;255m██[38;2;148;156;255m██[38;2;148;156;255m██[38;2;0;0;0m██                    [38;2;0;0;0m██[38;2;148;156;255m██[38;2;148;156;255m██[38;2;148;156;255m██[38;2;148;156;255m██[38;2;0;0;0m██  
[38;2;0;0;0m██[38;2;255;255;255m██[38;2;255;255;255m██[38;2;107;107;214m██[38;2;148;156;255m██[38;2;65;65;65m██[38;2;90;181;189m██[38;2;0;0;0m██  [38;2;0;0;0m██[38;2;0;0;0m██[38;2;0;0;0m██  [38;2;0;0;0m██[38;2;0;0;0m██  [38;2;0;0;0m██[38;2;0;0;0m██[38;2;107;107;214m██[38;2;148;156;255m██[38;2;65;65;65m██[38;2;0;0;0m██    
  [38;2;0;0;0m██[38;2;107;107;214m██[38;2;107;107;214m██[38;2;148;156;255m██[38;2;65;65;65m██[38;2;90;181;189m██[38;2;90;181;189m██[38;2;0;0;0m██[38;2;148;156;255m██[38;2;107;107;214m██[38;2;148;156;255m██[38;2;107;107;214m██[38;2;90;181;189m██[38;2;65;65;65m██[38;2;0;0;0m██[38;2;255;255;255m██[38;2;255;255;255m██[38;2;65;65;65m██[38;2;107;107;214m██[38;2;107;107;214m██[38;2;107;107;214m██[38;2;0;0;0m██  
    [38;2;0;0;0m██[38;2;148;156;255m██[38;2;148;156;255m██[38;2;65;65;65m██[38;2;90;181;189m██[38;2;0;0;0m██[38;2;107;107;214m██[38;2;148;156;255m██[38;2;148;156;255m██[38;2;107;107;214m██[38;2;90;181;189m██[38;2;90;181;189m██[38;2;65;65;65m██[38;2;148;156;255m██[38;2;65;65;65m██[38;2;255;255;255m██[38;2;148;156;255m██[38;2;65;65;65m██[38;2;107;107;214m██[38;2;107;107;214m██[38;2;107;107;214m██[38;2;0;0;0m██
      [38;2;0;0;0m██[38;2;0;0;0m██[38;2;65;65;65m██[38;2;90;181;189m██[38;2;90;181;189m██[38;2;107;107;214m██[38;2;148;156;255m██[38;2;148;156;255m██[38;2;90;181;189m██[38;2;0;0;0m██[38;2;90;181;189m██[38;2;65;65;65m██[38;2;148;156;255m██[38;2;148;156;255m██[38;2;148;156;255m██[38;2;148;156;255m██[38;2;65;65;65m██[38;2;107;107;214m██[38;2;107;107;214m██[38;2;0;0;0m██  
          [38;2;0;0;0m██[38;2;107;107;214m██[38;2;90;181;189m██[38;2;148;156;255m██[38;2;148;156;255m██[38;2;107;107;214m██[38;2;90;181;189m██[38;2;90;181;189m██[38;2;65;65;65m██[38;2;148;156;255m██[38;2;65;65;65m██[38;2;148;156;255m██[38;2;148;156;255m██[38;2;65;65;65m██[38;2;65;65;65m██[38;2;65;65;65m██[38;2;0;0;0m██    
        [38;2;0;0;0m██[38;2;132;132;115m██[38;2;255;255;255m██[38;2;107;107;214m██[38;2;107;107;214m██[38;2;148;156;255m██[38;2;107;107;214m██[38;2;90;181;189m██[38;2;65;65;65m██[38;2;148;156;255m██[38;2;107;107;214m██[38;2;148;156;255m██[38;2;65;65;65m██[38;2;65;65;65m██[38;2;65;65;65m██[38;2;123;132;239m██[38;2;123;132;239m██[38;2;0;0;0m██    
        [38;2;0;0;0m██[38;2;255;255;255m██[38;2;132;132;115m██[38;2;148;156;255m██[38;2;148;156;255m██[38;2;107;107;214m██[38;2;65;65;65m██[38;2;189;189;189m██[38;2;255;255;255m██[38;2;189;189;189m██[38;2;65;65;65m██[38;2;65;65;65m██[38;2;107;107;214m██[38;2;107;107;214m██[38;2;65;65;65m██[38;2;123;132;239m██[38;2;123;132;239m██[38;2;123;132;239m██[38;2;0;0;0m██  
          [38;2;0;0;0m██[38;2;255;255;255m██[38;2;0;0;0m██[38;2;65;65;65m██[38;2;148;156;255m██[38;2;148;156;255m██[38;2;65;65;65m██[38;2;255;255;255m██[38;2;255;255;255m██[38;2;65;65;65m██[38;2;107;107;214m██[38;2;107;107;214m██[38;2;148;156;255m██[38;2;65;65;65m██[38;2;65;65;65m██[38;2;123;132;239m██[38;2;123;132;239m██[38;2;0;0;0m██  
            [38;2;0;0;0m██[38;2;0;0;0m██[38;2;107;107;214m██[38;2;65;65;65m██[38;2;65;65;65m██[38;2;255;255;255m██[38;2;255;255;255m██[38;2;65;65;65m██[38;2;107;107;214m██[38;2;148;156;255m██[38;2;65;65;65m██[38;2;107;107;214m██[38;2;148;156;255m██[38;2;65;65;65m██[38;2;0;0;0m██[38;2;0;0;0m██    
                [38;2;0;0;0m██[38;2;0;0;0m██[38;2;107;107;214m██[38;2;65;65;65m██[38;2;65;65;65m██[38;2;107;107;214m██[38;2;0;0;0m██[38;2;107;107;214m██[38;2;148;156;255m██[38;2;65;65;65m██[38;2;148;156;255m██[38;2;0;0;0m██        
                    [38;2;0;0;0m██[38;2;0;0;0m██[38;2;0;0;0m██[38;2;0;0;0m██  [38;2;0;0;0m██[38;2;148;156;255m██[38;2;0;0;0m██[38;2;0;0;0m██          
                                [38;2;0;0;0m██[38;2;0;0;0m██            
