                          [38;2;0;0;0m██[38;2;0;0;0m██[38;2;0;0;0m██    
                [38;2;0;0;0m██[38;2;0;0;0m██    [38;2;0;0;0m██[38;2;123;181;214m██[38;2;148;222;255m██[38;2;123;181;214m██[38;2;0;0;0m██  
              [38;2;0;0;0m██[38;2;173;99;66m██[38;2;173;99;66m██[38;2;0;0;0m██[38;2;0;0;0m██[38;2;148;222;255m██[38;2;148;222;255m██[38;2;148;222;255m██[38;2;123;181;214m██[38;2;0;0;0m██  
  [38;2;0;0;0m██[38;2;0;0;0m██[38;2;0;0;0m██    [38;2;0;0;0m██[38;2;173;99;66m██[38;2;173;99;66m██[38;2;173;99;66m██[38;2;65;65;65m██[38;2;132;74;58m██[38;2;123;181;214m██[38;2;148;222;255m██[38;2;123;181;214m██[38;2;0;0;0m██    
[38;2;0;0;0m██[38;2;132;74;58m██[38;2;132;74;58m██[38;2;132;74;58m██[38;2;0;0;0m██[38;2;0;0;0m██[38;2;173;99;66m██[38;2;173;99;66m██[38;2;173;99;66m██[38;2;173;99;66m██[38;2;173;99;66m██[38;2;65;65;65m██[38;2;0;0;0m██[38;2;0;0;0m██[38;2;0;0;0m██      
  [38;2;0;0;0m██[38;2;132;74;58m██[38;2;132;74;58m██[38;2;65;65;65m██[38;2;173;99;66m██[38;2;173;99;66m██[38;2;132;74;58m██[38;2;173;99;66m██[38;2;173;99;66m██[38;2;173;99;66m██[38;2;0;0;0m██[38;2;0;0;0m██          
    [38;2;0;0;0m██[38;2;132;74;58m██[38;2;65;65;65m██[38;2;173;99;66m██[38;2;173;99;66m██[38;2;132;74;58m██[38;2;173;99;66m██[38;2;65;65;65m██[38;2;65;65;65m██[38;2;173;99;66m██[38;2;173;99;66m██[38;2;0;0;0m██[38;2;0;0;0m██      
      [38;2;0;0;0m██[38;2;173;99;66m██[38;2;173;99;66m██[38;2;132;74;58m██[38;2;173;99;66m██[38;2;173;99;66m██[38;2;173;99;66m██[38;2;173;99;66m██[38;2;173;99;66m██[38;2;173;99;66m██[38;2;173;99;66m██[38;2;0;0;0m██      
      [38;2;0;0;0m██[38;2;173;99;66m██[38;2;173;99;66m██[38;2;173;99;66m██[38;2;0;0;0m██[38;2;247;66;49m██[38;2;65;65;65m██[38;2;173;99;66m██[38;2;65;65;65m██[38;2;0;0;0m██[38;2;0;0;0m██        
    [38;2;0;0;0m██[38;2;0;0;0m██[38;2;173;99;66m██[38;2;140;99;165m██[38;2;247;66;49m██[38;2;247;66;49m██[38;2;247;66;49m██[38;2;65;65;65m██[38;2;181;132;206m██[38;2;173;99;66m██[38;2;0;0;0m██          
  [38;2;0;0;0m██[38;2;181;132;206m██[38;2;181;132;206m██[38;2;181;132;206m██[38;2;140;99;165m██[38;2;65;65;65m██[38;2;247;66;49m██[38;2;65;65;65m██[38;2;181;132;206m██[38;2;181;132;206m██[38;2;0;0;0m██            
  [38;2;0;0;0m██[38;2;65;65;65m██[38;2;181;132;206m██[38;2;140;99;165m██[38;2;0;0;0m██[38;2;181;132;206m██[38;2;181;132;206m██[38;2;181;132;206m██[38;2;181;132;206m██[38;2;140;99;165m██[38;2;0;0;0m██  [38;2;0;0;0m██[38;2;0;0;0m██      
    [38;2;0;0;0m██[38;2;0;0;0m██[38;2;0;0;0m██  [38;2;0;0;0m██[38;2;0;0;0m██[38;2;0;0;0m██[38;2;65;65;65m██[38;2;140;99;165m██[38;2;140;99;165m██[38;2;0;0;0m██[38;2;173;99;66m██[38;2;0;0;0m██      
                  [38;2;0;0;0m██[38;2;140;99;165m██[38;2;140;99;165m██[38;2;173;99;66m██[38;2;0;0;0m██        
      [38;2;0;0;0m██[38;2;0;0;0m██[38;2;0;0;0m██  [38;2;0;0;0m██[38;2;0;0;0m██[38;2;123;181;214m██[38;2;132;74;58m██[38;2;132;74;58m██[38;2;173;99;66m██[38;2;65;65;65m██[38;2;0;0;0m██      
      [38;2;0;0;0m██[38;2;132;74;58m██[38;2;0;0;0m██[38;2;0;0;0m██[38;2;123;181;214m██[38;2;123;181;214m██[38;2;0;0;0m██[38;2;181;132;206m██[38;2;181;132;206m██[38;2;65;65;65m██[38;2;123;181;214m██[38;2;123;181;214m██[38;2;0;0;0m██[38;2;0;0;0m██  
        [38;2;0;0;0m██[38;2;132;74;58m██[38;2;132;74;58m██[38;2;65;65;65m██[38;2;65;65;65m██[38;2;132;74;58m██[38;2;132;74;58m██[38;2;173;99;66m██[38;2;0;0;0m██[38;2;123;181;214m██[38;2;123;181;214m██[38;2;148;222;255m██[38;2;148;222;255m██[38;2;0;0;0m██
          [38;2;0;0;0m██[38;2;65;65;65m██[38;2;65;65;65m██[38;2;173;99;66m██[38;2;65;65;65m██[38;2;173;99;66m██[38;2;0;0;0m██  [38;2;0;0;0m██[38;2;148;222;255m██[38;2;148;222;255m██[38;2;65;65;65m██[38;2;0;0;0m██
          [38;2;0;0;0m██[38;2;173;99;66m██[38;2;173;99;66m██[38;2;65;65;65m██[38;2;0;0;0m██[38;2;173;99;66m██[38;2;173;99;66m██[38;2;0;0;0m██  [38;2;0;0;0m██[38;2;0;0;0m██[38;2;0;0;0m██  
            [38;2;0;0;0m██[38;2;0;0;0m██[38;2;0;0;0m██  [38;2;0;0;0m██[38;2;173;99;66m██[38;2;173;99;66m██[38;2;0;0;0m██        
                      [38;2;0;0;0m██[38;2;0;0;0m██[38;2;0;0;0m██        
