                        [38;2;0;0;0m██[38;2;0;0;0m██[38;2;0;0;0m██[38;2;0;0;0m██          
                        [38;2;0;0;0m██[38;2;247;173;156m██[38;2;247;173;156m██[38;2;247;173;156m██[38;2;0;0;0m██[38;2;0;0;0m██      
                          [38;2;0;0;0m██[38;2;0;0;0m██[38;2;247;173;156m██[38;2;247;173;156m██[38;2;247;173;156m██[38;2;0;0;0m██    
                              [38;2;0;0;0m██[38;2;247;173;156m██[38;2;247;173;156m██[38;2;247;173;156m██[38;2;0;0;0m██  
                                [38;2;0;0;0m██[38;2;247;173;156m██[38;2;247;173;156m██[38;2;0;0;0m██  
                                [38;2;0;0;0m██[38;2;247;173;156m██[38;2;247;173;156m██[38;2;214;132;132m██[38;2;0;0;0m██
                              [38;2;0;0;0m██[38;2;214;132;132m██[38;2;214;132;132m██[38;2;214;132;132m██[38;2;214;132;132m██[38;2;0;0;0m██
                    [38;2;0;0;0m██[38;2;0;0;0m██[38;2;0;0;0m██[38;2;0;0;0m██[38;2;0;0;0m██[38;2;214;132;132m██[38;2;214;132;132m██[38;2;214;132;132m██[38;2;214;132;132m██[38;2;214;132;132m██[38;2;0;0;0m██
      [38;2;0;0;0m██[38;2;0;0;0m██      [38;2;0;0;0m██[38;2;0;0;0m██[38;2;247;173;156m██[38;2;247;173;156m██[38;2;247;173;156m██[38;2;247;173;156m██[38;2;247;173;156m██[38;2;65;65;65m██[38;2;65;65;65m██[38;2;214;132;132m██[38;2;214;132;132m██[38;2;0;0;0m██  
    [38;2;0;0;0m██[38;2;214;132;132m██[38;2;214;132;132m██[38;2;0;0;0m██[38;2;0;0;0m██[38;2;0;0;0m██[38;2;247;173;156m██[38;2;247;173;156m██[38;2;65;65;65m██[38;2;65;65;65m██[38;2;65;65;65m██[38;2;247;173;156m██[38;2;247;173;156m██[38;2;247;173;156m██[38;2;247;173;156m██[38;2;65;65;65m██[38;2;214;132;132m██[38;2;0;0;0m██  
    [38;2;0;0;0m██[38;2;214;132;132m██[38;2;214;132;132m██[38;2;214;132;132m██[38;2;247;173;156m██[38;2;65;65;65m██[38;2;65;65;65m██[38;2;65;65;65m██[38;2;173;99;99m██[38;2;247;173;156m██[38;2;173;99;99m██[38;2;65;65;65m██[38;2;247;173;156m██[38;2;247;173;156m██[38;2;247;173;156m██[38;2;214;132;132m██[38;2;0;0;0m██    
      [38;2;65;65;65m██[38;2;247;173;156m██[38;2;247;173;156m██[38;2;247;173;156m██[38;2;247;173;156m██[38;2;247;173;156m██[38;2;65;65;65m██[38;2;247;173;156m██[38;2;173;99;99m██[38;2;247;173;156m██[38;2;65;65;65m██[38;2;247;173;156m██[38;2;247;173;156m██[38;2;214;132;132m██[38;2;214;132;132m██[38;2;0;0;0m██    
    [38;2;0;0;0m██[38;2;247;173;156m██[38;2;247;173;156m██[38;2;247;173;156m██[38;2;247;173;156m██[38;2;247;173;156m██[38;2;247;173;156m██[38;2;247;173;156m██[38;2;247;173;156m██[38;2;65;65;65m██[38;2;214;132;132m██[38;2;65;65;65m██[38;2;247;173;156m██[38;2;214;132;132m██[38;2;214;132;132m██[38;2;214;132;132m██[38;2;173;99;99m██[38;2;0;0;0m██  
  [38;2;0;0;0m██[38;2;255;255;255m██[38;2;247;173;156m██[38;2;247;173;156m██[38;2;247;173;156m██[38;2;214;132;132m██[38;2;255;255;255m██[38;2;255;255;255m██[38;2;247;173;156m██[38;2;247;173;156m██[38;2;214;132;132m██[38;2;65;65;65m██[38;2;214;132;132m██[38;2;214;132;132m██[38;2;214;132;132m██[38;2;214;132;132m██[38;2;173;99;99m██[38;2;214;132;132m██[38;2;0;0;0m██  
  [38;2;0;0;0m██[38;2;148;132;82m██[38;2;148;132;82m██[38;2;148;132;82m██[38;2;214;132;132m██[38;2;255;255;255m██[38;2;0;0;0m██[38;2;255;255;255m██[38;2;255;255;255m██[38;2;214;132;132m██[38;2;214;132;132m██[38;2;65;65;65m██[38;2;214;132;132m██[38;2;214;132;132m██[38;2;214;132;132m██[38;2;214;132;132m██[38;2;173;99;99m██[38;2;214;132;132m██[38;2;0;0;0m██  
[38;2;0;0;0m██[38;2;197;173;107m██[38;2;247;239;140m██[38;2;247;239;140m██[38;2;247;239;140m██[38;2;148;132;82m██[38;2;148;132;82m██[38;2;255;255;255m██[38;2;255;255;255m██[38;2;255;255;255m██[38;2;214;132;132m██[38;2;173;99;99m██[38;2;214;132;132m██[38;2;214;132;132m██[38;2;173;99;99m██[38;2;214;132;132m██[38;2;65;65;65m██[38;2;214;132;132m██[38;2;0;0;0m██    
[38;2;0;0;0m██[38;2;247;239;140m██[38;2;247;239;140m██[38;2;247;239;140m██[38;2;247;239;140m██[38;2;247;239;140m██[38;2;247;239;140m██[38;2;148;132;82m██[38;2;255;255;255m██[38;2;247;173;156m██[38;2;214;132;132m██[38;2;214;132;132m██[38;2;214;132;132m██[38;2;214;132;132m██[38;2;214;132;132m██[38;2;173;99;99m██[38;2;0;0;0m██[38;2;0;0;0m██      
  [38;2;0;0;0m██[38;2;247;239;140m██[38;2;247;239;140m██[38;2;148;132;82m██[38;2;247;239;140m██[38;2;197;173;107m██[38;2;197;173;107m██[38;2;148;132;82m██[38;2;214;132;132m██[38;2;65;65;65m██[38;2;214;132;132m██[38;2;214;132;132m██[38;2;214;132;132m██[38;2;214;132;132m██[38;2;0;0;0m██          
    [38;2;0;0;0m██[38;2;0;0;0m██[38;2;197;173;107m██[38;2;197;173;107m██[38;2;197;173;107m██[38;2;0;0;0m██[38;2;0;0;0m██[38;2;65;65;65m██[38;2;173;99;99m██[38;2;173;99;99m██[38;2;214;132;132m██[38;2;214;132;132m██[38;2;214;132;132m██[38;2;0;0;0m██          
        [38;2;0;0;0m██[38;2;0;0;0m██[38;2;0;0;0m██    [38;2;0;0;0m██[38;2;255;255;255m██[38;2;173;99;99m██[38;2;214;132;132m██[38;2;214;132;132m██[38;2;0;0;0m██            
                    [38;2;0;0;0m██[38;2;0;0;0m██[38;2;0;0;0m██[38;2;0;0;0m██              
