                              [38;2;0;0;0m██                
                          [38;2;0;0;0m██[38;2;0;0;0m██[38;2;247;247;189m██[38;2;0;0;0m██              
                      [38;2;0;0;0m██[38;2;0;0;0m██[38;2;206;189;148m██[38;2;65;65;65m██[38;2;247;247;189m██[38;2;0;0;0m██[38;2;0;0;0m██            
                  [38;2;0;0;0m██[38;2;0;0;0m██[38;2;247;247;189m██[38;2;247;247;189m██[38;2;165;140;115m██[38;2;247;247;189m██[38;2;247;247;189m██[38;2;247;247;189m██[38;2;206;189;148m██[38;2;0;0;0m██          
  [38;2;0;0;0m██[38;2;0;0;0m██[38;2;0;0;0m██        [38;2;0;0;0m██[38;2;65;65;65m██[38;2;247;247;189m██[38;2;247;247;189m██[38;2;247;247;189m██[38;2;247;247;189m██[38;2;247;247;189m██[38;2;247;247;189m██[38;2;247;247;189m██[38;2;247;247;189m██[38;2;206;189;148m██[38;2;0;0;0m██        
[38;2;0;0;0m██[38;2;140;189;66m██[38;2;90;156;49m██[38;2;140;189;66m██[38;2;0;0;0m██      [38;2;0;0;0m██[38;2;247;247;189m██[38;2;247;247;189m██[38;2;247;247;189m██[38;2;247;247;189m██[38;2;247;247;189m██[38;2;247;247;189m██[38;2;247;247;189m██[38;2;247;247;189m██[38;2;247;247;189m██[38;2;247;247;189m██[38;2;0;0;0m██        
  [38;2;0;0;0m██[38;2;140;189;66m██[38;2;90;156;49m██[38;2;140;189;66m██[38;2;0;0;0m██  [38;2;0;0;0m██[38;2;206;132;82m██[38;2;247;247;189m██[38;2;247;247;189m██[38;2;247;247;189m██[38;2;247;247;189m██[38;2;247;247;189m██[38;2;247;247;189m██[38;2;247;247;189m██[38;2;247;247;189m██[38;2;247;247;189m██[38;2;206;189;148m██[38;2;156;82;58m██[38;2;0;0;0m██      
  [38;2;0;0;0m██[38;2;140;189;66m██[38;2;90;156;49m██[38;2;206;189;148m██[38;2;0;0;0m██  [38;2;0;0;0m██[38;2;206;132;82m██[38;2;65;65;65m██[38;2;247;247;189m██[38;2;247;247;189m██[38;2;247;247;189m██[38;2;65;65;65m██[38;2;65;65;65m██[38;2;65;65;65m██[38;2;206;189;148m██[38;2;206;189;148m██[38;2;65;65;65m██[38;2;206;132;82m██[38;2;0;0;0m██      
    [38;2;0;0;0m██[38;2;206;189;148m██[38;2;206;189;148m██[38;2;206;189;148m██[38;2;0;0;0m██[38;2;0;0;0m██[38;2;0;0;0m██[38;2;156;82;58m██[38;2;65;65;65m██[38;2;65;65;65m██[38;2;65;65;65m██[38;2;173;173;173m██[38;2;255;255;255m██[38;2;173;173;173m██[38;2;65;65;65m██[38;2;65;65;65m██[38;2;206;132;82m██[38;2;206;132;82m██[38;2;206;132;82m██[38;2;0;0;0m██    
      [38;2;0;0;0m██[38;2;206;189;148m██[38;2;206;189;148m██[38;2;0;0;0m██  [38;2;0;0;0m██[38;2;156;82;58m██[38;2;247;247;189m██[38;2;247;247;189m██[38;2;156;82;58m██[38;2;255;255;255m██[38;2;0;0;0m██[38;2;255;255;255m██[38;2;156;82;58m██[38;2;65;65;65m██[38;2;206;132;82m██[38;2;206;132;82m██[38;2;206;132;82m██[38;2;0;0;0m██    
      [38;2;0;0;0m██[38;2;65;65;65m██[38;2;65;65;65m██[38;2;0;0;0m██  [38;2;65;65;65m██[38;2;247;247;189m██[38;2;247;247;189m██[38;2;247;247;189m██[38;2;206;132;82m██[38;2;255;255;255m██[38;2;255;255;255m██[38;2;255;255;255m██[38;2;206;132;82m██[38;2;0;0;0m██[38;2;156;82;58m██[38;2;206;132;82m██[38;2;206;132;82m██[38;2;0;0;0m██    
      [38;2;0;0;0m██[38;2;247;247;189m██[38;2;165;140;115m██[38;2;165;140;115m██[38;2;0;0;0m██[38;2;0;0;0m██[38;2;247;247;189m██[38;2;247;247;189m██[38;2;247;247;189m██[38;2;247;247;189m██[38;2;206;132;82m██[38;2;255;255;255m██[38;2;206;132;82m██[38;2;0;0;0m██  [38;2;0;0;0m██[38;2;0;0;0m██[38;2;0;0;0m██      
        [38;2;0;0;0m██[38;2;206;189;148m██[38;2;247;247;189m██[38;2;206;132;82m██[38;2;206;132;82m██[38;2;65;65;65m██[38;2;247;247;189m██[38;2;206;189;148m██[38;2;247;247;189m██[38;2;247;247;189m██[38;2;65;65;65m██[38;2;65;65;65m██[38;2;206;132;82m██[38;2;0;0;0m██            
        [38;2;0;0;0m██[38;2;247;247;189m██[38;2;65;65;65m██[38;2;0;0;0m██[38;2;206;132;82m██[38;2;247;247;189m██[38;2;65;65;65m██[38;2;214;99;123m██[38;2;214;99;123m██[38;2;65;65;65m██[38;2;206;132;82m██[38;2;206;132;82m██[38;2;156;82;58m██[38;2;247;247;189m██[38;2;0;0;0m██[38;2;0;0;0m██  [38;2;0;0;0m██[38;2;0;0;0m██  
      [38;2;0;0;0m██[38;2;206;189;148m██[38;2;65;65;65m██[38;2;0;0;0m██  [38;2;0;0;0m██[38;2;0;0;0m██[38;2;65;65;65m██[38;2;165;140;115m██[38;2;0;0;0m██[38;2;0;0;0m██[38;2;156;82;58m██[38;2;156;82;58m██[38;2;247;247;189m██[38;2;247;247;189m██[38;2;247;247;189m██[38;2;206;132;82m██[38;2;0;0;0m██[38;2;206;189;148m██[38;2;247;247;189m██[38;2;0;0;0m██
      [38;2;0;0;0m██[38;2;165;140;115m██[38;2;206;189;148m██[38;2;65;65;65m██[38;2;0;0;0m██[38;2;0;0;0m██[38;2;165;140;115m██[38;2;165;140;115m██[38;2;0;0;0m██  [38;2;0;0;0m██[38;2;247;247;189m██[38;2;247;247;189m██[38;2;247;247;189m██[38;2;65;65;65m██[38;2;65;65;65m██[38;2;206;132;82m██[38;2;206;132;82m██[38;2;247;247;189m██[38;2;65;65;65m██[38;2;0;0;0m██
        [38;2;0;0;0m██[38;2;165;140;115m██[38;2;206;189;148m██[38;2;206;189;148m██[38;2;206;189;148m██[38;2;0;0;0m██[38;2;0;0;0m██  [38;2;0;0;0m██[38;2;0;0;0m██[38;2;65;65;65m██[38;2;247;247;189m██[38;2;247;247;189m██[38;2;247;247;189m██[38;2;65;65;65m██[38;2;65;65;65m██[38;2;0;0;0m██[38;2;0;0;0m██[38;2;0;0;0m██  
          [38;2;0;0;0m██[38;2;0;0;0m██[38;2;0;0;0m██[38;2;0;0;0m██    [38;2;0;0;0m██[38;2;165;140;115m██[38;2;165;140;115m██[38;2;156;82;58m██[38;2;0;0;0m██[38;2;0;0;0m██[38;2;206;189;148m██[38;2;206;189;148m██[38;2;0;0;0m██        
                        [38;2;0;0;0m██[38;2;0;0;0m██[38;2;0;0;0m██    [38;2;0;0;0m██[38;2;156;82;58m██[38;2;156;82;58m██[38;2;0;0;0m██      
                                [38;2;0;0;0m██[38;2;247;247;189m██[38;2;165;140;115m██[38;2;247;247;189m██[38;2;0;0;0m██      
                                  [38;2;0;0;0m██[38;2;0;0;0m██[38;2;0;0;0m██        
