              [38;2;0;0;0m██[38;2;0;0;0m██            
            [38;2;0;0;0m██[38;2;255;222;140m██[38;2;255;222;140m██[38;2;0;0;0m██          
          [38;2;0;0;0m██[38;2;247;132;74m██[38;2;255;222;140m██[38;2;255;222;140m██[38;2;0;0;0m██          
        [38;2;0;0;0m██[38;2;247;132;74m██[38;2;247;132;74m██[38;2;247;132;74m██[38;2;255;222;140m██[38;2;255;222;140m██[38;2;0;0;0m██        
        [38;2;0;0;0m██[38;2;247;132;74m██[38;2;65;65;65m██[38;2;247;132;74m██[38;2;255;222;140m██[38;2;255;222;140m██[38;2;0;0;0m██        
      [38;2;0;0;0m██[38;2;247;132;74m██[38;2;65;65;65m██[38;2;65;65;65m██[38;2;65;65;65m██[38;2;247;132;74m██[38;2;255;222;140m██[38;2;255;222;140m██[38;2;0;0;0m██      
      [38;2;0;0;0m██[38;2;247;132;74m██[38;2;65;65;65m██[38;2;65;65;65m██[38;2;65;65;65m██[38;2;247;132;74m██[38;2;255;222;140m██[38;2;255;222;140m██[38;2;0;0;0m██      
    [38;2;0;0;0m██[38;2;247;132;74m██[38;2;65;65;65m██[38;2;65;65;65m██[38;2;65;65;65m██[38;2;65;65;65m██[38;2;65;65;65m██[38;2;247;132;74m██[38;2;255;222;140m██[38;2;255;222;140m██[38;2;0;0;0m██    
  [38;2;0;0;0m██[38;2;247;132;74m██[38;2;65;65;65m██[38;2;107;189;255m██[38;2;65;65;65m██[38;2;65;65;65m██[38;2;65;65;65m██[38;2;65;65;65m██[38;2;247;132;74m██[38;2;255;222;140m██[38;2;255;222;140m██[38;2;0;0;0m██    
  [38;2;0;0;0m██[38;2;247;132;74m██[38;2;65;65;65m██[38;2;65;65;65m██[38;2;65;65;65m██[38;2;65;65;65m██[38;2;65;65;65m██[38;2;107;189;255m██[38;2;65;65;65m██[38;2;247;132;74m██[38;2;255;222;140m██[38;2;255;222;140m██[38;2;0;0;0m██  
[38;2;0;0;0m██[38;2;230;189;107m██[38;2;247;132;74m██[38;2;65;65;65m██[38;2;255;255;255m██[38;2;189;189;181m██[38;2;255;255;255m██[38;2;65;65;65m██[38;2;65;65;65m██[38;2;65;65;65m██[38;2;247;132;74m██[38;2;255;222;140m██[38;2;255;222;140m██[38;2;0;0;0m██  
[38;2;0;0;0m██[38;2;230;189;107m██[38;2;247;132;74m██[38;2;65;65;65m██[38;2;65;65;65m██[38;2;65;65;65m██[38;2;255;255;255m██[38;2;189;189;181m██[38;2;255;255;255m██[38;2;65;65;65m██[38;2;247;132;74m██[38;2;255;222;140m██[38;2;255;222;140m██[38;2;255;222;140m██[38;2;0;0;0m██
[38;2;0;0;0m██[38;2;230;189;107m██[38;2;230;189;107m██[38;2;65;65;65m██[38;2;123;123;123m██[38;2;65;65;65m██[38;2;65;65;65m██[38;2;65;65;65m██[38;2;65;65;65m██[38;2;247;132;74m██[38;2;255;222;140m██[38;2;255;222;140m██[38;2;197;132;66m██[38;2;255;222;140m██[38;2;0;0;0m██
  [38;2;0;0;0m██[38;2;230;189;107m██[38;2;65;65;65m██[38;2;65;65;65m██[38;2;65;65;65m██[38;2;123;123;123m██[38;2;65;65;65m██[38;2;255;222;140m██[38;2;255;222;140m██[38;2;255;222;140m██[38;2;255;222;140m██[38;2;197;132;66m██[38;2;255;222;140m██[38;2;0;0;0m██
    [38;2;0;0;0m██[38;2;230;189;107m██[38;2;247;132;74m██[38;2;65;65;65m██[38;2;65;65;65m██[38;2;65;65;65m██[38;2;255;222;140m██[38;2;197;132;66m██[38;2;255;222;140m██[38;2;255;222;140m██[38;2;197;132;66m██[38;2;0;0;0m██  
      [38;2;0;0;0m██[38;2;65;65;65m██[38;2;65;65;65m██[38;2;247;132;74m██[38;2;255;222;140m██[38;2;255;222;140m██[38;2;197;132;66m██[38;2;255;222;140m██[38;2;0;0;0m██[38;2;0;0;0m██    
      [38;2;0;0;0m██[38;2;123;123;123m██[38;2;123;123;123m██[38;2;0;0;0m██[38;2;0;0;0m██[38;2;0;0;0m██[38;2;65;65;65m██[38;2;65;65;65m██[38;2;0;0;0m██      
        [38;2;0;0;0m██[38;2;0;0;0m██    [38;2;0;0;0m██[38;2;123;123;123m██[38;2;123;123;123m██[38;2;0;0;0m██      
                  [38;2;0;0;0m██[38;2;0;0;0m██        
