        [38;2;0;0;0m██[38;2;0;0;0m██[38;2;0;0;0m██[38;2;0;0;0m██[38;2;0;0;0m██[38;2;0;0;0m██          
    [38;2;0;0;0m██[38;2;0;0;0m██[38;2;99;189;123m██[38;2;99;189;123m██[38;2;99;189;123m██[38;2;99;189;123m██[38;2;99;189;123m██[38;2;99;189;123m██[38;2;0;0;0m██[38;2;0;0;0m██      
  [38;2;0;0;0m██[38;2;99;189;123m██[38;2;99;189;123m██[38;2;255;255;255m██[38;2;255;255;255m██[38;2;115;173;115m██[38;2;90;123;107m██[38;2;99;189;123m██[38;2;99;189;123m██[38;2;99;189;123m██[38;2;99;189;123m██[38;2;0;0;0m██    
  [38;2;0;0;0m██[38;2;99;189;123m██[38;2;115;173;115m██[38;2;255;255;255m██[38;2;255;255;255m██[38;2;189;239;165m██[38;2;140;214;107m██[38;2;90;123;107m██[38;2;90;123;107m██[38;2;247;247;173m██[38;2;99;189;123m██[38;2;99;189;123m██[38;2;0;0;0m██  
[38;2;0;0;0m██[38;2;99;189;123m██[38;2;90;123;107m██[38;2;189;239;165m██[38;2;189;239;165m██[38;2;189;239;165m██[38;2;189;239;165m██[38;2;140;214;107m██[38;2;189;239;165m██[38;2;189;165;90m██[38;2;247;247;173m██[38;2;214;214;107m██[38;2;99;189;123m██[38;2;0;0;0m██  
[38;2;0;0;0m██[38;2;99;189;123m██[38;2;90;123;107m██[38;2;189;239;165m██[38;2;65;65;65m██[38;2;189;239;165m██[38;2;189;239;165m██[38;2;189;239;165m██[38;2;189;239;165m██[38;2;189;165;90m██[38;2;214;214;107m██[38;2;214;214;107m██[38;2;99;189;123m██[38;2;99;189;123m██[38;2;0;0;0m██
[38;2;0;0;0m██[38;2;99;189;123m██[38;2;90;123;107m██[38;2;189;239;165m██[38;2;0;0;0m██[38;2;189;239;165m██[38;2;189;239;165m██[38;2;189;239;165m██[38;2;189;239;165m██[38;2;189;239;165m██[38;2;189;165;90m██[38;2;189;165;90m██[38;2;90;123;107m██[38;2;99;189;123m██[38;2;0;0;0m██
[38;2;0;0;0m██[38;2;99;189;123m██[38;2;99;148;115m██[38;2;189;239;165m██[38;2;189;239;165m██[38;2;189;239;165m██[38;2;255;148;140m██[38;2;189;239;165m██[38;2;189;239;165m██[38;2;65;65;65m██[38;2;189;239;165m██[38;2;140;214;107m██[38;2;90;123;107m██[38;2;99;189;123m██[38;2;0;0;0m██
[38;2;0;0;0m██[38;2;99;189;123m██[38;2;99;148;115m██[38;2;140;214;107m██[38;2;189;239;165m██[38;2;189;239;165m██[38;2;255;148;140m██[38;2;255;148;140m██[38;2;189;239;165m██[38;2;0;0;0m██[38;2;189;239;165m██[38;2;140;214;107m██[38;2;99;148;115m██[38;2;99;189;123m██[38;2;0;0;0m██
  [38;2;0;0;0m██[38;2;99;189;123m██[38;2;99;148;115m██[38;2;140;214;107m██[38;2;140;214;107m██[38;2;214;115;115m██[38;2;140;214;107m██[38;2;189;239;165m██[38;2;189;239;165m██[38;2;140;214;107m██[38;2;140;214;107m██[38;2;99;148;115m██[38;2;99;189;123m██[38;2;0;0;0m██
  [38;2;0;0;0m██[38;2;99;189;123m██[38;2;99;189;123m██[38;2;99;148;115m██[38;2;99;148;115m██[38;2;99;148;115m██[38;2;140;214;107m██[38;2;140;214;107m██[38;2;140;214;107m██[38;2;140;214;107m██[38;2;99;148;115m██[38;2;99;189;123m██[38;2;0;0;0m██  
    [38;2;0;0;0m██[38;2;99;189;123m██[38;2;99;189;123m██[38;2;99;189;123m██[38;2;99;189;123m██[38;2;99;148;115m██[38;2;99;148;115m██[38;2;99;148;115m██[38;2;99;148;115m██[38;2;99;189;123m██[38;2;99;189;123m██[38;2;0;0;0m██  
      [38;2;0;0;0m██[38;2;0;0;0m██[38;2;99;189;123m██[38;2;99;189;123m██[38;2;99;189;123m██[38;2;99;189;123m██[38;2;99;189;123m██[38;2;99;189;123m██[38;2;0;0;0m██[38;2;0;0;0m██    
          [38;2;0;0;0m██[38;2;0;0;0m██[38;2;0;0;0m██[38;2;0;0;0m██[38;2;0;0;0m██[38;2;0;0;0m██        
