            [38;2;0;0;0m██[38;2;0;0;0m██                              
        [38;2;0;0;0m██[38;2;0;0;0m██[38;2;99;90;82m██[38;2;99;90;82m██[38;2;0;0;0m██                            
      [38;2;0;0;0m██[38;2;99;90;82m██[38;2;99;90;82m██[38;2;99;90;82m██[38;2;99;90;82m██[38;2;0;0;0m██                            
    [38;2;0;0;0m██[38;2;214;99;66m██[38;2;214;99;66m██[38;2;156;90;74m██[38;2;99;90;82m██[38;2;99;90;82m██[38;2;99;90;82m██[38;2;0;0;0m██                          
  [38;2;0;0;0m██[38;2;214;99;66m██[38;2;214;99;66m██[38;2;156;90;74m██[38;2;99;90;82m██[38;2;99;90;82m██[38;2;99;90;82m██[38;2;99;90;82m██[38;2;0;0;0m██  [38;2;0;0;0m██[38;2;0;0;0m██                    
  [38;2;0;0;0m██[38;2;214;99;66m██[38;2;214;99;66m██[38;2;214;99;66m██[38;2;65;65;65m██[38;2;65;65;65m██[38;2;65;65;65m██[38;2;99;90;82m██[38;2;0;0;0m██[38;2;0;0;0m██[38;2;148;132;115m██[38;2;0;0;0m██            [38;2;0;0;0m██[38;2;0;0;0m██    
[38;2;0;0;0m██[38;2;214;99;66m██[38;2;214;99;66m██[38;2;65;65;65m██[38;2;65;65;65m██[38;2;255;255;255m██[38;2;255;255;255m██[38;2;148;132;115m██[38;2;65;65;65m██[38;2;65;65;65m██[38;2;148;132;115m██[38;2;123;107;90m██[38;2;0;0;0m██      [38;2;0;0;0m██[38;2;0;0;0m██[38;2;0;0;0m██[38;2;99;90;82m██[38;2;0;0;0m██    
[38;2;0;0;0m██[38;2;214;99;66m██[38;2;65;65;65m██[38;2;255;255;255m██[38;2;255;255;255m██[38;2;255;255;255m██[38;2;173;165;156m██[38;2;148;132;115m██[38;2;148;132;115m██[38;2;148;132;115m██[38;2;123;107;90m██[38;2;0;0;0m██    [38;2;0;0;0m██[38;2;0;0;0m██[38;2;99;90;82m██[38;2;65;65;65m██[38;2;99;90;82m██[38;2;99;90;82m██[38;2;0;0;0m██[38;2;0;0;0m██  
[38;2;0;0;0m██[38;2;0;0;0m██[38;2;148;132;115m██[38;2;148;132;115m██[38;2;255;255;255m██[38;2;173;165;156m██[38;2;148;132;115m██[38;2;148;132;115m██[38;2;123;107;90m██[38;2;123;107;90m██[38;2;214;214;214m██[38;2;0;0;0m██  [38;2;0;0;0m██[38;2;99;90;82m██[38;2;65;65;65m██[38;2;99;90;82m██[38;2;65;65;65m██[38;2;99;90;82m██[38;2;65;65;65m██[38;2;99;90;82m██[38;2;0;0;0m██  
    [38;2;0;0;0m██[38;2;173;165;156m██[38;2;148;132;115m██[38;2;148;132;115m██[38;2;0;0;0m██[38;2;123;107;90m██[38;2;214;214;214m██[38;2;214;214;214m██[38;2;99;90;82m██[38;2;0;0;0m██  [38;2;0;0;0m██[38;2;99;90;82m██[38;2;65;65;65m██[38;2;65;65;65m██[38;2;123;107;90m██[38;2;65;65;65m██[38;2;99;90;82m██[38;2;99;90;82m██[38;2;0;0;0m██  
    [38;2;0;0;0m██[38;2;197;123;49m██[38;2;247;173;49m██[38;2;255;255;255m██[38;2;214;99;66m██[38;2;255;255;255m██[38;2;173;165;156m██[38;2;99;90;82m██[38;2;99;90;82m██[38;2;99;90;82m██[38;2;0;0;0m██[38;2;0;0;0m██[38;2;65;65;65m██[38;2;123;107;90m██[38;2;65;65;65m██[38;2;123;107;90m██[38;2;65;65;65m██[38;2;99;90;82m██[38;2;65;65;65m██[38;2;99;90;82m██[38;2;0;0;0m██
  [38;2;0;0;0m██[38;2;65;65;65m██[38;2;247;173;49m██[38;2;247;173;49m██[38;2;247;173;49m██[38;2;173;165;156m██[38;2;173;165;156m██[38;2;255;255;255m██[38;2;99;90;82m██[38;2;99;90;82m██[38;2;99;90;82m██[38;2;99;90;82m██[38;2;65;65;65m██[38;2;65;65;65m██[38;2;65;65;65m██[38;2;123;107;90m██[38;2;65;65;65m██[38;2;123;107;90m██[38;2;65;65;65m██[38;2;99;90;82m██[38;2;99;90;82m██[38;2;0;0;0m██
[38;2;0;0;0m██[38;2;65;65;65m██[38;2;65;65;65m██[38;2;65;65;65m██[38;2;197;123;49m██[38;2;197;123;49m██[38;2;255;255;255m██[38;2;255;255;255m██[38;2;99;90;82m██[38;2;99;90;82m██[38;2;99;90;82m██[38;2;99;90;82m██[38;2;65;65;65m██[38;2;148;132;115m██[38;2;148;132;115m██[38;2;65;65;65m██[38;2;123;107;90m██[38;2;65;65;65m██[38;2;65;65;65m██[38;2;123;107;90m██[38;2;99;90;82m██[38;2;0;0;0m██  
  [38;2;0;0;0m██[38;2;0;0;0m██[38;2;173;165;156m██[38;2;255;255;255m██[38;2;255;255;255m██[38;2;255;255;255m██[38;2;255;255;255m██[38;2;173;165;156m██[38;2;99;90;82m██[38;2;99;90;82m██[38;2;99;90;82m██[38;2;65;65;65m██[38;2;148;132;115m██[38;2;148;132;115m██[38;2;148;132;115m██[38;2;65;65;65m██[38;2;148;132;115m██[38;2;65;65;65m██[38;2;123;107;90m██[38;2;0;0;0m██    
    [38;2;0;0;0m██[38;2;65;65;65m██[38;2;255;255;255m██[38;2;255;255;255m██[38;2;99;90;82m██[38;2;255;255;255m██[38;2;255;255;255m██[38;2;99;90;82m██[38;2;65;65;65m██[38;2;65;65;65m██[38;2;65;65;65m██[38;2;148;132;115m██[38;2;148;132;115m██[38;2;148;132;115m██[38;2;65;65;65m██[38;2;148;132;115m██[38;2;0;0;0m██[38;2;0;0;0m██      
      [38;2;0;0;0m██[38;2;255;255;255m██[38;2;173;165;156m██[38;2;99;90;82m██[38;2;99;90;82m██[38;2;255;255;255m██[38;2;99;90;82m██[38;2;65;65;65m██[38;2;148;132;115m██[38;2;148;132;115m██[38;2;148;132;115m██[38;2;148;132;115m██[38;2;148;132;115m██[38;2;148;132;115m██[38;2;148;132;115m██[38;2;0;0;0m██        
    [38;2;0;0;0m██[38;2;65;65;65m██[38;2;255;255;255m██[38;2;99;90;82m██[38;2;99;90;82m██[38;2;65;65;65m██[38;2;99;90;82m██[38;2;99;90;82m██[38;2;65;65;65m██[38;2;148;132;115m██[38;2;148;132;115m██[38;2;148;132;115m██[38;2;148;132;115m██[38;2;148;132;115m██[38;2;148;132;115m██[38;2;0;0;0m██          
    [38;2;0;0;0m██[38;2;65;65;65m██[38;2;99;90;82m██[38;2;99;90;82m██[38;2;65;65;65m██[38;2;148;132;115m██[38;2;65;65;65m██[38;2;65;65;65m██[38;2;99;90;82m██[38;2;65;65;65m██[38;2;148;132;115m██[38;2;148;132;115m██[38;2;148;132;115m██[38;2;148;132;115m██[38;2;148;132;115m██[38;2;0;0;0m██          
      [38;2;0;0;0m██[38;2;65;65;65m██[38;2;65;65;65m██[38;2;148;132;115m██[38;2;148;132;115m██[38;2;148;132;115m██[38;2;148;132;115m██[38;2;65;65;65m██[38;2;65;65;65m██[38;2;123;107;90m██[38;2;148;132;115m██[38;2;148;132;115m██[38;2;148;132;115m██[38;2;0;0;0m██            
      [38;2;0;0;0m██[38;2;0;0;0m██[38;2;123;107;90m██[38;2;148;132;115m██[38;2;148;132;115m██[38;2;148;132;115m██[38;2;148;132;115m██[38;2;148;132;115m██[38;2;148;132;115m██[38;2;148;132;115m██[38;2;65;65;65m██[38;2;0;0;0m██[38;2;0;0;0m██              
    [38;2;0;0;0m██[38;2;247;173;49m██[38;2;197;123;49m██[38;2;0;0;0m██[38;2;0;0;0m██[38;2;123;107;90m██[38;2;123;107;90m██[38;2;148;132;115m██[38;2;123;107;90m██[38;2;148;132;115m██[38;2;123;107;90m██[38;2;0;0;0m██                  
      [38;2;0;0;0m██[38;2;0;0;0m██[38;2;0;0;0m██  [38;2;0;0;0m██[38;2;197;123;49m██[38;2;65;65;65m██[38;2;65;65;65m██[38;2;148;132;115m██[38;2;0;0;0m██                    
            [38;2;0;0;0m██[38;2;247;173;49m██[38;2;65;65;65m██[38;2;197;123;49m██[38;2;197;123;49m██[38;2;0;0;0m██                      
            [38;2;0;0;0m██[38;2;0;0;0m██[38;2;65;65;65m██[38;2;247;173;49m██[38;2;0;0;0m██                        
                [38;2;0;0;0m██[38;2;0;0;0m██                          
