              [38;2;0;0;0m██[38;2;0;0;0m██                  
            [38;2;0;0;0m██[38;2;172;213;115m██[38;2;172;213;115m██[38;2;0;0;0m██                
            [38;2;0;0;0m██[38;2;172;213;115m██[38;2;172;213;115m██[38;2;172;213;115m██[38;2;0;0;0m██              
              [38;2;0;0;0m██[38;2;172;213;115m██[38;2;172;213;115m██[38;2;0;0;0m██              
      [38;2;0;0;0m██[38;2;0;0;0m██[38;2;0;0;0m██  [38;2;0;0;0m██[38;2;172;213;115m██[38;2;106;164;65m██[38;2;0;0;0m██              
    [38;2;0;0;0m██[38;2;172;213;115m██[38;2;255;246;0m██[38;2;255;246;0m██[38;2;0;0;0m██[38;2;0;0;0m██[38;2;106;164;65m██[38;2;0;0;0m██  [38;2;0;0;0m██[38;2;0;0;0m██[38;2;0;0;0m██        
  [38;2;0;0;0m██[38;2;255;246;0m██[38;2;172;213;115m██[38;2;172;213;115m██[38;2;172;213;115m██[38;2;106;164;65m██[38;2;65;65;65m██[38;2;106;164;65m██[38;2;0;0;0m██[38;2;0;0;0m██[38;2;172;213;115m██[38;2;172;213;115m██[38;2;172;213;115m██[38;2;0;0;0m██      
[38;2;0;0;0m██[38;2;172;213;115m██[38;2;172;213;115m██[38;2;65;65;65m██[38;2;65;65;65m██[38;2;65;65;65m██[38;2;172;213;115m██[38;2;172;213;115m██[38;2;172;213;115m██[38;2;65;65;65m██[38;2;172;213;115m██[38;2;172;213;115m██[38;2;172;213;115m██[38;2;172;213;115m██[38;2;172;213;115m██[38;2;0;0;0m██    
[38;2;0;0;0m██[38;2;172;213;115m██[38;2;65;65;65m██[38;2;106;164;65m██[38;2;65;65;65m██[38;2;172;213;115m██[38;2;172;213;115m██[38;2;172;213;115m██[38;2;65;65;65m██[38;2;255;238;238m██[38;2;65;65;65m██[38;2;172;213;115m██[38;2;172;213;115m██[38;2;172;213;115m██[38;2;172;213;115m██[38;2;172;213;115m██[38;2;0;0;0m██  
[38;2;0;0;0m██[38;2;65;65;65m██[38;2;106;164;65m██[38;2;65;65;65m██[38;2;172;57;106m██[38;2;65;65;65m██[38;2;65;65;65m██[38;2;65;65;65m██[38;2;189;172;197m██[38;2;189;172;197m██[38;2;255;238;238m██[38;2;65;65;65m██[38;2;172;213;115m██[38;2;172;213;115m██[38;2;172;213;115m██[38;2;172;213;115m██[38;2;0;0;0m██  
[38;2;0;0;0m██[38;2;65;65;65m██[38;2;106;164;65m██[38;2;0;0;0m██[38;2;222;106;156m██[38;2;255;238;238m██[38;2;255;238;238m██[38;2;255;238;238m██[38;2;172;57;106m██[38;2;255;238;238m██[38;2;222;106;156m██[38;2;255;238;238m██[38;2;65;65;65m██[38;2;172;213;115m██[38;2;172;213;115m██[38;2;172;213;115m██[38;2;106;164;65m██[38;2;0;0;0m██
  [38;2;0;0;0m██[38;2;0;0;0m██  [38;2;0;0;0m██[38;2;255;238;238m██[38;2;255;238;238m██[38;2;172;57;106m██[38;2;222;106;156m██[38;2;255;238;238m██[38;2;189;172;197m██[38;2;255;238;238m██[38;2;0;0;0m██[38;2;172;213;115m██[38;2;172;213;115m██[38;2;172;213;115m██[38;2;106;164;65m██[38;2;0;0;0m██
          [38;2;0;0;0m██[38;2;255;238;238m██[38;2;255;238;238m██[38;2;255;238;238m██[38;2;189;172;197m██[38;2;255;238;238m██[38;2;0;0;0m██  [38;2;0;0;0m██[38;2;172;213;115m██[38;2;106;164;65m██[38;2;106;164;65m██[38;2;0;0;0m██
      [38;2;0;0;0m██[38;2;0;0;0m██[38;2;189;172;197m██[38;2;65;65;65m██[38;2;172;57;106m██[38;2;172;57;106m██[38;2;0;0;0m██[38;2;0;0;0m██    [38;2;0;0;0m██[38;2;106;164;65m██[38;2;106;164;65m██[38;2;106;164;65m██[38;2;0;0;0m██
    [38;2;0;0;0m██[38;2;189;172;197m██[38;2;189;172;197m██[38;2;65;65;65m██[38;2;222;106;156m██[38;2;222;106;156m██[38;2;65;65;65m██[38;2;255;238;238m██[38;2;0;0;0m██      [38;2;0;0;0m██[38;2;106;164;65m██[38;2;0;0;0m██  
      [38;2;0;0;0m██[38;2;65;65;65m██[38;2;172;57;106m██[38;2;222;106;156m██[38;2;222;106;156m██[38;2;222;106;156m██[38;2;65;65;65m██[38;2;255;238;238m██[38;2;0;0;0m██[38;2;0;0;0m██    [38;2;106;164;65m██[38;2;0;0;0m██  
      [38;2;0;0;0m██[38;2;255;238;238m██[38;2;189;172;197m██[38;2;172;57;106m██[38;2;172;57;106m██[38;2;172;57;106m██[38;2;255;238;238m██[38;2;65;65;65m██[38;2;255;238;238m██[38;2;255;238;238m██[38;2;0;0;0m██  [38;2;0;0;0m██    
      [38;2;0;0;0m██[38;2;255;238;238m██[38;2;189;172;197m██[38;2;255;238;238m██[38;2;255;238;238m██[38;2;189;172;197m██[38;2;255;238;238m██[38;2;255;238;238m██[38;2;65;65;65m██[38;2;0;0;0m██          
        [38;2;0;0;0m██[38;2;189;172;197m██[38;2;255;238;238m██[38;2;255;238;238m██[38;2;189;172;197m██[38;2;255;238;238m██[38;2;189;172;197m██[38;2;0;0;0m██            
          [38;2;0;0;0m██[38;2;65;65;65m██[38;2;172;57;106m██[38;2;172;57;106m██[38;2;65;65;65m██[38;2;0;0;0m██              
            [38;2;0;0;0m██[38;2;172;57;106m██[38;2;222;106;156m██[38;2;0;0;0m██                
            [38;2;0;0;0m██[38;2;65;65;65m██[38;2;222;106;156m██[38;2;0;0;0m██                
              [38;2;0;0;0m██[38;2;0;0;0m██                  
