                                        [38;2;0;0;0m██[38;2;0;0;0m██[38;2;0;0;0m██[38;2;0;0;0m██    
                                    [38;2;0;0;0m██[38;2;0;0;0m██[38;2;255;239;197m██[38;2;189;189;165m██[38;2;123;107;173m██[38;2;0;0;0m██    
                                  [38;2;0;0;0m██[38;2;189;189;165m██[38;2;255;239;197m██[38;2;189;189;165m██[38;2;123;107;173m██[38;2;0;0;0m██      
                            [38;2;0;0;0m██    [38;2;0;0;0m██[38;2;255;239;197m██[38;2;123;107;173m██[38;2;123;107;173m██[38;2;65;65;65m██[38;2;0;0;0m██[38;2;0;0;0m██    
                          [38;2;0;0;0m██[38;2;255;239;197m██[38;2;0;0;0m██[38;2;0;0;0m██[38;2;255;239;197m██[38;2;255;239;197m██[38;2;189;189;165m██[38;2;123;107;173m██[38;2;123;107;173m██[38;2;123;107;173m██[38;2;123;107;173m██[38;2;0;0;0m██  
                          [38;2;0;0;0m██[38;2;255;239;197m██[38;2;189;189;165m██[38;2;65;65;65m██[38;2;255;239;197m██[38;2;189;189;165m██[38;2;123;107;173m██[38;2;65;65;65m██[38;2;65;65;65m██[38;2;65;65;65m██[38;2;123;107;173m██[38;2;123;107;173m██[38;2;0;0;0m██
          [38;2;0;0;0m██          [38;2;0;0;0m██[38;2;0;0;0m██[38;2;255;239;197m██[38;2;255;239;197m██[38;2;189;189;165m██[38;2;255;239;197m██[38;2;255;239;197m██[38;2;123;107;173m██[38;2;123;107;173m██[38;2;123;107;173m██[38;2;123;107;173m██[38;2;65;65;65m██[38;2;65;65;65m██[38;2;0;0;0m██  
        [38;2;0;0;0m██[38;2;189;189;165m██[38;2;0;0;0m██[38;2;0;0;0m██[38;2;0;0;0m██[38;2;0;0;0m██[38;2;0;0;0m██[38;2;65;65;65m██[38;2;255;239;197m██[38;2;65;65;65m██[38;2;255;239;197m██[38;2;255;239;197m██[38;2;255;239;197m██[38;2;189;189;165m██[38;2;123;107;173m██[38;2;123;107;173m██[38;2;123;107;173m██[38;2;123;107;173m██[38;2;123;107;173m██[38;2;0;0;0m██    
        [38;2;0;0;0m██[38;2;189;189;165m██[38;2;132;132;107m██[38;2;255;239;197m██[38;2;255;239;197m██[38;2;189;189;165m██[38;2;65;65;65m██[38;2;255;239;197m██[38;2;107;82;148m██[38;2;65;65;65m██[38;2;255;239;197m██[38;2;255;239;197m██[38;2;255;239;197m██[38;2;255;239;197m██[38;2;189;189;165m██[38;2;123;107;173m██[38;2;65;65;65m██[38;2;65;65;65m██[38;2;123;107;173m██[38;2;123;107;173m██[38;2;0;0;0m██  
        [38;2;0;0;0m██[38;2;132;132;107m██[38;2;255;239;197m██[38;2;255;239;197m██[38;2;255;239;197m██[38;2;255;239;197m██[38;2;255;239;197m██[38;2;107;82;148m██[38;2;239;140;58m██[38;2;65;65;65m██[38;2;255;239;197m██[38;2;255;239;197m██[38;2;189;189;165m██[38;2;123;107;173m██[38;2;123;107;173m██[38;2;123;107;173m██[38;2;123;107;173m██[38;2;123;107;173m██[38;2;65;65;65m██[38;2;0;0;0m██    
        [38;2;0;0;0m██[38;2;255;239;197m██[38;2;255;239;197m██[38;2;255;239;197m██[38;2;255;239;197m██[38;2;132;132;107m██[38;2;132;132;107m██[38;2;107;82;148m██[38;2;239;140;58m██[38;2;65;65;65m██[38;2;123;107;173m██[38;2;123;107;173m██[38;2;123;107;173m██[38;2;123;107;173m██[38;2;123;107;173m██[38;2;65;65;65m██[38;2;65;65;65m██[38;2;123;107;173m██[38;2;123;107;173m██[38;2;0;0;0m██    
      [38;2;0;0;0m██[38;2;239;140;58m██[38;2;255;239;197m██[38;2;255;239;197m██[38;2;255;239;197m██[38;2;132;132;107m██[38;2;255;255;255m██[38;2;255;255;255m██[38;2;239;140;58m██[38;2;123;107;173m██[38;2;65;65;65m██[38;2;123;107;173m██[38;2;123;107;173m██[38;2;123;107;173m██[38;2;123;107;173m██[38;2;123;107;173m██[38;2;123;107;173m██[38;2;123;107;173m██[38;2;65;65;65m██[38;2;0;0;0m██      
  [38;2;0;0;0m██[38;2;0;0;0m██[38;2;0;0;0m██[38;2;123;107;173m██[38;2;255;239;197m██[38;2;255;239;197m██[38;2;255;239;197m██[38;2;132;132;107m██[38;2;0;0;0m██[38;2;255;255;255m██[38;2;239;140;58m██[38;2;123;107;173m██[38;2;107;82;148m██[38;2;65;65;65m██[38;2;123;107;173m██[38;2;123;107;173m██[38;2;123;107;173m██[38;2;123;107;173m██[38;2;123;107;173m██[38;2;123;107;173m██[38;2;0;0;0m██        
[38;2;0;0;0m██[38;2;189;189;165m██[38;2;65;65;65m██[38;2;123;107;173m██[38;2;123;107;173m██[38;2;239;140;58m██[38;2;255;239;197m██[38;2;107;82;148m██[38;2;255;255;255m██[38;2;255;255;255m██[38;2;239;140;58m██[38;2;123;107;173m██[38;2;123;107;173m██[38;2;123;107;173m██[38;2;65;65;65m██[38;2;123;107;173m██[38;2;123;107;173m██[38;2;123;107;173m██[38;2;189;189;165m██[38;2;123;107;173m██[38;2;107;82;148m██[38;2;107;82;148m██[38;2;0;0;0m██      
  [38;2;0;0;0m██[38;2;65;65;65m██[38;2;123;107;173m██[38;2;123;107;173m██[38;2;65;65;65m██[38;2;123;107;173m██[38;2;123;107;173m██[38;2;123;107;173m██[38;2;123;107;173m██[38;2;123;107;173m██[38;2;123;107;173m██[38;2;123;107;173m██[38;2;123;107;173m██[38;2;65;65;65m██[38;2;123;107;173m██[38;2;123;107;173m██[38;2;189;189;165m██[38;2;0;0;0m██[38;2;0;0;0m██[38;2;107;82;148m██[38;2;107;82;148m██[38;2;0;0;0m██      
    [38;2;0;0;0m██[38;2;123;107;173m██[38;2;123;107;173m██[38;2;65;65;65m██[38;2;123;107;173m██[38;2;123;107;173m██[38;2;123;107;173m██[38;2;123;107;173m██[38;2;123;107;173m██[38;2;255;239;197m██[38;2;255;239;197m██[38;2;255;239;197m██[38;2;65;65;65m██[38;2;123;107;173m██[38;2;107;82;148m██[38;2;0;0;0m██  [38;2;0;0;0m██[38;2;107;82;148m██[38;2;107;82;148m██[38;2;0;0;0m██      
      [38;2;0;0;0m██[38;2;123;107;173m██[38;2;65;65;65m██[38;2;123;107;173m██[38;2;123;107;173m██[38;2;123;107;173m██[38;2;123;107;173m██[38;2;189;189;165m██[38;2;255;239;197m██[38;2;65;65;65m██[38;2;65;65;65m██[38;2;107;82;148m██[38;2;107;82;148m██[38;2;107;82;148m██[38;2;0;0;0m██    [38;2;0;0;0m██[38;2;0;0;0m██        
        [38;2;0;0;0m██[38;2;0;0;0m██[38;2;65;65;65m██[38;2;123;107;173m██[38;2;123;107;173m██[38;2;107;82;148m██[38;2;0;0;0m██[38;2;0;0;0m██[38;2;255;239;197m██[38;2;0;0;0m██[38;2;0;0;0m██[38;2;107;82;148m██[38;2;107;82;148m██[38;2;0;0;0m██                
            [38;2;0;0;0m██[38;2;0;0;0m██[38;2;0;0;0m██[38;2;0;0;0m██    [38;2;0;0;0m██[38;2;0;0;0m██  [38;2;0;0;0m██[38;2;0;0;0m██                  
