            [38;2;0;0;0m██[38;2;0;0;0m██                      
          [38;2;0;0;0m██[38;2;90;156;230m██[38;2;90;156;230m██[38;2;0;0;0m██    [38;2;0;0;0m██[38;2;0;0;0m██            
          [38;2;0;0;0m██[38;2;0;0;0m██[38;2;58;123;189m██[38;2;90;156;230m██[38;2;0;0;0m██[38;2;0;0;0m██[38;2;132;197;255m██[38;2;132;197;255m██[38;2;0;0;0m██          
              [38;2;0;0;0m██[38;2;90;156;230m██[38;2;65;65;65m██[38;2;132;197;255m██[38;2;0;0;0m██[38;2;0;0;0m██[38;2;0;0;0m██          
    [38;2;65;65;65m██[38;2;65;65;65m██[38;2;65;65;65m██      [38;2;0;0;0m██[38;2;132;197;255m██[38;2;0;0;0m██                
  [38;2;65;65;65m██[38;2;255;255;255m██[38;2;189;189;189m██[38;2;189;189;189m██[38;2;65;65;65m██  [38;2;0;0;0m██[38;2;0;0;0m██[38;2;90;156;230m██[38;2;65;65;65m██[38;2;0;0;0m██              
[38;2;65;65;65m██[38;2;255;255;255m██[38;2;189;189;189m██[38;2;189;189;189m██[38;2;255;255;255m██[38;2;255;255;255m██[38;2;0;0;0m██[38;2;132;197;255m██[38;2;132;197;255m██[38;2;132;197;255m██[38;2;132;197;255m██[38;2;132;197;255m██[38;2;0;0;0m██    [38;2;0;0;0m██[38;2;0;0;0m██    
[38;2;65;65;65m██[38;2;189;189;189m██[38;2;189;189;189m██[38;2;255;255;255m██[38;2;255;255;255m██[38;2;0;0;0m██[38;2;90;156;230m██[38;2;90;156;230m██[38;2;132;197;255m██[38;2;132;197;255m██[38;2;132;197;255m██[38;2;132;197;255m██[38;2;132;197;255m██[38;2;0;0;0m██[38;2;0;0;0m██[38;2;90;156;230m██[38;2;0;0;0m██    
  [38;2;65;65;65m██[38;2;189;189;189m██[38;2;132;132;115m██[38;2;189;189;189m██[38;2;0;0;0m██[38;2;222;239;255m██[38;2;222;239;255m██[38;2;90;156;230m██[38;2;255;255;255m██[38;2;132;197;255m██[38;2;132;197;255m██[38;2;132;197;255m██[38;2;65;65;65m██[38;2;90;156;230m██[38;2;0;0;0m██      
    [38;2;65;65;65m██[38;2;65;65;65m██[38;2;0;0;0m██[38;2;222;239;255m██[38;2;222;239;255m██[38;2;222;239;255m██[38;2;90;156;230m██[38;2;0;0;0m██[38;2;132;197;255m██[38;2;132;197;255m██[38;2;65;65;65m██[38;2;65;65;65m██[38;2;0;0;0m██        
        [38;2;0;0;0m██[38;2;222;239;255m██[38;2;132;132;115m██[38;2;132;132;115m██[38;2;222;239;255m██[38;2;90;156;230m██[38;2;132;197;255m██[38;2;65;65;65m██[38;2;255;255;255m██[38;2;255;255;255m██[38;2;65;65;65m██[38;2;65;65;65m██[38;2;65;65;65m██    
          [38;2;0;0;0m██[38;2;222;239;255m██[38;2;222;239;255m██[38;2;58;123;189m██[38;2;90;156;230m██[38;2;65;65;65m██[38;2;255;255;255m██[38;2;255;255;255m██[38;2;255;255;255m██[38;2;255;255;255m██[38;2;255;255;255m██[38;2;189;189;189m██[38;2;65;65;65m██  
            [38;2;0;0;0m██[38;2;0;0;0m██[38;2;90;156;230m██[38;2;90;156;230m██[38;2;65;65;65m██[38;2;189;189;189m██[38;2;255;255;255m██[38;2;189;189;189m██[38;2;255;255;255m██[38;2;255;255;255m██[38;2;255;255;255m██[38;2;189;189;189m██[38;2;65;65;65m██
                [38;2;0;0;0m██[38;2;0;0;0m██[38;2;0;0;0m██[38;2;65;65;65m██[38;2;65;65;65m██[38;2;255;255;255m██[38;2;255;255;255m██[38;2;255;255;255m██[38;2;189;189;189m██[38;2;189;189;189m██[38;2;65;65;65m██
                          [38;2;65;65;65m██[38;2;189;189;189m██[38;2;132;132;115m██[38;2;189;189;189m██[38;2;65;65;65m██  
                            [38;2;65;65;65m██[38;2;65;65;65m██[38;2;65;65;65m██    
