            [38;2;0;0;0m██[38;2;0;0;0m██                        
          [38;2;0;0;0m██[38;2;165;239;74m██[38;2;0;0;0m██  [38;2;0;0;0m██[38;2;0;0;0m██                  
          [38;2;0;0;0m██[38;2;165;239;74m██[38;2;0;0;0m██  [38;2;0;0;0m██[38;2;165;239;74m██[38;2;0;0;0m██                
          [38;2;0;0;0m██[38;2;165;239;74m██[38;2;165;239;74m██[38;2;0;0;0m██[38;2;165;239;74m██[38;2;165;239;74m██[38;2;0;0;0m██                
            [38;2;0;0;0m██[38;2;58;99;49m██[38;2;140;197;49m██[38;2;165;239;74m██[38;2;140;197;49m██[38;2;58;99;49m██[38;2;0;0;0m██              
          [38;2;0;0;0m██[38;2;140;197;49m██[38;2;165;239;74m██[38;2;132;173;58m██[38;2;58;99;49m██[38;2;58;99;49m██[38;2;165;239;74m██[38;2;165;239;74m██[38;2;0;0;0m██            
        [38;2;0;0;0m██[38;2;66;140;41m██[38;2;165;239;74m██[38;2;165;239;74m██[38;2;140;197;49m██[38;2;165;239;74m██[38;2;165;239;74m██[38;2;165;239;74m██[38;2;165;239;74m██[38;2;66;140;41m██[38;2;0;0;0m██          
        [38;2;0;0;0m██[38;2;66;140;41m██[38;2;66;140;41m██[38;2;132;173;58m██[38;2;165;239;74m██[38;2;165;239;74m██[38;2;165;239;74m██[38;2;165;239;74m██[38;2;66;140;41m██[38;2;66;140;41m██[38;2;0;0;0m██          
      [38;2;0;0;0m██[38;2;165;239;74m██[38;2;66;140;41m██[38;2;255;222;66m██[38;2;66;140;41m██[38;2;140;197;49m██[38;2;165;239;74m██[38;2;140;197;49m██[38;2;66;140;41m██[38;2;66;140;41m██[38;2;66;140;41m██[38;2;140;197;49m██[38;2;0;0;0m██        
  [38;2;0;0;0m██[38;2;0;0;0m██[38;2;65;65;65m██[38;2;165;239;74m██[38;2;0;0;0m██[38;2;0;0;0m██[38;2;255;222;66m██[38;2;255;222;66m██[38;2;255;222;66m██[38;2;255;222;66m██[38;2;66;140;41m██[38;2;66;140;41m██[38;2;165;239;74m██[38;2;165;239;74m██[38;2;0;0;0m██        
[38;2;0;0;0m██[38;2;58;99;49m██[38;2;66;140;41m██[38;2;65;65;65m██[38;2;165;239;74m██[38;2;66;140;41m██[38;2;255;222;66m██[38;2;255;222;66m██[38;2;255;222;66m██[38;2;0;0;0m██[38;2;0;0;0m██[38;2;66;140;41m██[38;2;165;239;74m██[38;2;165;239;74m██[38;2;165;239;74m██[38;2;0;0;0m██        
[38;2;0;0;0m██[38;2;66;140;41m██[38;2;66;140;41m██[38;2;65;65;65m██[38;2;140;197;49m██[38;2;165;239;74m██[38;2;58;99;49m██[38;2;206;156;33m██[38;2;255;222;66m██[38;2;255;222;66m██[38;2;66;140;41m██[38;2;165;239;74m██[38;2;165;239;74m██[38;2;165;239;74m██[38;2;165;239;74m██[38;2;140;197;49m██[38;2;0;0;0m██      
  [38;2;0;0;0m██[38;2;0;0;0m██[38;2;66;140;41m██[38;2;65;65;65m██[38;2;140;197;49m██[38;2;140;197;49m██[38;2;58;99;49m██[38;2;58;99;49m██[38;2;66;140;41m██[38;2;165;239;74m██[38;2;165;239;74m██[38;2;165;239;74m██[38;2;165;239;74m██[38;2;140;197;49m██[38;2;140;197;49m██[38;2;0;0;0m██[38;2;0;0;0m██[38;2;0;0;0m██  
      [38;2;0;0;0m██[38;2;0;0;0m██[38;2;0;0;0m██[38;2;65;65;65m██[38;2;206;156;33m██[38;2;65;65;65m██[38;2;165;239;74m██[38;2;165;239;74m██[38;2;165;239;74m██[38;2;140;197;49m██[38;2;140;197;49m██[38;2;140;197;49m██[38;2;65;65;65m██[38;2;66;140;41m██[38;2;66;140;41m██[38;2;66;140;41m██[38;2;0;0;0m██
            [38;2;0;0;0m██[38;2;0;0;0m██[38;2;0;0;0m██[38;2;0;0;0m██[38;2;140;197;49m██[38;2;140;197;49m██[38;2;140;197;49m██[38;2;140;197;49m██[38;2;0;0;0m██[38;2;66;140;41m██[38;2;66;140;41m██[38;2;66;140;41m██[38;2;58;99;49m██[38;2;0;0;0m██
                    [38;2;0;0;0m██[38;2;0;0;0m██[38;2;0;0;0m██[38;2;0;0;0m██  [38;2;0;0;0m██[38;2;0;0;0m██[38;2;0;0;0m██[38;2;0;0;0m██  
