                [38;2;0;0;0m██[38;2;0;0;0m██[38;2;0;0;0m██[38;2;0;0;0m██                
            [38;2;0;0;0m██[38;2;0;0;0m██[38;2;181;156;206m██[38;2;181;156;206m██[38;2;181;156;206m██[38;2;181;156;206m██[38;2;0;0;0m██[38;2;0;0;0m██            
          [38;2;0;0;0m██[38;2;181;156;206m██[38;2;181;156;206m██[38;2;181;156;206m██[38;2;181;156;206m██[38;2;181;156;206m██[38;2;181;156;206m██[38;2;181;156;206m██[38;2;181;156;206m██[38;2;0;0;0m██          
        [38;2;0;0;0m██[38;2;181;156;206m██[38;2;181;156;206m██[38;2;181;156;206m██[38;2;181;156;206m██[38;2;181;156;206m██[38;2;181;156;206m██[38;2;181;156;206m██[38;2;181;156;206m██[38;2;181;156;206m██[38;2;181;156;206m██[38;2;0;0;0m██        
        [38;2;0;0;0m██[38;2;181;156;206m██[38;2;181;156;206m██[38;2;181;156;206m██[38;2;181;156;206m██[38;2;181;156;206m██[38;2;181;156;206m██[38;2;181;156;206m██[38;2;181;156;206m██[38;2;181;156;206m██[38;2;181;156;206m██[38;2;0;0;0m██        
      [38;2;0;0;0m██[38;2;181;156;206m██[38;2;65;65;65m██[38;2;65;65;65m██[38;2;181;156;206m██[38;2;181;156;206m██[38;2;181;156;206m██[38;2;255;255;255m██[38;2;181;156;206m██[38;2;181;156;206m██[38;2;181;156;206m██[38;2;181;156;206m██[38;2;181;156;206m██[38;2;0;0;0m██      
    [38;2;0;0;0m██[38;2;239;206;74m██[38;2;65;65;65m██[38;2;181;156;206m██[38;2;181;156;206m██[38;2;148;123;206m██[38;2;181;156;206m██[38;2;181;156;206m██[38;2;247;99;82m██[38;2;181;156;206m██[38;2;181;156;206m██[38;2;181;156;206m██[38;2;181;156;206m██[38;2;181;156;206m██[38;2;0;0;0m██      
  [38;2;0;0;0m██[38;2;239;206;74m██[38;2;148;123;206m██[38;2;65;65;65m██[38;2;181;156;206m██[38;2;181;156;206m██[38;2;181;156;206m██[38;2;181;156;206m██[38;2;181;156;206m██[38;2;181;156;206m██[38;2;181;156;206m██[38;2;181;156;206m██[38;2;181;156;206m██[38;2;181;156;206m██[38;2;181;156;206m██[38;2;0;0;0m██      
  [38;2;0;0;0m██[38;2;239;206;74m██[38;2;148;123;206m██[38;2;181;156;206m██[38;2;65;65;65m██[38;2;65;65;65m██[38;2;181;156;206m██[38;2;148;123;206m██[38;2;239;206;74m██[38;2;181;156;206m██[38;2;181;156;206m██[38;2;181;156;206m██[38;2;181;156;206m██[38;2;181;156;206m██[38;2;181;156;206m██[38;2;181;156;206m██[38;2;0;0;0m██    
[38;2;0;0;0m██[38;2;239;206;74m██[38;2;65;65;65m██[38;2;148;123;206m██[38;2;65;65;65m██[38;2;181;156;206m██[38;2;181;156;206m██[38;2;181;156;206m██[38;2;181;156;206m██[38;2;148;123;206m██[38;2;239;206;74m██[38;2;181;156;206m██[38;2;181;156;206m██[38;2;181;156;206m██[38;2;181;156;206m██[38;2;181;156;206m██[38;2;148;123;206m██[38;2;0;0;0m██    
  [38;2;0;0;0m██[38;2;0;0;0m██[38;2;148;123;206m██[38;2;148;123;206m██[38;2;65;65;65m██[38;2;65;65;65m██[38;2;181;156;206m██[38;2;181;156;206m██[38;2;90;90;90m██[38;2;239;206;74m██[38;2;65;65;65m██[38;2;181;156;206m██[38;2;181;156;206m██[38;2;65;65;65m██[38;2;148;123;206m██[38;2;148;123;206m██[38;2;0;0;0m██    
    [38;2;0;0;0m██[38;2;148;123;206m██[38;2;148;123;206m██[38;2;148;123;206m██[38;2;148;123;206m██[38;2;148;123;206m██[38;2;148;123;206m██[38;2;90;90;90m██[38;2;239;206;74m██[38;2;148;123;206m██[38;2;65;65;65m██[38;2;65;65;65m██[38;2;148;123;206m██[38;2;148;123;206m██[38;2;90;90;90m██[38;2;0;0;0m██    
  [38;2;0;0;0m██[38;2;148;123;206m██[38;2;148;123;206m██[38;2;148;123;206m██[38;2;148;123;206m██[38;2;90;90;90m██[38;2;148;123;206m██[38;2;148;123;206m██[38;2;148;123;206m██[38;2;90;90;90m██[38;2;239;206;74m██[38;2;90;90;90m██[38;2;148;123;206m██[38;2;148;123;206m██[38;2;148;123;206m██[38;2;90;90;90m██[38;2;90;90;90m██[38;2;0;0;0m██  
  [38;2;0;0;0m██[38;2;148;123;206m██[38;2;148;123;206m██[38;2;148;123;206m██[38;2;90;90;90m██[38;2;90;90;90m██[38;2;90;90;90m██[38;2;148;123;206m██[38;2;148;123;206m██[38;2;148;123;206m██[38;2;90;90;90m██[38;2;90;90;90m██[38;2;90;90;90m██[38;2;148;123;206m██[38;2;148;123;206m██[38;2;148;123;206m██[38;2;90;90;90m██[38;2;148;123;206m██[38;2;0;0;0m██
    [38;2;0;0;0m██[38;2;0;0;0m██[38;2;148;123;206m██[38;2;90;90;90m██[38;2;90;90;90m██[38;2;90;90;90m██[38;2;148;123;206m██[38;2;148;123;206m██[38;2;148;123;206m██[38;2;90;90;90m██[38;2;90;90;90m██[38;2;90;90;90m██[38;2;148;123;206m██[38;2;148;123;206m██[38;2;148;123;206m██[38;2;148;123;206m██[38;2;148;123;206m██[38;2;0;0;0m██
        [38;2;0;0;0m██[38;2;148;123;206m██[38;2;90;90;90m██[38;2;148;123;206m██[38;2;148;123;206m██[38;2;148;123;206m██[38;2;148;123;206m██[38;2;148;123;206m██[38;2;90;90;90m██[38;2;148;123;206m██[38;2;0;0;0m██[38;2;148;123;206m██[38;2;148;123;206m██[38;2;0;0;0m██[38;2;0;0;0m██  
          [38;2;0;0;0m██[38;2;0;0;0m██[38;2;148;123;206m██[38;2;148;123;206m██[38;2;0;0;0m██[38;2;0;0;0m██[38;2;148;123;206m██[38;2;148;123;206m██[38;2;0;0;0m██  [38;2;0;0;0m██[38;2;0;0;0m██      
              [38;2;0;0;0m██[38;2;0;0;0m██    [38;2;0;0;0m██[38;2;0;0;0m██              
