              [38;2;0;0;0m██[38;2;0;0;0m██  [38;2;0;0;0m██[38;2;0;0;0m██                                    
          [38;2;0;0;0m██[38;2;0;0;0m██[38;2;0;0;0m██[38;2;255;255;255m██[38;2;0;0;0m██[38;2;255;255;255m██[38;2;0;0;0m██                                    
          [38;2;0;0;0m██[38;2;255;255;255m██[38;2;65;65;65m██[38;2;255;255;255m██[38;2;181;206;197m██[38;2;255;255;255m██[38;2;0;0;0m██                                    
        [38;2;0;0;0m██[38;2;255;255;255m██[38;2;255;255;255m██[38;2;123;123;123m██[38;2;181;206;197m██[38;2;255;255;255m██[38;2;255;255;255m██[38;2;255;255;255m██[38;2;0;0;0m██[38;2;0;0;0m██                                
        [38;2;0;0;0m██[38;2;255;255;255m██[38;2;123;123;123m██[38;2;255;255;255m██[38;2;255;255;255m██[38;2;255;255;255m██[38;2;255;255;255m██[38;2;255;255;255m██[38;2;123;123;123m██[38;2;255;255;255m██[38;2;0;0;0m██                              
          [38;2;0;0;0m██[38;2;255;255;255m██[38;2;255;255;255m██[38;2;255;255;255m██[38;2;255;255;255m██[38;2;255;255;255m██[38;2;140;156;148m██[38;2;255;255;255m██[38;2;181;206;197m██[38;2;255;255;255m██[38;2;0;0;0m██                            
          [38;2;0;0;0m██[38;2;255;255;255m██[38;2;255;255;255m██[38;2;255;255;255m██[38;2;0;0;0m██[38;2;255;255;255m██[38;2;140;156;148m██[38;2;255;255;255m██[38;2;181;206;197m██[38;2;255;255;255m██[38;2;0;0;0m██                            
        [38;2;0;0;0m██[38;2;255;255;255m██[38;2;255;255;255m██[38;2;255;255;255m██[38;2;0;0;0m██[38;2;255;255;255m██[38;2;255;255;255m██[38;2;181;206;197m██[38;2;255;255;255m██[38;2;255;255;255m██[38;2;255;255;255m██[38;2;65;65;65m██[38;2;0;0;0m██[38;2;0;0;0m██                        
        [38;2;0;0;0m██[38;2;65;65;65m██[38;2;255;255;255m██[38;2;0;0;0m██[38;2;0;0;0m██[38;2;255;255;255m██[38;2;181;206;197m██[38;2;65;65;65m██[38;2;181;206;197m██[38;2;255;255;255m██[38;2;140;156;148m██[38;2;181;206;197m██[38;2;65;65;65m██[38;2;140;156;148m██[38;2;0;0;0m██[38;2;0;0;0m██[38;2;0;0;0m██[38;2;0;0;0m██                
      [38;2;0;0;0m██[38;2;247;247;74m██[38;2;65;65;65m██[38;2;65;65;65m██[38;2;255;255;255m██[38;2;255;255;255m██[38;2;0;0;0m██[38;2;0;0;0m██[38;2;65;65;65m██[38;2;65;65;65m██[38;2;123;123;123m██[38;2;181;206;197m██[38;2;181;206;197m██[38;2;65;65;65m██[38;2;65;65;65m██[38;2;123;123;123m██[38;2;255;255;255m██[38;2;255;255;255m██[38;2;255;255;255m██[38;2;0;0;0m██[38;2;0;0;0m██            
    [38;2;0;0;0m██[38;2;247;247;74m██[38;2;247;247;74m██[38;2;247;247;74m██[38;2;0;0;0m██[38;2;0;0;0m██[38;2;0;0;0m██  [38;2;0;0;0m██[38;2;181;206;197m██[38;2;181;206;197m██[38;2;65;65;65m██[38;2;255;255;255m██[38;2;181;206;197m██[38;2;65;65;65m██[38;2;255;255;255m██[38;2;255;255;255m██[38;2;255;255;255m██[38;2;255;255;255m██[38;2;255;255;255m██[38;2;255;255;255m██[38;2;255;255;255m██[38;2;0;0;0m██          
  [38;2;0;0;0m██[38;2;247;247;74m██[38;2;247;247;74m██[38;2;0;0;0m██[38;2;0;0;0m██      [38;2;0;0;0m██[38;2;181;206;197m██[38;2;181;206;197m██[38;2;65;65;65m██[38;2;255;255;255m██[38;2;255;255;255m██[38;2;65;65;65m██[38;2;255;255;255m██[38;2;255;255;255m██[38;2;255;255;255m██[38;2;255;255;255m██[38;2;255;255;255m██[38;2;255;255;255m██[38;2;255;255;255m██[38;2;255;255;255m██[38;2;181;206;197m██[38;2;0;0;0m██[38;2;0;0;0m██[38;2;0;0;0m██    
[38;2;0;0;0m██[38;2;247;247;74m██[38;2;0;0;0m██[38;2;0;0;0m██          [38;2;0;0;0m██[38;2;181;206;197m██[38;2;140;156;148m██[38;2;255;255;255m██[38;2;255;255;255m██[38;2;255;255;255m██[38;2;123;123;123m██[38;2;255;255;255m██[38;2;255;255;255m██[38;2;255;255;255m██[38;2;255;255;255m██[38;2;255;255;255m██[38;2;255;255;255m██[38;2;255;255;255m██[38;2;255;255;255m██[38;2;255;255;255m██[38;2;123;123;123m██[38;2;255;255;255m██[38;2;255;255;255m██[38;2;0;0;0m██  
[38;2;0;0;0m██[38;2;0;0;0m██                [38;2;0;0;0m██[38;2;255;255;255m██[38;2;255;255;255m██[38;2;255;255;255m██[38;2;123;123;123m██[38;2;181;206;197m██[38;2;255;255;255m██[38;2;255;255;255m██[38;2;65;65;65m██[38;2;65;65;65m██[38;2;255;255;255m██[38;2;255;255;255m██[38;2;255;255;255m██[38;2;255;255;255m██[38;2;255;255;255m██[38;2;140;156;148m██[38;2;181;206;197m██[38;2;140;156;148m██[38;2;123;123;123m██[38;2;0;0;0m██
                  [38;2;0;0;0m██[38;2;99;115;214m██[38;2;255;255;255m██[38;2;255;255;255m██[38;2;255;255;255m██[38;2;140;156;148m██[38;2;255;255;255m██[38;2;255;255;255m██[38;2;65;65;65m██[38;2;140;156;148m██[38;2;140;156;148m██[38;2;65;65;65m██[38;2;255;255;255m██[38;2;255;255;255m██[38;2;255;255;255m██[38;2;140;156;148m██[38;2;255;255;255m██[38;2;255;255;255m██[38;2;255;255;255m██[38;2;255;255;255m██[38;2;0;0;0m██
                  [38;2;0;0;0m██[38;2;123;189;247m██[38;2;99;115;214m██[38;2;255;255;255m██[38;2;255;255;255m██[38;2;255;255;255m██[38;2;255;255;255m██[38;2;140;156;148m██[38;2;140;156;148m██[38;2;181;206;197m██[38;2;181;206;197m██[38;2;140;156;148m██[38;2;65;65;65m██[38;2;255;255;255m██[38;2;181;206;197m██[38;2;140;156;148m██[38;2;140;156;148m██[38;2;123;123;123m██[38;2;123;123;123m██[38;2;0;0;0m██  
                    [38;2;0;0;0m██[38;2;99;115;214m██[38;2;181;206;197m██[38;2;255;255;255m██[38;2;99;115;214m██[38;2;99;115;214m██[38;2;140;156;148m██[38;2;181;206;197m██[38;2;181;206;197m██[38;2;181;206;197m██[38;2;181;206;197m██[38;2;65;65;65m██[38;2;181;206;197m██[38;2;140;156;148m██[38;2;255;255;255m██[38;2;255;255;255m██[38;2;255;255;255m██[38;2;255;255;255m██[38;2;0;0;0m██  
                      [38;2;0;0;0m██[38;2;181;206;197m██[38;2;99;115;214m██[38;2;123;189;247m██[38;2;99;115;214m██[38;2;99;115;214m██[38;2;181;206;197m██[38;2;181;206;197m██[38;2;181;206;197m██[38;2;140;156;148m██[38;2;0;0;0m██[38;2;0;0;0m██[38;2;255;255;255m██[38;2;255;255;255m██[38;2;255;255;255m██[38;2;0;0;0m██[38;2;0;0;0m██    
                        [38;2;0;0;0m██[38;2;0;0;0m██[38;2;99;115;214m██[38;2;123;189;247m██[38;2;99;115;214m██[38;2;140;156;148m██[38;2;140;156;148m██[38;2;65;65;65m██[38;2;0;0;0m██    [38;2;0;0;0m██[38;2;0;0;0m██[38;2;0;0;0m██        
                            [38;2;0;0;0m██[38;2;123;123;123m██[38;2;123;123;123m██[38;2;65;65;65m██[38;2;65;65;65m██[38;2;123;123;123m██[38;2;0;0;0m██                  
                              [38;2;0;0;0m██[38;2;0;0;0m██[38;2;0;0;0m██[38;2;123;123;123m██[38;2;123;123;123m██[38;2;123;123;123m██[38;2;0;0;0m██                
                                    [38;2;0;0;0m██[38;2;0;0;0m██[38;2;0;0;0m██                  
