            [38;2;0;0;0m██[38;2;0;0;0m██[38;2;0;0;0m██[38;2;0;0;0m██[38;2;0;0;0m██              
        [38;2;0;0;0m██[38;2;0;0;0m██[38;2;181;132;99m██[38;2;247;173;123m██[38;2;247;173;123m██[38;2;156;90;49m██[38;2;156;90;49m██[38;2;0;0;0m██[38;2;0;0;0m██          
      [38;2;0;0;0m██[38;2;156;90;49m██[38;2;247;173;123m██[38;2;247;173;123m██[38;2;156;90;49m██[38;2;156;90;49m██[38;2;156;90;49m██[38;2;156;90;49m██[38;2;156;90;49m██[38;2;156;90;49m██[38;2;0;0;0m██        
    [38;2;0;0;0m██[38;2;156;90;49m██[38;2;247;173;123m██[38;2;247;173;123m██[38;2;156;90;49m██[38;2;156;90;49m██[38;2;156;90;49m██[38;2;247;173;123m██[38;2;247;173;123m██[38;2;247;173;123m██[38;2;181;132;99m██[38;2;181;132;99m██[38;2;0;0;0m██      
  [38;2;0;0;0m██[38;2;247;173;123m██[38;2;156;90;49m██[38;2;247;173;123m██[38;2;156;90;49m██[38;2;156;90;49m██[38;2;247;173;123m██[38;2;247;173;123m██[38;2;247;173;123m██[38;2;247;173;123m██[38;2;247;173;123m██[38;2;247;173;123m██[38;2;156;90;49m██[38;2;0;0;0m██      
  [38;2;0;0;0m██[38;2;247;173;123m██[38;2;247;173;123m██[38;2;247;173;123m██[38;2;156;90;49m██[38;2;247;173;123m██[38;2;247;173;123m██[38;2;247;173;123m██[38;2;247;173;123m██[38;2;247;173;123m██[38;2;247;173;123m██[38;2;156;90;49m██[38;2;156;90;49m██[38;2;156;90;49m██[38;2;0;0;0m██    
[38;2;0;0;0m██[38;2;65;65;65m██[38;2;65;65;65m██[38;2;247;173;123m██[38;2;247;173;123m██[38;2;247;173;123m██[38;2;247;173;123m██[38;2;247;173;123m██[38;2;247;173;123m██[38;2;247;173;123m██[38;2;156;90;49m██[38;2;156;90;49m██[38;2;156;90;49m██[38;2;247;173;123m██[38;2;247;173;123m██[38;2;0;0;0m██    
[38;2;0;0;0m██[38;2;181;132;99m██[38;2;247;173;123m██[38;2;247;173;123m██[38;2;247;173;123m██[38;2;247;173;123m██[38;2;247;173;123m██[38;2;247;173;123m██[38;2;247;173;123m██[38;2;156;90;49m██[38;2;156;90;49m██[38;2;247;173;123m██[38;2;247;173;123m██[38;2;247;173;123m██[38;2;156;90;49m██[38;2;156;90;49m██[38;2;0;0;0m██  
[38;2;0;0;0m██[38;2;247;123;148m██[38;2;181;74;90m██[38;2;247;173;123m██[38;2;247;173;123m██[38;2;65;65;65m██[38;2;247;173;123m██[38;2;247;173;123m██[38;2;247;173;123m██[38;2;247;173;123m██[38;2;247;173;123m██[38;2;247;173;123m██[38;2;156;90;49m██[38;2;156;90;49m██[38;2;156;90;49m██[38;2;181;132;99m██[38;2;247;173;123m██[38;2;0;0;0m██
[38;2;0;0;0m██[38;2;181;74;90m██[38;2;247;123;148m██[38;2;181;74;90m██[38;2;247;173;123m██[38;2;247;173;123m██[38;2;65;65;65m██[38;2;65;65;65m██[38;2;247;173;123m██[38;2;247;173;123m██[38;2;247;173;123m██[38;2;156;90;49m██[38;2;156;90;49m██[38;2;247;173;123m██[38;2;247;173;123m██[38;2;65;65;65m██[38;2;0;0;0m██  
  [38;2;0;0;0m██[38;2;181;74;90m██[38;2;181;74;90m██[38;2;181;132;99m██[38;2;181;132;99m██[38;2;247;173;123m██[38;2;247;173;123m██[38;2;247;173;123m██[38;2;247;173;123m██[38;2;247;173;123m██[38;2;247;173;123m██[38;2;181;132;99m██[38;2;65;65;65m██[38;2;0;0;0m██[38;2;0;0;0m██    
    [38;2;0;0;0m██[38;2;0;0;0m██[38;2;0;0;0m██[38;2;181;132;99m██[38;2;181;132;99m██[38;2;181;132;99m██[38;2;181;132;99m██[38;2;181;132;99m██[38;2;0;0;0m██[38;2;0;0;0m██[38;2;0;0;0m██[38;2;0;0;0m██        
          [38;2;0;0;0m██[38;2;0;0;0m██[38;2;0;0;0m██[38;2;0;0;0m██[38;2;0;0;0m██                
