    [38;2;0;0;0m██[38;2;0;0;0m██[38;2;0;0;0m██                      
  [38;2;0;0;0m██[38;2;247;156;41m██[38;2;255;189;115m██[38;2;255;189;115m██[38;2;0;0;0m██                    
[38;2;0;0;0m██[38;2;247;156;41m██[38;2;247;156;41m██[38;2;247;156;41m██[38;2;247;156;41m██[38;2;247;156;41m██[38;2;0;0;0m██                  
[38;2;0;0;0m██[38;2;247;156;41m██[38;2;65;65;65m██[38;2;65;65;65m██[38;2;247;156;41m██[38;2;65;65;65m██[38;2;65;65;65m██[38;2;0;0;0m██[38;2;0;0;0m██    [38;2;0;0;0m██[38;2;0;0;0m██[38;2;0;0;0m██    
[38;2;0;0;0m██[38;2;189;123;58m██[38;2;65;65;65m██[38;2;65;65;65m██[38;2;189;123;58m██[38;2;239;206;123m██[38;2;239;206;123m██[38;2;247;156;41m██[38;2;189;123;58m██[38;2;0;0;0m██[38;2;0;0;0m██[38;2;247;156;41m██[38;2;255;189;115m██[38;2;255;189;115m██[38;2;0;0;0m██  
  [38;2;0;0;0m██[38;2;189;123;58m██[38;2;247;156;41m██[38;2;239;206;123m██[38;2;247;156;41m██[38;2;247;156;41m██[38;2;247;156;41m██[38;2;247;156;41m██[38;2;189;123;58m██[38;2;247;156;41m██[38;2;255;189;115m██[38;2;247;156;41m██[38;2;247;156;41m██[38;2;247;156;41m██[38;2;0;0;0m██
    [38;2;0;0;0m██[38;2;255;255;255m██[38;2;239;206;123m██[38;2;247;156;41m██[38;2;247;156;41m██[38;2;239;206;123m██[38;2;247;156;41m██[38;2;247;156;41m██[38;2;247;156;41m██[38;2;247;156;41m██[38;2;189;123;58m██[38;2;189;123;58m██[38;2;247;156;41m██[38;2;0;0;0m██
  [38;2;0;0;0m██[38;2;65;65;65m██[38;2;0;0;0m██[38;2;247;156;41m██[38;2;239;206;123m██[38;2;239;206;123m██[38;2;247;156;41m██[38;2;247;156;41m██[38;2;247;156;41m██[38;2;247;156;41m██[38;2;65;65;65m██[38;2;65;65;65m██[38;2;189;123;58m██[38;2;189;123;58m██[38;2;0;0;0m██
  [38;2;0;0;0m██[38;2;247;156;41m██[38;2;255;255;82m██[38;2;132;132;115m██[38;2;255;255;82m██[38;2;247;156;41m██[38;2;0;0;0m██[38;2;255;255;255m██[38;2;247;156;41m██[38;2;247;156;41m██[38;2;65;65;65m██[38;2;65;65;65m██[38;2;189;123;58m██[38;2;0;0;0m██  
  [38;2;0;0;0m██[38;2;255;255;82m██[38;2;255;255;82m██[38;2;255;255;82m██[38;2;255;255;82m██[38;2;255;255;82m██[38;2;65;65;65m██[38;2;0;0;0m██[38;2;247;156;41m██[38;2;222;140;49m██[38;2;189;123;58m██[38;2;0;0;0m██[38;2;0;0;0m██    
    [38;2;0;0;0m██[38;2;255;255;82m██[38;2;65;65;65m██[38;2;65;65;65m██[38;2;255;255;82m██[38;2;255;255;82m██[38;2;247;156;41m██[38;2;222;140;49m██[38;2;189;123;58m██[38;2;189;123;58m██[38;2;0;0;0m██      
    [38;2;0;0;0m██[38;2;65;65;65m██[38;2;255;189;115m██[38;2;255;189;115m██[38;2;65;65;65m██[38;2;189;165;66m██[38;2;189;123;58m██[38;2;189;123;58m██[38;2;189;123;58m██[38;2;0;0;0m██        
    [38;2;0;0;0m██[38;2;247;156;41m██[38;2;247;156;41m██[38;2;247;156;41m██[38;2;65;65;65m██[38;2;189;123;58m██[38;2;189;123;58m██[38;2;65;65;65m██[38;2;0;0;0m██          
  [38;2;0;0;0m██[38;2;189;123;58m██[38;2;247;156;41m██[38;2;247;156;41m██[38;2;65;65;65m██[38;2;247;156;41m██[38;2;247;156;41m██[38;2;189;123;58m██[38;2;247;156;41m██[38;2;189;123;58m██[38;2;0;0;0m██        
  [38;2;0;0;0m██[38;2;222;140;49m██[38;2;189;123;58m██[38;2;189;123;58m██[38;2;247;156;41m██[38;2;247;156;41m██[38;2;247;156;41m██[38;2;222;140;49m██[38;2;189;123;58m██[38;2;247;156;41m██[38;2;247;156;41m██[38;2;0;0;0m██      
    [38;2;0;0;0m██[38;2;222;140;49m██[38;2;222;140;49m██[38;2;222;140;49m██[38;2;247;156;41m██[38;2;247;156;41m██[38;2;247;156;41m██[38;2;65;65;65m██[38;2;247;156;41m██[38;2;247;156;41m██[38;2;0;0;0m██      
  [38;2;0;0;0m██[38;2;255;255;255m██[38;2;189;123;58m██[38;2;65;65;65m██[38;2;189;123;58m██[38;2;222;140;49m██[38;2;189;123;58m██[38;2;189;123;58m██[38;2;189;123;58m██[38;2;65;65;65m██[38;2;0;0;0m██        
    [38;2;0;0;0m██[38;2;0;0;0m██[38;2;0;0;0m██[38;2;0;0;0m██[38;2;189;123;58m██[38;2;247;156;41m██[38;2;247;156;41m██[38;2;189;123;58m██[38;2;0;0;0m██          
            [38;2;0;0;0m██[38;2;255;255;255m██[38;2;189;123;58m██[38;2;255;255;255m██[38;2;0;0;0m██          
              [38;2;0;0;0m██[38;2;0;0;0m██[38;2;0;0;0m██            
