      [38;2;0;0;0m██[38;2;0;0;0m██                          
      [38;2;0;0;0m██[38;2;115;99;74m██[38;2;0;0;0m██      [38;2;0;0;0m██[38;2;0;0;0m██[38;2;0;0;0m██            
      [38;2;0;0;0m██[38;2;115;99;74m██[38;2;0;0;0m██    [38;2;0;0;0m██[38;2;115;99;74m██[38;2;115;99;74m██[38;2;0;0;0m██    [38;2;0;0;0m██[38;2;0;0;0m██    
      [38;2;0;0;0m██[38;2;115;99;74m██[38;2;115;99;74m██[38;2;0;0;0m██[38;2;0;0;0m██[38;2;115;99;74m██[38;2;115;99;74m██[38;2;0;0;0m██    [38;2;0;0;0m██[38;2;239;148;123m██[38;2;214;99;66m██[38;2;0;0;0m██  
        [38;2;0;0;0m██[38;2;115;99;74m██[38;2;65;65;65m██[38;2;115;99;74m██[38;2;115;99;74m██[38;2;0;0;0m██      [38;2;0;0;0m██[38;2;214;99;66m██[38;2;214;99;66m██[38;2;0;0;0m██  
        [38;2;0;0;0m██[38;2;0;0;0m██[38;2;115;99;74m██[38;2;65;65;65m██[38;2;0;0;0m██          [38;2;0;0;0m██[38;2;0;0;0m██  [38;2;0;0;0m██
      [38;2;0;0;0m██[38;2;115;99;74m██[38;2;115;99;74m██[38;2;115;99;74m██[38;2;115;99;74m██[38;2;115;99;74m██[38;2;0;0;0m██            [38;2;0;0;0m██[38;2;0;0;0m██
    [38;2;0;0;0m██[38;2;115;99;74m██[38;2;115;99;74m██[38;2;115;99;74m██[38;2;115;99;74m██[38;2;115;99;74m██[38;2;115;99;74m██[38;2;115;99;74m██[38;2;0;0;0m██[38;2;0;0;0m██[38;2;0;0;0m██    [38;2;0;0;0m██  [38;2;0;0;0m██
    [38;2;0;0;0m██[38;2;255;214;66m██[38;2;255;214;66m██[38;2;115;99;74m██[38;2;255;255;255m██[38;2;189;189;189m██[38;2;115;99;74m██[38;2;247;140;41m██[38;2;65;65;65m██[38;2;115;99;74m██[38;2;115;99;74m██[38;2;0;0;0m██[38;2;65;65;65m██[38;2;0;0;0m██[38;2;0;0;0m██  
  [38;2;0;0;0m██[38;2;255;214;66m██[38;2;255;214;66m██[38;2;255;214;66m██[38;2;115;99;74m██[38;2;65;65;65m██[38;2;255;255;255m██[38;2;247;140;41m██[38;2;247;140;41m██[38;2;165;90;49m██[38;2;247;140;41m██[38;2;115;99;74m██[38;2;115;99;74m██[38;2;0;0;0m██      
[38;2;0;0;0m██[38;2;214;99;66m██[38;2;214;99;66m██[38;2;255;214;66m██[38;2;115;99;74m██[38;2;247;140;41m██[38;2;0;0;0m██[38;2;255;255;255m██[38;2;247;140;41m██[38;2;247;140;41m██[38;2;206;115;41m██[38;2;247;140;41m██[38;2;247;140;41m██[38;2;115;99;74m██[38;2;0;0;0m██      
[38;2;0;0;0m██[38;2;214;99;66m██[38;2;65;65;65m██[38;2;214;99;66m██[38;2;247;140;41m██[38;2;247;140;41m██[38;2;247;140;41m██[38;2;247;140;41m██[38;2;247;140;41m██[38;2;247;140;41m██[38;2;247;140;41m██[38;2;247;140;41m██[38;2;247;140;41m██[38;2;115;99;74m██[38;2;0;0;0m██      
  [38;2;0;0;0m██[38;2;247;140;41m██[38;2;247;140;41m██[38;2;247;140;41m██[38;2;65;65;65m██[38;2;247;140;41m██[38;2;247;140;41m██[38;2;247;140;41m██[38;2;247;140;41m██[38;2;247;140;41m██[38;2;247;140;41m██[38;2;247;140;41m██[38;2;65;65;65m██[38;2;206;115;41m██[38;2;0;0;0m██    
    [38;2;0;0;0m██[38;2;0;0;0m██[38;2;65;65;65m██[38;2;247;140;41m██[38;2;247;140;41m██[38;2;206;115;41m██[38;2;206;115;41m██[38;2;247;140;41m██[38;2;247;140;41m██[38;2;206;115;41m██[38;2;65;65;65m██[38;2;206;115;41m██[38;2;206;115;41m██[38;2;0;0;0m██    
    [38;2;0;0;0m██[38;2;65;65;65m██[38;2;165;90;49m██[38;2;0;0;0m██[38;2;65;65;65m██[38;2;165;90;49m██[38;2;247;140;41m██[38;2;247;140;41m██[38;2;0;0;0m██[38;2;0;0;0m██[38;2;0;0;0m██[38;2;206;115;41m██[38;2;247;140;41m██[38;2;0;0;0m██    
      [38;2;0;0;0m██[38;2;0;0;0m██  [38;2;0;0;0m██[38;2;247;140;41m██[38;2;247;140;41m██[38;2;165;90;49m██[38;2;0;0;0m██    [38;2;0;0;0m██[38;2;0;0;0m██      
            [38;2;0;0;0m██[38;2;65;65;65m██[38;2;206;115;41m██[38;2;0;0;0m██                
              [38;2;0;0;0m██[38;2;0;0;0m██                  
