                      [38;2;0;0;0m██[38;2;0;0;0m██                    
                    [38;2;0;0;0m██[38;2;123;181;239m██[38;2;0;0;0m██                    
                  [38;2;0;0;0m██[38;2;123;181;239m██[38;2;123;181;239m██[38;2;0;0;0m██              [38;2;0;0;0m██[38;2;0;0;0m██  
                  [38;2;0;0;0m██[38;2;123;181;239m██[38;2;65;65;65m██[38;2;65;65;65m██[38;2;0;0;0m██[38;2;0;0;0m██[38;2;0;0;0m██      [38;2;0;0;0m██[38;2;123;181;239m██[38;2;0;0;0m██  
    [38;2;0;0;0m██            [38;2;0;0;0m██[38;2;65;65;65m██[38;2;115;115;148m██[38;2;115;115;148m██[38;2;90;90;115m██[38;2;90;90;115m██[38;2;90;90;115m██[38;2;0;0;0m██  [38;2;0;0;0m██[38;2;123;181;239m██[38;2;123;181;239m██[38;2;0;0;0m██  
  [38;2;0;0;0m██[38;2;123;181;239m██[38;2;0;0;0m██        [38;2;0;0;0m██[38;2;115;115;148m██[38;2;115;115;148m██[38;2;90;90;115m██[38;2;90;90;115m██[38;2;90;90;115m██[38;2;115;115;148m██[38;2;115;115;148m██[38;2;90;90;115m██[38;2;0;0;0m██[38;2;99;132;189m██[38;2;123;181;239m██[38;2;0;0;0m██    
[38;2;0;0;0m██[38;2;115;115;148m██[38;2;123;181;239m██[38;2;65;65;65m██[38;2;0;0;0m██    [38;2;0;0;0m██[38;2;0;0;0m██[38;2;65;65;65m██[38;2;65;65;65m██[38;2;90;90;115m██[38;2;115;115;148m██[38;2;115;115;148m██[38;2;90;90;115m██[38;2;90;90;115m██[38;2;90;90;115m██[38;2;115;115;148m██[38;2;65;65;65m██[38;2;0;0;0m██      
[38;2;0;0;0m██[38;2;65;65;65m██[38;2;123;181;239m██[38;2;123;181;239m██[38;2;123;181;239m██[38;2;0;0;0m██[38;2;0;0;0m██[38;2;123;181;239m██[38;2;123;181;239m██[38;2;123;181;239m██[38;2;123;181;239m██[38;2;65;65;65m██[38;2;65;65;65m██[38;2;115;115;148m██[38;2;115;115;148m██[38;2;90;90;115m██[38;2;90;90;115m██[38;2;115;115;148m██[38;2;0;0;0m██        
[38;2;0;0;0m██[38;2;123;181;239m██[38;2;123;181;239m██[38;2;123;181;239m██[38;2;99;132;189m██[38;2;65;65;65m██[38;2;99;132;189m██[38;2;99;132;189m██[38;2;99;132;189m██[38;2;123;181;239m██[38;2;123;181;239m██[38;2;123;181;239m██[38;2;99;132;189m██[38;2;65;65;65m██[38;2;90;90;115m██[38;2;115;115;148m██[38;2;115;115;148m██[38;2;0;0;0m██          
  [38;2;0;0;0m██[38;2;0;0;0m██[38;2;0;0;0m██[38;2;65;65;65m██[38;2;115;115;148m██[38;2;123;181;239m██[38;2;123;181;239m██[38;2;123;181;239m██[38;2;99;132;189m██[38;2;115;115;148m██[38;2;90;90;115m██[38;2;123;181;239m██[38;2;99;132;189m██[38;2;65;65;65m██[38;2;65;65;65m██[38;2;0;0;0m██      [38;2;0;0;0m██[38;2;0;0;0m██[38;2;0;0;0m██
        [38;2;0;0;0m██[38;2;90;90;115m██[38;2;123;181;239m██[38;2;123;181;239m██[38;2;115;115;148m██[38;2;115;115;148m██[38;2;255;255;255m██[38;2;90;90;115m██[38;2;123;181;239m██[38;2;65;65;65m██[38;2;99;132;189m██[38;2;123;181;239m██[38;2;123;181;239m██[38;2;0;0;0m██[38;2;0;0;0m██[38;2;0;0;0m██[38;2;123;181;239m██[38;2;123;181;239m██[38;2;0;0;0m██
        [38;2;0;0;0m██[38;2;115;115;148m██[38;2;90;90;115m██[38;2;115;115;148m██[38;2;115;115;148m██[38;2;0;0;0m██[38;2;255;255;255m██[38;2;90;90;115m██[38;2;99;132;189m██[38;2;0;0;0m██[38;2;123;181;239m██[38;2;123;181;239m██[38;2;123;181;239m██[38;2;123;181;239m██[38;2;123;181;239m██[38;2;123;181;239m██[38;2;90;90;115m██[38;2;90;90;115m██[38;2;0;0;0m██
        [38;2;0;0;0m██[38;2;115;115;148m██[38;2;115;115;148m██[38;2;115;115;148m██[38;2;90;90;115m██[38;2;148;197;214m██[38;2;123;181;239m██[38;2;99;132;189m██[38;2;0;0;0m██  [38;2;0;0;0m██[38;2;0;0;0m██[38;2;123;181;239m██[38;2;123;181;239m██[38;2;99;132;189m██[38;2;90;90;115m██[38;2;115;115;148m██[38;2;0;0;0m██  
        [38;2;0;0;0m██[38;2;90;90;115m██[38;2;115;115;148m██[38;2;0;0;0m██[38;2;197;82;115m██[38;2;197;82;115m██[38;2;99;132;189m██[38;2;0;0;0m██        [38;2;0;0;0m██[38;2;0;0;0m██[38;2;0;0;0m██[38;2;0;0;0m██[38;2;0;0;0m██    
          [38;2;0;0;0m██[38;2;0;0;0m██  [38;2;0;0;0m██[38;2;0;0;0m██[38;2;0;0;0m██                        
