                              [38;2;0;0;0m██[38;2;0;0;0m██                      
                  [38;2;0;0;0m██      [38;2;0;0;0m██[38;2;0;0;0m██[38;2;74;140;58m██[38;2;74;140;58m██[38;2;0;0;0m██[38;2;0;0;0m██[38;2;0;0;0m██                
                [38;2;0;0;0m██[38;2;197;197;197m██[38;2;0;0;0m██  [38;2;0;0;0m██[38;2;58;107;58m██[38;2;74;140;58m██[38;2;58;107;58m██[38;2;74;140;58m██[38;2;74;140;58m██[38;2;58;107;58m██[38;2;74;140;58m██[38;2;0;0;0m██        [38;2;0;0;0m██    
                [38;2;0;0;0m██[38;2;197;197;197m██[38;2;0;0;0m██[38;2;0;0;0m██[38;2;58;107;58m██[38;2;58;107;58m██[38;2;74;140;58m██[38;2;74;140;58m██[38;2;74;140;58m██[38;2;74;140;58m██[38;2;74;140;58m██[38;2;74;140;58m██[38;2;74;140;58m██[38;2;0;0;0m██    [38;2;0;0;0m██[38;2;99;173;90m██[38;2;0;0;0m██  
              [38;2;0;0;0m██[38;2;156;156;156m██[38;2;197;197;197m██[38;2;65;65;65m██[38;2;58;107;58m██[38;2;58;107;58m██[38;2;74;140;58m██[38;2;74;140;58m██[38;2;74;140;58m██[38;2;74;140;58m██[38;2;74;140;58m██[38;2;74;140;58m██[38;2;58;107;58m██[38;2;58;107;58m██[38;2;58;107;58m██[38;2;0;0;0m██[38;2;0;0;0m██[38;2;74;140;58m██[38;2;99;173;90m██[38;2;0;0;0m██  
        [38;2;0;0;0m██[38;2;0;0;0m██  [38;2;0;0;0m██[38;2;74;140;58m██[38;2;197;197;197m██[38;2;65;65;65m██[38;2;65;65;65m██[38;2;74;140;58m██[38;2;74;140;58m██[38;2;74;140;58m██[38;2;74;140;58m██[38;2;74;140;58m██[38;2;58;107;58m██[38;2;58;107;58m██[38;2;74;140;58m██[38;2;74;140;58m██[38;2;58;107;58m██[38;2;65;65;65m██[38;2;99;173;90m██[38;2;99;173;90m██[38;2;74;140;58m██[38;2;156;115;66m██[38;2;0;0;0m██
        [38;2;0;0;0m██[38;2;197;197;197m██[38;2;0;0;0m██[38;2;65;65;65m██[38;2;74;140;58m██[38;2;74;140;58m██[38;2;74;140;58m██[38;2;65;65;65m██[38;2;74;140;58m██[38;2;58;107;58m██[38;2;74;140;58m██[38;2;74;140;58m██[38;2;58;107;58m██[38;2;74;140;58m██[38;2;74;140;58m██[38;2;74;140;58m██[38;2;74;140;58m██[38;2;74;140;58m██[38;2;74;140;58m██[38;2;65;65;65m██[38;2;99;173;90m██[38;2;99;173;90m██[38;2;156;115;66m██[38;2;0;0;0m██
        [38;2;0;0;0m██[38;2;197;197;197m██[38;2;156;156;156m██[38;2;65;65;65m██[38;2;74;140;58m██[38;2;58;107;58m██[38;2;58;107;58m██[38;2;99;173;90m██[38;2;65;65;65m██[38;2;74;140;58m██[38;2;74;140;58m██[38;2;58;107;58m██[38;2;58;107;58m██[38;2;58;107;58m██[38;2;74;140;58m██[38;2;74;140;58m██[38;2;74;140;58m██[38;2;74;140;58m██[38;2;74;140;58m██[38;2;65;65;65m██[38;2;74;140;58m██[38;2;156;115;66m██[38;2;156;115;66m██[38;2;0;0;0m██
          [38;2;0;0;0m██[38;2;156;156;156m██[38;2;65;65;65m██[38;2;58;107;58m██[38;2;58;107;58m██[38;2;99;173;90m██[38;2;99;173;90m██[38;2;99;173;90m██[38;2;65;65;65m██[38;2;65;65;65m██[38;2;65;65;65m██[38;2;58;107;58m██[38;2;58;107;58m██[38;2;58;107;58m██[38;2;74;140;58m██[38;2;58;107;58m██[38;2;74;140;58m██[38;2;65;65;65m██[38;2;65;65;65m██[38;2;99;173;90m██[38;2;156;115;66m██[38;2;0;0;0m██  
      [38;2;0;0;0m██[38;2;0;0;0m██[38;2;74;140;58m██[38;2;58;107;58m██[38;2;197;197;197m██[38;2;197;197;197m██[38;2;197;197;197m██[38;2;58;107;58m██[38;2;99;173;90m██[38;2;99;173;90m██[38;2;156;115;66m██[38;2;189;148;82m██[38;2;189;148;82m██[38;2;65;65;65m██[38;2;65;65;65m██[38;2;65;65;65m██[38;2;58;107;58m██[38;2;58;107;58m██[38;2;65;65;65m██[38;2;156;156;156m██[38;2;65;65;65m██[38;2;156;115;66m██[38;2;156;115;66m██[38;2;0;0;0m██  
    [38;2;0;0;0m██[38;2;197;197;197m██[38;2;74;140;58m██[38;2;74;140;58m██[38;2;197;197;197m██[38;2;197;197;197m██[38;2;197;197;197m██[38;2;197;197;197m██[38;2;197;197;197m██[38;2;58;107;58m██[38;2;99;173;90m██[38;2;99;173;90m██[38;2;156;115;66m██[38;2;156;115;66m██[38;2;189;148;82m██[38;2;189;148;82m██[38;2;74;140;58m██[38;2;65;65;65m██[38;2;65;65;65m██[38;2;156;156;156m██[38;2;65;65;65m██[38;2;99;173;90m██[38;2;156;115;66m██[38;2;0;0;0m██    
    [38;2;0;0;0m██[38;2;197;197;197m██[38;2;197;197;197m██[38;2;156;156;156m██[38;2;197;197;197m██[38;2;197;197;197m██[38;2;197;197;197m██[38;2;197;197;197m██[38;2;58;107;58m██[38;2;99;173;90m██[38;2;99;173;90m██[38;2;99;173;90m██[38;2;99;173;90m██[38;2;99;173;90m██[38;2;74;140;58m██[38;2;74;140;58m██[38;2;197;197;197m██[38;2;156;156;156m██[38;2;156;156;156m██[38;2;65;65;65m██[38;2;99;173;90m██[38;2;65;65;65m██[38;2;65;65;65m██[38;2;0;0;0m██    
      [38;2;0;0;0m██[38;2;197;197;197m██[38;2;197;197;197m██[38;2;197;197;197m██[38;2;197;197;197m██[38;2;58;107;58m██[38;2;58;107;58m██[38;2;74;140;58m██[38;2;74;140;58m██[38;2;74;140;58m██[38;2;74;140;58m██[38;2;74;140;58m██[38;2;74;140;58m██[38;2;197;197;197m██[38;2;197;197;197m██[38;2;197;197;197m██[38;2;197;197;197m██[38;2;65;65;65m██[38;2;99;173;90m██[38;2;65;65;65m██[38;2;156;115;66m██[38;2;0;0;0m██      
  [38;2;0;0;0m██[38;2;0;0;0m██[38;2;0;0;0m██[38;2;65;65;65m██[38;2;65;65;65m██[38;2;197;197;197m██[38;2;197;197;197m██[38;2;197;197;197m██[38;2;197;197;197m██[38;2;197;197;197m██[38;2;197;197;197m██[38;2;197;197;197m██[38;2;197;197;197m██[38;2;197;197;197m██[38;2;197;197;197m██[38;2;197;197;197m██[38;2;197;197;197m██[38;2;65;65;65m██[38;2;65;65;65m██[38;2;99;173;90m██[38;2;65;65;65m██[38;2;156;115;66m██[38;2;156;115;66m██[38;2;156;115;66m██[38;2;0;0;0m██    
[38;2;0;0;0m██[38;2;156;156;156m██[38;2;156;156;156m██[38;2;156;156;156m██[38;2;65;65;65m██[38;2;99;173;90m██[38;2;65;65;65m██[38;2;65;65;65m██[38;2;65;65;65m██[38;2;65;65;65m██[38;2;197;197;197m██[38;2;197;197;197m██[38;2;197;197;197m██[38;2;197;197;197m██[38;2;197;197;197m██[38;2;65;65;65m██[38;2;65;65;65m██[38;2;65;65;65m██[38;2;99;173;90m██[38;2;74;140;58m██[38;2;99;173;90m██[38;2;65;65;65m██[38;2;156;115;66m██[38;2;156;115;66m██[38;2;156;115;66m██[38;2;0;0;0m██    
  [38;2;0;0;0m██[38;2;156;156;156m██[38;2;65;65;65m██[38;2;74;140;58m██[38;2;74;140;58m██[38;2;74;140;58m██[38;2;99;173;90m██[38;2;99;173;90m██[38;2;74;140;58m██[38;2;65;65;65m██[38;2;65;65;65m██[38;2;65;65;65m██[38;2;65;65;65m██[38;2;65;65;65m██[38;2;99;173;90m██[38;2;74;140;58m██[38;2;99;173;90m██[38;2;99;173;90m██[38;2;74;140;58m██[38;2;65;65;65m██[38;2;156;115;66m██[38;2;123;99;58m██[38;2;156;115;66m██[38;2;123;99;58m██[38;2;0;0;0m██    
    [38;2;0;0;0m██[38;2;65;65;65m██[38;2;99;173;90m██[38;2;99;173;90m██[38;2;99;173;90m██[38;2;74;140;58m██[38;2;230;74;41m██[38;2;255;255;255m██[38;2;99;173;90m██[38;2;65;65;65m██[38;2;197;197;197m██[38;2;197;197;197m██[38;2;65;65;65m██[38;2;65;65;65m██[38;2;189;148;82m██[38;2;189;148;82m██[38;2;65;65;65m██[38;2;123;99;58m██[38;2;65;65;65m██[38;2;123;99;58m██[38;2;197;197;197m██[38;2;123;99;58m██[38;2;197;197;197m██[38;2;0;0;0m██    
      [38;2;0;0;0m██[38;2;65;65;65m██[38;2;65;65;65m██[38;2;74;140;58m██[38;2;255;255;255m██[38;2;0;0;0m██[38;2;255;255;255m██[38;2;65;65;65m██[38;2;197;197;197m██[38;2;197;197;197m██[38;2;197;197;197m██[38;2;197;197;197m██[38;2;197;197;197m██[38;2;65;65;65m██[38;2;189;148;82m██[38;2;65;65;65m██[38;2;156;115;66m██[38;2;0;0;0m██[38;2;123;99;58m██[38;2;197;197;197m██[38;2;123;99;58m██[38;2;0;0;0m██      
      [38;2;0;0;0m██[38;2;65;65;65m██[38;2;65;65;65m██[38;2;65;65;65m██[38;2;189;148;82m██[38;2;189;148;82m██[38;2;189;148;82m██[38;2;74;140;58m██[38;2;65;65;65m██[38;2;156;156;156m██[38;2;156;156;156m██[38;2;65;65;65m██[38;2;65;65;65m██[38;2;189;148;82m██[38;2;189;148;82m██[38;2;189;148;82m██[38;2;0;0;0m██  [38;2;0;0;0m██[38;2;0;0;0m██[38;2;0;0;0m██        
        [38;2;0;0;0m██[38;2;65;65;65m██[38;2;0;0;0m██[38;2;74;140;58m██[38;2;189;148;82m██[38;2;74;140;58m██[38;2;0;0;0m██[38;2;0;0;0m██[38;2;0;0;0m██[38;2;65;65;65m██[38;2;189;148;82m██[38;2;156;115;66m██[38;2;156;115;66m██[38;2;189;148;82m██[38;2;156;115;66m██[38;2;0;0;0m██                
          [38;2;0;0;0m██  [38;2;0;0;0m██[38;2;0;0;0m██[38;2;0;0;0m██    [38;2;0;0;0m██[38;2;197;197;197m██[38;2;156;115;66m██[38;2;255;255;255m██[38;2;156;115;66m██[38;2;156;115;66m██[38;2;255;255;255m██[38;2;0;0;0m██                
                          [38;2;0;0;0m██[38;2;0;0;0m██[38;2;255;255;255m██[38;2;255;255;255m██[38;2;156;115;66m██[38;2;0;0;0m██                  
                              [38;2;0;0;0m██[38;2;0;0;0m██[38;2;0;0;0m██                    
