                    [38;2;0;0;0m██[38;2;0;0;0m██                                
                  [38;2;0;0;0m██[38;2;156;197;82m██[38;2;0;0;0m██                                
                  [38;2;0;0;0m██[38;2;156;197;82m██[38;2;0;0;0m██                                
                [38;2;0;0;0m██[38;2;156;197;82m██[38;2;156;197;82m██[38;2;0;0;0m██                                
              [38;2;0;0;0m██[38;2;0;0;0m██[38;2;156;197;82m██[38;2;156;197;82m██[38;2;0;0;0m██  [38;2;0;0;0m██[38;2;0;0;0m██[38;2;0;0;0m██                        
            [38;2;0;0;0m██[38;2;107;132;58m██[38;2;156;197;82m██[38;2;156;197;82m██[38;2;115;115;115m██[38;2;0;0;0m██[38;2;0;0;0m██[38;2;156;197;82m██[38;2;156;197;82m██[38;2;156;197;82m██[38;2;0;0;0m██                      
[38;2;0;0;0m██[38;2;0;0;0m██      [38;2;0;0;0m██[38;2;107;132;58m██[38;2;156;197;82m██[38;2;156;197;82m██[38;2;156;197;82m██[38;2;156;197;82m██[38;2;156;197;82m██[38;2;156;197;82m██[38;2;107;132;58m██[38;2;107;132;58m██[38;2;0;0;0m██          [38;2;0;0;0m██[38;2;0;0;0m██          
[38;2;0;0;0m██[38;2;107;132;58m██[38;2;0;0;0m██      [38;2;0;0;0m██[38;2;156;197;82m██[38;2;156;197;82m██[38;2;65;65;65m██[38;2;65;65;65m██[38;2;107;132;58m██[38;2;107;132;58m██[38;2;156;197;82m██[38;2;0;0;0m██          [38;2;0;0;0m██[38;2;156;197;82m██[38;2;0;0;0m██          
  [38;2;0;0;0m██[38;2;107;132;58m██[38;2;0;0;0m██  [38;2;0;0;0m██[38;2;156;197;82m██[38;2;107;132;58m██[38;2;0;0;0m██[38;2;230;74;41m██[38;2;255;255;255m██[38;2;107;132;58m██[38;2;156;197;82m██[38;2;156;197;82m██[38;2;156;197;82m██[38;2;0;0;0m██      [38;2;0;0;0m██[38;2;156;197;82m██[38;2;0;0;0m██            
  [38;2;0;0;0m██[38;2;107;132;58m██[38;2;0;0;0m██  [38;2;0;0;0m██[38;2;107;132;58m██[38;2;156;197;82m██[38;2;156;197;82m██[38;2;156;197;82m██[38;2;156;197;82m██[38;2;156;197;82m██[38;2;156;197;82m██[38;2;156;197;82m██[38;2;0;0;0m██    [38;2;0;0;0m██[38;2;0;0;0m██[38;2;156;197;82m██[38;2;156;197;82m██[38;2;0;0;0m██            
    [38;2;0;0;0m██[38;2;107;132;58m██[38;2;0;0;0m██  [38;2;0;0;0m██[38;2;65;65;65m██[38;2;65;65;65m██[38;2;65;65;65m██[38;2;156;197;82m██[38;2;156;197;82m██[38;2;156;197;82m██[38;2;156;197;82m██[38;2;156;197;82m██[38;2;0;0;0m██[38;2;0;0;0m██[38;2;156;197;82m██[38;2;156;197;82m██[38;2;156;197;82m██[38;2;0;0;0m██              
    [38;2;0;0;0m██[38;2;107;132;58m██[38;2;107;132;58m██[38;2;0;0;0m██[38;2;107;132;58m██[38;2;156;197;82m██[38;2;156;197;82m██[38;2;156;197;82m██[38;2;107;132;58m██[38;2;156;197;82m██[38;2;65;65;65m██[38;2;65;65;65m██[38;2;65;65;65m██[38;2;156;197;82m██[38;2;156;197;82m██[38;2;156;197;82m██[38;2;156;197;82m██[38;2;107;132;58m██[38;2;0;0;0m██              
      [38;2;0;0;0m██[38;2;107;132;58m██[38;2;107;132;58m██[38;2;107;132;58m██[38;2;107;132;58m██[38;2;65;65;65m██[38;2;156;197;82m██[38;2;65;65;65m██[38;2;65;65;65m██[38;2;156;197;82m██[38;2;156;197;82m██[38;2;156;197;82m██[38;2;156;197;82m██[38;2;156;197;82m██[38;2;107;132;58m██[38;2;0;0;0m██[38;2;0;0;0m██    [38;2;0;0;0m██[38;2;0;0;0m██        
    [38;2;0;0;0m██[38;2;107;132;58m██[38;2;65;65;65m██[38;2;156;197;82m██[38;2;107;132;58m██[38;2;65;65;65m██[38;2;65;65;65m██[38;2;65;65;65m██[38;2;156;197;82m██[38;2;156;197;82m██[38;2;156;197;82m██[38;2;156;197;82m██[38;2;107;132;58m██[38;2;65;65;65m██[38;2;65;65;65m██[38;2;0;0;0m██    [38;2;0;0;0m██[38;2;0;0;0m██[38;2;156;197;82m██[38;2;156;197;82m██[38;2;0;0;0m██      
  [38;2;0;0;0m██[38;2;65;65;65m██[38;2;107;132;58m██[38;2;107;132;58m██[38;2;65;65;65m██[38;2;156;197;82m██[38;2;65;65;65m██[38;2;65;65;65m██[38;2;156;197;82m██[38;2;156;197;82m██[38;2;156;197;82m██[38;2;156;197;82m██[38;2;107;132;58m██[38;2;65;65;65m██[38;2;107;132;58m██[38;2;107;132;58m██[38;2;65;65;65m██[38;2;0;0;0m██[38;2;0;0;0m██[38;2;107;132;58m██[38;2;156;197;82m██[38;2;0;0;0m██[38;2;0;0;0m██        
  [38;2;0;0;0m██[38;2;107;132;58m██[38;2;107;132;58m██[38;2;65;65;65m██[38;2;65;65;65m██[38;2;156;197;82m██[38;2;156;197;82m██[38;2;156;197;82m██[38;2;156;197;82m██[38;2;156;197;82m██[38;2;156;197;82m██[38;2;107;132;58m██[38;2;107;132;58m██[38;2;156;197;82m██[38;2;65;65;65m██[38;2;107;132;58m██[38;2;107;132;58m██[38;2;107;132;58m██[38;2;107;132;58m██[38;2;107;132;58m██[38;2;0;0;0m██            
    [38;2;0;0;0m██[38;2;0;0;0m██[38;2;0;0;0m██[38;2;181;66;66m██[38;2;156;197;82m██[38;2;156;197;82m██[38;2;156;197;82m██[38;2;65;65;65m██[38;2;65;65;65m██[38;2;156;197;82m██[38;2;65;65;65m██[38;2;156;197;82m██[38;2;156;197;82m██[38;2;107;132;58m██[38;2;65;65;65m██[38;2;107;132;58m██[38;2;65;65;65m██[38;2;65;65;65m██[38;2;0;0;0m██              
        [38;2;0;0;0m██[38;2;107;132;58m██[38;2;156;197;82m██[38;2;156;197;82m██[38;2;65;65;65m██[38;2;230;74;41m██[38;2;65;65;65m██[38;2;156;197;82m██[38;2;65;65;65m██[38;2;156;197;82m██[38;2;107;132;58m██[38;2;156;197;82m██[38;2;65;65;65m██[38;2;107;132;58m██[38;2;107;132;58m██[38;2;107;132;58m██[38;2;0;0;0m██[38;2;0;0;0m██[38;2;0;0;0m██    [38;2;0;0;0m██[38;2;0;0;0m██  
      [38;2;0;0;0m██[38;2;65;65;65m██[38;2;107;132;58m██[38;2;107;132;58m██[38;2;156;197;82m██[38;2;65;65;65m██[38;2;65;65;65m██[38;2;156;197;82m██[38;2;156;197;82m██[38;2;156;197;82m██[38;2;65;65;65m██[38;2;156;197;82m██[38;2;156;197;82m██[38;2;255;255;255m██[38;2;0;0;0m██[38;2;0;0;0m██[38;2;107;132;58m██[38;2;156;197;82m██[38;2;156;197;82m██[38;2;107;132;58m██[38;2;0;0;0m██[38;2;0;0;0m██[38;2;107;132;58m██[38;2;107;132;58m██[38;2;0;0;0m██
      [38;2;0;0;0m██[38;2;107;132;58m██[38;2;107;132;58m██[38;2;107;132;58m██[38;2;65;65;65m██[38;2;107;132;58m██[38;2;156;197;82m██[38;2;156;197;82m██[38;2;156;197;82m██[38;2;156;197;82m██[38;2;156;197;82m██[38;2;65;65;65m██[38;2;255;255;255m██[38;2;0;0;0m██    [38;2;0;0;0m██[38;2;65;65;65m██[38;2;65;65;65m██[38;2;156;197;82m██[38;2;156;197;82m██[38;2;65;65;65m██[38;2;0;0;0m██[38;2;0;0;0m██  
        [38;2;0;0;0m██[38;2;107;132;58m██[38;2;65;65;65m██[38;2;230;74;41m██[38;2;65;65;65m██[38;2;65;65;65m██[38;2;156;197;82m██[38;2;156;197;82m██[38;2;107;132;58m██[38;2;156;197;82m██[38;2;65;65;65m██[38;2;65;65;65m██[38;2;65;65;65m██[38;2;0;0;0m██[38;2;0;0;0m██[38;2;107;132;58m██[38;2;107;132;58m██[38;2;107;132;58m██[38;2;65;65;65m██[38;2;65;65;65m██[38;2;0;0;0m██      
      [38;2;0;0;0m██[38;2;107;132;58m██[38;2;65;65;65m██[38;2;65;65;65m██[38;2;181;66;66m██[38;2;181;66;66m██[38;2;181;66;66m██[38;2;65;65;65m██[38;2;156;197;82m██[38;2;65;65;65m██[38;2;65;65;65m██[38;2;65;65;65m██[38;2;156;197;82m██[38;2;156;197;82m██[38;2;65;65;65m██[38;2;107;132;58m██[38;2;107;132;58m██[38;2;107;132;58m██[38;2;107;132;58m██[38;2;65;65;65m██[38;2;107;132;58m██[38;2;65;65;65m██[38;2;0;0;0m██    
      [38;2;0;0;0m██[38;2;65;65;65m██[38;2;107;132;58m██[38;2;107;132;58m██[38;2;65;65;65m██[38;2;230;74;41m██[38;2;107;132;58m██[38;2;107;132;58m██[38;2;65;65;65m██[38;2;65;65;65m██[38;2;107;132;58m██[38;2;156;197;82m██[38;2;156;197;82m██[38;2;156;197;82m██[38;2;107;132;58m██[38;2;65;65;65m██[38;2;107;132;58m██[38;2;107;132;58m██[38;2;0;0;0m██[38;2;0;0;0m██[38;2;0;0;0m██[38;2;107;132;58m██[38;2;107;132;58m██[38;2;0;0;0m██  
        [38;2;0;0;0m██[38;2;65;65;65m██[38;2;65;65;65m██[38;2;107;132;58m██[38;2;65;65;65m██[38;2;0;0;0m██[38;2;107;132;58m██[38;2;107;132;58m██[38;2;65;65;65m██[38;2;156;197;82m██[38;2;156;197;82m██[38;2;107;132;58m██[38;2;107;132;58m██[38;2;156;197;82m██[38;2;0;0;0m██[38;2;0;0;0m██[38;2;0;0;0m██      [38;2;0;0;0m██[38;2;0;0;0m██    
        [38;2;0;0;0m██[38;2;107;132;58m██[38;2;107;132;58m██[38;2;65;65;65m██[38;2;0;0;0m██  [38;2;0;0;0m██[38;2;0;0;0m██[38;2;0;0;0m██[38;2;156;197;82m██[38;2;107;132;58m██[38;2;156;197;82m██[38;2;156;197;82m██[38;2;107;132;58m██[38;2;0;0;0m██                  
          [38;2;0;0;0m██[38;2;0;0;0m██[38;2;0;0;0m██          [38;2;0;0;0m██[38;2;156;197;82m██[38;2;156;197;82m██[38;2;156;197;82m██[38;2;0;0;0m██                    
                            [38;2;0;0;0m██[38;2;107;132;58m██[38;2;107;132;58m██[38;2;107;132;58m██[38;2;0;0;0m██                  
                            [38;2;0;0;0m██[38;2;255;255;255m██[38;2;0;0;0m██[38;2;255;255;255m██[38;2;0;0;0m██                  
                              [38;2;0;0;0m██  [38;2;0;0;0m██                    
