        [38;2;0;0;0m██[38;2;0;0;0m██        
      [38;2;0;0;0m██[38;2;165;165;165m██[38;2;107;107;107m██[38;2;0;0;0m██      
      [38;2;0;0;0m██[38;2;132;132;132m██[38;2;65;65;65m██[38;2;0;0;0m██      
      [38;2;0;0;0m██[38;2;132;132;132m██[38;2;65;65;65m██[38;2;0;0;0m██      
      [38;2;0;0;0m██[38;2;132;132;132m██[38;2;65;65;65m██[38;2;0;0;0m██      
    [38;2;0;0;0m██[38;2;65;65;65m██[38;2;132;132;132m██[38;2;65;65;65m██[38;2;0;0;0m██[38;2;0;0;0m██    
  [38;2;0;0;0m██[38;2;132;132;132m██[38;2;132;132;132m██[38;2;65;65;65m██[38;2;65;65;65m██[38;2;165;165;165m██[38;2;132;132;132m██[38;2;0;0;0m██  
  [38;2;0;0;0m██[38;2;107;107;107m██[38;2;206;206;206m██[38;2;255;255;255m██[38;2;206;206;206m██[38;2;65;65;65m██[38;2;165;165;165m██[38;2;0;0;0m██  
[38;2;0;0;0m██[38;2;107;107;107m██[38;2;206;206;206m██[38;2;255;255;255m██[38;2;255;255;255m██[38;2;255;255;255m██[38;2;206;206;206m██[38;2;65;65;65m██[38;2;165;165;165m██[38;2;0;0;0m██
[38;2;0;0;0m██[38;2;107;107;107m██[38;2;255;255;255m██[38;2;65;65;65m██[38;2;132;132;132m██[38;2;255;255;255m██[38;2;255;255;255m██[38;2;65;65;65m██[38;2;165;165;165m██[38;2;0;0;0m██
[38;2;0;0;0m██[38;2;107;107;107m██[38;2;255;255;255m██[38;2;165;165;165m██[38;2;0;0;0m██[38;2;255;255;255m██[38;2;255;255;255m██[38;2;65;65;65m██[38;2;132;132;132m██[38;2;0;0;0m██
  [38;2;0;0;0m██[38;2;255;255;255m██[38;2;0;0;0m██[38;2;65;65;65m██[38;2;255;255;255m██[38;2;255;255;255m██[38;2;65;65;65m██[38;2;132;132;132m██[38;2;0;0;0m██
  [38;2;0;0;0m██[38;2;206;206;206m██[38;2;255;255;255m██[38;2;255;255;255m██[38;2;255;255;255m██[38;2;206;206;206m██[38;2;65;65;65m██[38;2;0;0;0m██  
    [38;2;0;0;0m██[38;2;206;206;206m██[38;2;255;255;255m██[38;2;206;206;206m██[38;2;65;65;65m██[38;2;0;0;0m██    
      [38;2;0;0;0m██[38;2;65;65;65m██[38;2;65;65;65m██[38;2;0;0;0m██      
      [38;2;0;0;0m██[38;2;132;132;132m██[38;2;65;65;65m██[38;2;0;0;0m██      
      [38;2;0;0;0m██[38;2;132;132;132m██[38;2;65;65;65m██[38;2;0;0;0m██      
      [38;2;0;0;0m██[38;2;132;132;132m██[38;2;65;65;65m██[38;2;0;0;0m██      
      [38;2;0;0;0m██[38;2;132;132;132m██[38;2;65;65;65m██[38;2;0;0;0m██      
        [38;2;0;0;0m██[38;2;0;0;0m██        
