    [38;2;0;0;0m██[38;2;0;0;0m██[38;2;0;0;0m██                                                          
  [38;2;0;0;0m██[38;2;82;90;106m██[38;2;189;180;205m██[38;2;189;180;205m██[38;2;0;0;0m██              [38;2;0;0;0m██                                        
  [38;2;0;0;0m██[38;2;189;180;205m██[38;2;156;139;156m██[38;2;189;180;205m██[38;2;189;180;205m██[38;2;0;0;0m██          [38;2;0;0;0m██[38;2;164;156;222m██[38;2;0;0;0m██                                      
  [38;2;0;0;0m██[38;2;189;180;205m██[38;2;156;139;156m██[38;2;189;180;205m██[38;2;189;180;205m██[38;2;0;0;0m██        [38;2;0;0;0m██[38;2;164;156;222m██[38;2;164;156;222m██[38;2;0;0;0m██                                      
  [38;2;0;0;0m██[38;2;189;180;205m██[38;2;156;139;156m██[38;2;189;180;205m██[38;2;189;180;205m██[38;2;189;180;205m██[38;2;0;0;0m██    [38;2;0;0;0m██[38;2;164;156;222m██[38;2;164;156;222m██[38;2;0;0;0m██                                        
    [38;2;0;0;0m██[38;2;189;180;205m██[38;2;156;139;156m██[38;2;189;180;205m██[38;2;189;180;205m██[38;2;0;0;0m██  [38;2;0;0;0m██[38;2;164;156;222m██[38;2;164;156;222m██[38;2;164;156;222m██[38;2;0;0;0m██                                        
    [38;2;0;0;0m██[38;2;189;180;205m██[38;2;156;139;156m██[38;2;189;180;205m██[38;2;189;180;205m██[38;2;0;0;0m██  [38;2;0;0;0m██[38;2;164;156;222m██[38;2;164;156;222m██[38;2;0;0;0m██                                          
    [38;2;0;0;0m██[38;2;189;180;205m██[38;2;156;139;156m██[38;2;65;65;65m██[38;2;189;180;205m██[38;2;189;180;205m██[38;2;0;0;0m██[38;2;164;156;222m██[38;2;164;156;222m██[38;2;164;156;222m██[38;2;0;0;0m██                            [38;2;0;0;0m██[38;2;0;0;0m██[38;2;0;0;0m██[38;2;0;0;0m██[38;2;0;0;0m██    
    [38;2;0;0;0m██[38;2;189;180;205m██[38;2;65;65;65m██[38;2;123;123;172m██[38;2;65;65;65m██[38;2;189;180;205m██[38;2;65;65;65m██[38;2;164;156;222m██[38;2;164;156;222m██[38;2;0;0;0m██                        [38;2;0;0;0m██[38;2;0;0;0m██[38;2;0;0;0m██[38;2;230;213;222m██[38;2;230;213;222m██[38;2;230;213;222m██[38;2;230;213;222m██[38;2;230;213;222m██[38;2;0;0;0m██  
    [38;2;0;0;0m██[38;2;189;180;205m██[38;2;65;65;65m██[38;2;123;123;172m██[38;2;65;65;65m██[38;2;65;65;65m██[38;2;164;156;222m██[38;2;164;156;222m██[38;2;164;156;222m██[38;2;0;0;0m██                  [38;2;0;0;0m██[38;2;0;0;0m██[38;2;0;0;0m██[38;2;230;213;222m██[38;2;230;213;222m██[38;2;189;180;205m██[38;2;189;180;205m██[38;2;189;180;205m██[38;2;189;180;205m██[38;2;189;180;205m██[38;2;189;180;205m██[38;2;230;213;222m██[38;2;0;0;0m██
      [38;2;0;0;0m██[38;2;65;65;65m██[38;2;123;123;172m██[38;2;123;123;172m██[38;2;82;90;106m██[38;2;164;156;222m██[38;2;164;156;222m██[38;2;164;156;222m██[38;2;0;0;0m██      [38;2;0;0;0m██[38;2;0;0;0m██    [38;2;0;0;0m██[38;2;0;0;0m██[38;2;230;213;222m██[38;2;230;213;222m██[38;2;189;180;205m██[38;2;189;180;205m██[38;2;189;180;205m██[38;2;230;213;222m██[38;2;230;213;222m██[38;2;230;213;222m██[38;2;230;213;222m██[38;2;230;213;222m██[38;2;230;213;222m██[38;2;189;180;205m██[38;2;0;0;0m██
      [38;2;0;0;0m██[38;2;123;123;172m██[38;2;123;123;172m██[38;2;82;90;106m██[38;2;164;156;222m██[38;2;164;156;222m██[38;2;164;156;222m██[38;2;0;0;0m██    [38;2;0;0;0m██[38;2;0;0;0m██[38;2;164;156;222m██[38;2;164;156;222m██[38;2;0;0;0m██[38;2;0;0;0m██[38;2;230;213;222m██[38;2;189;180;205m██[38;2;189;180;205m██[38;2;189;180;205m██[38;2;230;213;222m██[38;2;230;213;222m██[38;2;230;213;222m██[38;2;230;213;222m██[38;2;230;213;222m██[38;2;230;213;222m██[38;2;230;213;222m██[38;2;230;213;222m██[38;2;230;213;222m██[38;2;230;213;222m██[38;2;0;0;0m██
      [38;2;0;0;0m██[38;2;123;123;172m██[38;2;123;123;172m██[38;2;82;90;106m██[38;2;164;156;222m██[38;2;164;156;222m██[38;2;164;156;222m██[38;2;0;0;0m██  [38;2;0;0;0m██[38;2;164;156;222m██[38;2;164;156;222m██[38;2;164;156;222m██[38;2;65;65;65m██[38;2;82;90;106m██[38;2;230;213;222m██[38;2;189;180;205m██[38;2;230;213;222m██[38;2;230;213;222m██[38;2;230;213;222m██[38;2;230;213;222m██[38;2;230;213;222m██[38;2;230;213;222m██[38;2;230;213;222m██[38;2;230;213;222m██[38;2;230;213;222m██[38;2;230;213;222m██[38;2;230;213;222m██[38;2;230;213;222m██[38;2;230;213;222m██[38;2;0;0;0m██
      [38;2;0;0;0m██[38;2;123;123;172m██[38;2;82;90;106m██[38;2;164;156;222m██[38;2;164;156;222m██[38;2;164;156;222m██[38;2;164;156;222m██[38;2;0;0;0m██[38;2;0;0;0m██[38;2;164;156;222m██[38;2;164;156;222m██[38;2;123;123;172m██[38;2;65;65;65m██[38;2;82;90;106m██[38;2;230;213;222m██[38;2;189;180;205m██[38;2;230;213;222m██[38;2;230;213;222m██[38;2;230;213;222m██[38;2;230;213;222m██[38;2;230;213;222m██[38;2;230;213;222m██[38;2;230;213;222m██[38;2;189;180;205m██[38;2;189;180;205m██[38;2;189;180;205m██[38;2;189;180;205m██[38;2;189;180;205m██[38;2;189;180;205m██[38;2;0;0;0m██  
    [38;2;0;0;0m██[38;2;123;123;172m██[38;2;82;90;106m██[38;2;164;156;222m██[38;2;164;156;222m██[38;2;164;156;222m██[38;2;164;156;222m██[38;2;65;65;65m██[38;2;164;156;222m██[38;2;164;156;222m██[38;2;164;156;222m██[38;2;65;65;65m██[38;2;65;65;65m██[38;2;82;90;106m██[38;2;230;213;222m██[38;2;189;180;205m██[38;2;230;213;222m██[38;2;230;213;222m██[38;2;230;213;222m██[38;2;230;213;222m██[38;2;189;180;205m██[38;2;189;180;205m██[38;2;189;180;205m██[38;2;189;180;205m██[38;2;230;213;222m██[38;2;230;213;222m██[38;2;230;213;222m██[38;2;230;213;222m██[38;2;230;213;222m██[38;2;0;0;0m██    
    [38;2;0;0;0m██[38;2;123;123;172m██[38;2;164;156;222m██[38;2;164;156;222m██[38;2;164;156;222m██[38;2;82;90;106m██[38;2;82;90;106m██[38;2;164;156;222m██[38;2;164;156;222m██[38;2;164;156;222m██[38;2;65;65;65m██[38;2;65;65;65m██[38;2;82;90;106m██[38;2;189;180;205m██[38;2;156;139;156m██[38;2;230;213;222m██[38;2;230;213;222m██[38;2;230;213;222m██[38;2;189;180;205m██[38;2;189;180;205m██[38;2;189;180;205m██[38;2;189;180;205m██[38;2;230;213;222m██[38;2;230;213;222m██[38;2;230;213;222m██[38;2;230;213;222m██[38;2;230;213;222m██[38;2;230;213;222m██[38;2;0;0;0m██      
  [38;2;0;0;0m██[38;2;255;255;255m██[38;2;164;156;222m██[38;2;164;156;222m██[38;2;164;156;222m██[38;2;164;156;222m██[38;2;164;156;222m██[38;2;164;156;222m██[38;2;164;156;222m██[38;2;164;156;222m██[38;2;65;65;65m██[38;2;82;90;106m██[38;2;82;90;106m██[38;2;189;180;205m██[38;2;156;139;156m██[38;2;230;213;222m██[38;2;230;213;222m██[38;2;189;180;205m██[38;2;189;180;205m██[38;2;230;213;222m██[38;2;230;213;222m██[38;2;230;213;222m██[38;2;230;213;222m██[38;2;189;180;205m██[38;2;189;180;205m██[38;2;189;180;205m██[38;2;189;180;205m██[38;2;230;213;222m██[38;2;0;0;0m██        
[38;2;0;0;0m██[38;2;189;205;205m██[38;2;65;65;65m██[38;2;164;156;222m██[38;2;164;156;222m██[38;2;164;156;222m██[38;2;164;156;222m██[38;2;164;156;222m██[38;2;65;65;65m██[38;2;65;65;65m██[38;2;65;65;65m██[38;2;82;90;106m██[38;2;82;90;106m██[38;2;189;180;205m██[38;2;156;139;156m██[38;2;189;180;205m██[38;2;189;180;205m██[38;2;156;139;156m██[38;2;230;213;222m██[38;2;230;213;222m██[38;2;230;213;222m██[38;2;230;213;222m██[38;2;230;213;222m██[38;2;230;213;222m██[38;2;230;213;222m██[38;2;230;213;222m██[38;2;230;213;222m██[38;2;0;0;0m██[38;2;0;0;0m██          
[38;2;0;0;0m██[38;2;213;246;255m██[38;2;65;65;65m██[38;2;164;156;222m██[38;2;164;156;222m██[38;2;164;156;222m██[38;2;164;156;222m██[38;2;65;65;65m██[38;2;255;255;255m██[38;2;255;255;255m██[38;2;189;205;205m██[38;2;65;65;65m██[38;2;189;180;205m██[38;2;156;139;156m██[38;2;189;180;205m██[38;2;189;180;205m██[38;2;156;139;156m██[38;2;230;213;222m██[38;2;230;213;222m██[38;2;230;213;222m██[38;2;189;180;205m██[38;2;189;180;205m██[38;2;189;180;205m██[38;2;189;180;205m██[38;2;189;180;205m██[38;2;230;213;222m██[38;2;0;0;0m██              
  [38;2;0;0;0m██[38;2;213;246;255m██[38;2;164;156;222m██[38;2;164;156;222m██[38;2;123;123;172m██[38;2;65;65;65m██[38;2;189;205;205m██[38;2;255;255;255m██[38;2;255;255;255m██[38;2;82;90;106m██[38;2;189;205;205m██[38;2;65;65;65m██[38;2;65;65;65m██[38;2;189;180;205m██[38;2;156;139;156m██[38;2;189;180;205m██[38;2;230;213;222m██[38;2;189;180;205m██[38;2;189;180;205m██[38;2;230;213;222m██[38;2;230;213;222m██[38;2;230;213;222m██[38;2;230;213;222m██[38;2;230;213;222m██[38;2;0;0;0m██                
    [38;2;0;0;0m██[38;2;123;123;172m██[38;2;123;123;172m██[38;2;123;123;172m██[38;2;65;65;65m██[38;2;189;205;205m██[38;2;65;65;65m██[38;2;65;65;65m██[38;2;65;65;65m██[38;2;213;246;255m██[38;2;65;65;65m██[38;2;164;156;222m██[38;2;65;65;65m██[38;2;189;180;205m██[38;2;189;180;205m██[38;2;156;139;156m██[38;2;230;213;222m██[38;2;230;213;222m██[38;2;189;180;205m██[38;2;189;180;205m██[38;2;189;180;205m██[38;2;189;180;205m██[38;2;230;213;222m██[38;2;0;0;0m██                
  [38;2;0;0;0m██[38;2;213;213;213m██[38;2;123;123;172m██[38;2;123;123;172m██[38;2;82;90;106m██[38;2;65;65;65m██[38;2;213;246;255m██[38;2;82;90;106m██[38;2;65;65;65m██[38;2;82;90;106m██[38;2;213;246;255m██[38;2;65;65;65m██[38;2;164;156;222m██[38;2;164;156;222m██[38;2;189;180;205m██[38;2;156;139;156m██[38;2;230;213;222m██[38;2;230;213;222m██[38;2;230;213;222m██[38;2;230;213;222m██[38;2;230;213;222m██[38;2;230;213;222m██[38;2;230;213;222m██[38;2;0;0;0m██                  
  [38;2;0;0;0m██[38;2;213;213;213m██[38;2;123;123;172m██[38;2;82;90;106m██[38;2;255;255;255m██[38;2;82;90;106m██[38;2;65;65;65m██[38;2;213;246;255m██[38;2;213;246;255m██[38;2;213;246;255m██[38;2;65;65;65m██[38;2;164;156;222m██[38;2;164;156;222m██[38;2;123;123;172m██[38;2;65;65;65m██[38;2;230;213;222m██[38;2;230;213;222m██[38;2;82;90;106m██[38;2;82;90;106m██[38;2;82;90;106m██[38;2;82;90;106m██[38;2;230;213;222m██[38;2;230;213;222m██[38;2;0;0;0m██                  
    [38;2;0;0;0m██[38;2;65;65;65m██[38;2;65;65;65m██[38;2;255;255;255m██[38;2;65;65;65m██[38;2;164;156;222m██[38;2;65;65;65m██[38;2;65;65;65m██[38;2;65;65;65m██[38;2;164;156;222m██[38;2;65;65;65m██[38;2;65;65;65m██[38;2;123;123;172m██[38;2;65;65;65m██[38;2;82;90;106m██[38;2;82;90;106m██[38;2;189;180;205m██[38;2;189;180;205m██[38;2;189;180;205m██[38;2;189;180;205m██[38;2;82;90;106m██[38;2;0;0;0m██                    
      [38;2;0;0;0m██[38;2;180;172;148m██[38;2;65;65;65m██[38;2;164;156;222m██[38;2;164;156;222m██[38;2;164;156;222m██[38;2;164;156;222m██[38;2;123;123;172m██[38;2;65;65;65m██[38;2;222;213;197m██[38;2;222;213;197m██[38;2;82;90;106m██[38;2;65;65;65m██[38;2;156;139;156m██[38;2;156;139;156m██[38;2;156;139;156m██[38;2;156;139;156m██[38;2;189;180;205m██[38;2;189;180;205m██[38;2;230;213;222m██[38;2;230;213;222m██[38;2;0;0;0m██                  
      [38;2;0;0;0m██[38;2;180;172;148m██[38;2;82;90;106m██[38;2;123;123;172m██[38;2;164;156;222m██[38;2;164;156;222m██[38;2;65;65;65m██[38;2;65;65;65m██[38;2;222;213;197m██[38;2;222;213;197m██[38;2;82;90;106m██[38;2;180;172;148m██[38;2;82;90;106m██[38;2;65;65;65m██[38;2;156;139;156m██[38;2;189;180;205m██[38;2;189;180;205m██[38;2;156;139;156m██[38;2;156;139;156m██[38;2;230;213;222m██[38;2;230;213;222m██[38;2;230;213;222m██[38;2;0;0;0m██                
        [38;2;0;0;0m██[38;2;65;65;65m██[38;2;82;90;106m██[38;2;123;123;172m██[38;2;65;65;65m██[38;2;222;213;197m██[38;2;222;213;197m██[38;2;222;213;197m██[38;2;82;90;106m██[38;2;180;172;148m██[38;2;82;90;106m██[38;2;180;172;148m██[38;2;65;65;65m██[38;2;189;180;205m██[38;2;156;139;156m██[38;2;156;139;156m██[38;2;230;213;222m██[38;2;230;213;222m██[38;2;189;180;205m██[38;2;189;180;205m██[38;2;230;213;222m██[38;2;0;0;0m██                
          [38;2;0;0;0m██[38;2;180;172;148m██[38;2;82;90;106m██[38;2;123;123;172m██[38;2;65;65;65m██[38;2;82;90;106m██[38;2;82;90;106m██[38;2;180;172;148m██[38;2;82;90;106m██[38;2;180;172;148m██[38;2;65;65;65m██[38;2;180;172;148m██[38;2;65;65;65m██[38;2;0;0;0m██[38;2;230;213;222m██[38;2;189;180;205m██[38;2;189;180;205m██[38;2;230;213;222m██[38;2;230;213;222m██[38;2;0;0;0m██                  
            [38;2;0;0;0m██[38;2;0;0;0m██[38;2;65;65;65m██[38;2;65;65;65m██[38;2;180;172;148m██[38;2;180;172;148m██[38;2;82;90;106m██[38;2;65;65;65m██[38;2;65;65;65m██[38;2;180;172;148m██[38;2;180;172;148m██[38;2;0;0;0m██  [38;2;0;0;0m██[38;2;230;213;222m██[38;2;230;213;222m██[38;2;189;180;205m██[38;2;230;213;222m██[38;2;230;213;222m██[38;2;0;0;0m██[38;2;0;0;0m██              
                [38;2;0;0;0m██[38;2;222;213;197m██[38;2;65;65;65m██[38;2;65;65;65m██[38;2;65;65;65m██[38;2;180;172;148m██[38;2;222;213;197m██[38;2;222;213;197m██[38;2;180;172;148m██[38;2;131;115;90m██[38;2;0;0;0m██  [38;2;0;0;0m██[38;2;0;0;0m██[38;2;0;0;0m██[38;2;0;0;0m██[38;2;230;213;222m██[38;2;230;213;222m██[38;2;230;213;222m██[38;2;0;0;0m██            
                [38;2;0;0;0m██[38;2;131;115;90m██[38;2;222;213;197m██[38;2;222;213;197m██[38;2;222;213;197m██[38;2;222;213;197m██[38;2;222;213;197m██[38;2;131;115;90m██[38;2;131;115;90m██[38;2;180;172;148m██[38;2;0;0;0m██          [38;2;0;0;0m██[38;2;230;213;222m██[38;2;230;213;222m██[38;2;0;0;0m██            
                  [38;2;0;0;0m██[38;2;131;115;90m██[38;2;222;213;197m██[38;2;131;115;90m██[38;2;222;213;197m██[38;2;131;115;90m██[38;2;131;115;90m██[38;2;180;172;148m██[38;2;131;115;90m██[38;2;0;0;0m██            [38;2;0;0;0m██[38;2;0;0;0m██              
                  [38;2;0;0;0m██[38;2;180;172;148m██[38;2;131;115;90m██[38;2;180;172;148m██[38;2;131;115;90m██[38;2;180;172;148m██[38;2;180;172;148m██[38;2;180;172;148m██[38;2;0;0;0m██                                
                    [38;2;0;0;0m██[38;2;180;172;148m██[38;2;180;172;148m██[38;2;180;172;148m██[38;2;180;172;148m██[38;2;131;115;90m██[38;2;131;115;90m██[38;2;0;0;0m██                                
                      [38;2;0;0;0m██[38;2;0;0;0m██[38;2;131;115;90m██[38;2;131;115;90m██[38;2;180;172;148m██[38;2;0;0;0m██                                  
                          [38;2;0;0;0m██[38;2;0;0;0m██[38;2;0;0;0m██                                    
