                        [38;2;0;0;0m██[38;2;0;0;0m██[38;2;0;0;0m██  [38;2;0;0;0m██[38;2;0;0;0m██[38;2;0;0;0m██[38;2;0;0;0m██                  
                    [38;2;0;0;0m██[38;2;0;0;0m██[38;2;255;255;255m██[38;2;247;132;140m██[38;2;247;132;140m██[38;2;0;0;0m██[38;2;247;132;140m██[38;2;247;132;140m██[38;2;255;255;255m██[38;2;255;255;255m██[38;2;0;0;0m██[38;2;0;0;0m██              
                  [38;2;0;0;0m██[38;2;255;255;255m██[38;2;255;255;255m██[38;2;247;132;140m██[38;2;247;132;140m██[38;2;65;65;65m██[38;2;65;65;65m██[38;2;65;65;65m██[38;2;247;132;140m██[38;2;247;132;140m██[38;2;247;132;140m██[38;2;247;132;140m██[38;2;247;132;140m██[38;2;0;0;0m██            
            [38;2;0;0;0m██[38;2;0;0;0m██[38;2;0;0;0m██[38;2;247;132;140m██[38;2;247;132;140m██[38;2;247;132;140m██[38;2;165;66;74m██[38;2;65;65;65m██[38;2;255;197;0m██[38;2;255;197;0m██[38;2;255;197;0m██[38;2;65;65;65m██[38;2;165;66;74m██[38;2;165;66;74m██[38;2;165;66;74m██[38;2;247;132;140m██[38;2;0;0;0m██            
      [38;2;0;0;0m██[38;2;0;0;0m██[38;2;0;0;0m██[38;2;82;148;123m██[38;2;82;148;123m██[38;2;65;65;65m██[38;2;247;132;140m██[38;2;165;66;74m██[38;2;165;66;74m██[38;2;247;132;140m██[38;2;247;132;140m██[38;2;65;65;65m██[38;2;65;65;65m██[38;2;65;65;65m██[38;2;247;132;140m██[38;2;165;66;74m██[38;2;255;255;255m██[38;2;255;255;255m██[38;2;165;66;74m██[38;2;165;66;74m██[38;2;0;0;0m██          
    [38;2;0;0;0m██[38;2;82;148;123m██[38;2;82;148;123m██[38;2;82;148;123m██[38;2;82;148;123m██[38;2;58;132;123m██[38;2;82;148;123m██[38;2;65;65;65m██[38;2;247;132;140m██[38;2;247;132;140m██[38;2;255;255;255m██[38;2;255;255;255m██[38;2;247;132;140m██[38;2;247;132;140m██[38;2;247;132;140m██[38;2;165;66;74m██[38;2;247;132;140m██[38;2;247;132;140m██[38;2;255;255;255m██[38;2;255;255;255m██[38;2;247;132;140m██[38;2;0;0;0m██[38;2;0;0;0m██[38;2;0;0;0m██      
      [38;2;0;0;0m██[38;2;82;148;123m██[38;2;65;65;65m██[38;2;65;65;65m██[38;2;65;65;65m██[38;2;65;65;65m██[38;2;247;132;140m██[38;2;247;132;140m██[38;2;255;255;255m██[38;2;255;255;255m██[38;2;255;255;255m██[38;2;247;132;140m██[38;2;247;132;140m██[38;2;247;132;140m██[38;2;165;66;74m██[38;2;247;132;140m██[38;2;247;132;140m██[38;2;247;132;140m██[38;2;247;132;140m██[38;2;247;132;140m██[38;2;65;65;65m██[38;2;82;148;123m██[38;2;82;148;123m██[38;2;0;0;0m██    
    [38;2;0;0;0m██[38;2;65;65;65m██[38;2;65;65;65m██[38;2;115;189;148m██[38;2;115;189;148m██[38;2;115;189;148m██[38;2;65;65;65m██[38;2;65;65;65m██[38;2;247;132;140m██[38;2;247;132;140m██[38;2;247;132;140m██[38;2;247;132;140m██[38;2;247;132;140m██[38;2;247;132;140m██[38;2;165;66;74m██[38;2;65;65;65m██[38;2;65;65;65m██[38;2;247;132;140m██[38;2;247;132;140m██[38;2;247;132;140m██[38;2;65;65;65m██[38;2;65;65;65m██[38;2;58;115;99m██[38;2;82;148;123m██[38;2;82;148;123m██[38;2;0;0;0m██  
  [38;2;0;0;0m██[38;2;115;189;148m██[38;2;58;132;123m██[38;2;115;189;148m██[38;2;82;148;123m██[38;2;115;189;148m██[38;2;82;148;123m██[38;2;115;189;148m██[38;2;65;65;65m██[38;2;65;65;65m██[38;2;65;65;65m██[38;2;65;65;65m██[38;2;247;132;140m██[38;2;247;132;140m██[38;2;65;65;65m██[38;2;65;65;65m██[38;2;65;65;65m██[38;2;65;65;65m██[38;2;65;65;65m██[38;2;65;65;65m██[38;2;65;65;65m██[38;2;115;189;148m██[38;2;115;189;148m██[38;2;65;65;65m██[38;2;65;65;65m██[38;2;65;65;65m██    
    [38;2;0;0;0m██[38;2;115;189;148m██[38;2;115;189;148m██[38;2;82;148;123m██[38;2;115;189;148m██[38;2;82;148;123m██[38;2;115;189;148m██[38;2;115;189;148m██[38;2;65;65;65m██[38;2;65;65;65m██[38;2;65;65;65m██[38;2;65;65;65m██[38;2;65;65;65m██[38;2;148;115;74m██[38;2;148;115;74m██[38;2;65;65;65m██[38;2;65;65;65m██[38;2;65;65;65m██[38;2;115;189;148m██[38;2;115;189;148m██[38;2;115;189;148m██[38;2;115;189;148m██[38;2;115;189;148m██[38;2;115;189;148m██[38;2;115;189;148m██[38;2;0;0;0m██  
  [38;2;0;0;0m██[38;2;115;189;148m██[38;2;58;132;123m██[38;2;115;189;148m██[38;2;65;65;65m██[38;2;65;65;65m██[38;2;82;148;123m██[38;2;115;189;148m██[38;2;65;65;65m██[38;2;65;65;65m██[38;2;65;65;65m██[38;2;65;65;65m██[38;2;148;115;74m██[38;2;148;115;74m██[38;2;148;115;74m██[38;2;65;65;65m██[38;2;65;65;65m██[38;2;115;189;148m██[38;2;58;132;123m██[38;2;65;65;65m██[38;2;65;65;65m██[38;2;115;189;148m██[38;2;115;189;148m██[38;2;58;132;123m██[38;2;115;189;148m██[38;2;115;189;148m██[38;2;115;189;148m██[38;2;0;0;0m██
  [38;2;0;0;0m██[38;2;0;0;0m██[38;2;58;132;123m██[38;2;65;65;65m██[38;2;107;197;197m██[38;2;107;197;197m██[38;2;165;66;74m██[38;2;165;66;74m██[38;2;65;65;65m██[38;2;165;66;74m██[38;2;165;66;74m██[38;2;65;65;65m██[38;2;148;115;74m██[38;2;148;115;74m██[38;2;65;65;65m██[38;2;115;189;148m██[38;2;115;189;148m██[38;2;115;189;148m██[38;2;115;189;148m██[38;2;58;132;123m██[38;2;115;189;148m██[38;2;65;65;65m██[38;2;65;65;65m██[38;2;58;132;123m██[38;2;115;189;148m██[38;2;58;132;123m██[38;2;115;189;148m██[38;2;0;0;0m██
      [38;2;0;0;0m██[38;2;65;65;65m██[38;2;107;197;197m██[38;2;165;66;74m██[38;2;165;66;74m██[38;2;247;132;140m██[38;2;165;66;74m██[38;2;247;132;140m██[38;2;165;66;74m██[38;2;165;66;74m██[38;2;65;65;65m██[38;2;148;115;74m██[38;2;148;115;74m██[38;2;65;65;65m██[38;2;115;189;148m██[38;2;82;148;123m██[38;2;115;189;148m██[38;2;115;189;148m██[38;2;58;132;123m██[38;2;58;132;123m██[38;2;115;189;148m██[38;2;65;65;65m██[38;2;115;189;148m██[38;2;0;0;0m██[38;2;0;0;0m██  
  [38;2;0;0;0m██[38;2;0;0;0m██[38;2;58;132;123m██[38;2;65;65;65m██[38;2;165;66;74m██[38;2;247;132;140m██[38;2;247;132;140m██[38;2;247;132;140m██[38;2;247;132;140m██[38;2;247;132;140m██[38;2;247;132;140m██[38;2;247;132;140m██[38;2;165;66;74m██[38;2;65;65;65m██[38;2;65;65;65m██[38;2;65;65;65m██[38;2;115;189;148m██[38;2;82;148;123m██[38;2;115;189;148m██[38;2;115;189;148m██[38;2;115;189;148m██[38;2;115;189;148m██[38;2;115;189;148m██[38;2;115;189;148m██[38;2;0;0;0m██      
[38;2;0;0;0m██[38;2;58;132;123m██[38;2;58;132;123m██[38;2;65;65;65m██[38;2;107;197;197m██[38;2;165;66;74m██[38;2;165;66;74m██[38;2;165;66;74m██[38;2;247;132;140m██[38;2;247;132;140m██[38;2;247;132;140m██[38;2;165;66;74m██[38;2;165;66;74m██[38;2;165;66;74m██[38;2;82;156;165m██[38;2;65;65;65m██[38;2;65;65;65m██[38;2;65;65;65m██[38;2;65;65;65m██[38;2;115;189;148m██[38;2;82;148;123m██[38;2;115;189;148m██[38;2;115;189;148m██[38;2;58;132;123m██[38;2;115;189;148m██[38;2;65;65;65m██[38;2;0;0;0m██    
[38;2;0;0;0m██[38;2;58;132;123m██[38;2;65;65;65m██[38;2;107;197;197m██[38;2;107;197;197m██[38;2;107;197;197m██[38;2;165;66;74m██[38;2;247;132;140m██[38;2;247;132;140m██[38;2;165;66;74m██[38;2;247;132;140m██[38;2;247;132;140m██[38;2;165;66;74m██[38;2;107;197;197m██[38;2;107;197;197m██[38;2;107;197;197m██[38;2;82;156;165m██[38;2;82;156;165m██[38;2;65;65;65m██[38;2;65;65;65m██[38;2;82;148;123m██[38;2;115;189;148m██[38;2;115;189;148m██[38;2;65;65;65m██[38;2;65;65;65m██[38;2;58;132;123m██[38;2;58;132;123m██[38;2;0;0;0m██  
  [38;2;0;0;0m██[38;2;107;197;197m██[38;2;82;156;165m██[38;2;107;197;197m██[38;2;107;197;197m██[38;2;107;197;197m██[38;2;165;66;74m██[38;2;165;66;74m██[38;2;107;197;197m██[38;2;165;66;74m██[38;2;165;66;74m██[38;2;107;197;197m██[38;2;107;197;197m██[38;2;107;197;197m██[38;2;82;156;165m██[38;2;165;66;74m██[38;2;165;66;74m██[38;2;65;65;65m██[38;2;58;132;123m██[38;2;65;65;65m██[38;2;65;65;65m██[38;2;65;65;65m██[38;2;65;65;65m██[38;2;58;132;123m██[38;2;58;132;123m██[38;2;58;115;99m██[38;2;58;132;123m██[38;2;0;0;0m██
  [38;2;0;0;0m██[38;2;107;197;197m██[38;2;82;156;165m██[38;2;107;197;197m██[38;2;41;123;132m██[38;2;107;197;197m██[38;2;107;197;197m██[38;2;107;197;197m██[38;2;107;197;197m██[38;2;82;156;165m██[38;2;82;156;165m██[38;2;82;156;165m██[38;2;107;197;197m██[38;2;107;197;197m██[38;2;165;66;74m██[38;2;165;66;74m██[38;2;65;65;65m██[38;2;58;132;123m██[38;2;58;115;99m██[38;2;58;132;123m██[38;2;65;65;65m██[38;2;82;156;165m██[38;2;82;156;165m██[38;2;65;65;65m██[38;2;65;65;65m██[38;2;58;115;99m██[38;2;58;132;123m██[38;2;0;0;0m██
[38;2;0;0;0m██[38;2;65;65;65m██[38;2;82;156;165m██[38;2;107;197;197m██[38;2;41;123;132m██[38;2;41;123;132m██[38;2;107;197;197m██[38;2;41;123;132m██[38;2;107;197;197m██[38;2;41;123;132m██[38;2;107;197;197m██[38;2;65;65;65m██[38;2;65;65;65m██[38;2;107;197;197m██[38;2;82;156;165m██[38;2;82;156;165m██[38;2;82;156;165m██[38;2;65;65;65m██[38;2;58;132;123m██[38;2;58;132;123m██[38;2;58;115;99m██[38;2;58;132;123m██[38;2;65;65;65m██[38;2;82;156;165m██[38;2;82;156;165m██[38;2;82;156;165m██[38;2;0;0;0m██[38;2;0;0;0m██[38;2;0;0;0m██
[38;2;0;0;0m██[38;2;41;123;132m██[38;2;65;65;65m██[38;2;107;197;197m██[38;2;41;123;132m██[38;2;107;197;197m██[38;2;107;197;197m██[38;2;82;156;165m██[38;2;107;197;197m██[38;2;41;123;132m██[38;2;0;0;0m██[38;2;165;66;74m██[38;2;255;255;255m██[38;2;82;156;165m██[38;2;82;156;165m██[38;2;82;156;165m██[38;2;65;65;65m██[38;2;58;132;123m██[38;2;58;115;99m██[38;2;58;132;123m██[38;2;58;132;123m██[38;2;58;132;123m██[38;2;65;65;65m██[38;2;82;156;165m██[38;2;82;156;165m██[38;2;82;156;165m██[38;2;0;0;0m██    
[38;2;0;0;0m██[38;2;41;123;132m██[38;2;65;65;65m██[38;2;41;123;132m██[38;2;107;197;197m██[38;2;107;197;197m██[38;2;107;197;197m██[38;2;107;197;197m██[38;2;107;197;197m██[38;2;65;65;65m██[38;2;255;255;255m██[38;2;255;255;255m██[38;2;107;197;197m██[38;2;82;156;165m██[38;2;82;156;165m██[38;2;82;156;165m██[38;2;65;65;65m██[38;2;65;65;65m██[38;2;58;115;99m██[38;2;58;132;123m██[38;2;58;115;99m██[38;2;58;132;123m██[38;2;65;65;65m██[38;2;82;156;165m██[38;2;189;189;189m██[38;2;0;0;0m██      
  [38;2;0;0;0m██[38;2;189;189;189m██[38;2;65;65;65m██[38;2;82;156;165m██[38;2;107;197;197m██[38;2;41;123;132m██[38;2;107;197;197m██[38;2;107;197;197m██[38;2;107;197;197m██[38;2;82;156;165m██[38;2;82;156;165m██[38;2;82;156;165m██[38;2;82;156;165m██[38;2;82;156;165m██[38;2;65;65;65m██[38;2;82;156;165m██[38;2;82;156;165m██[38;2;65;65;65m██[38;2;65;65;65m██[38;2;58;115;99m██[38;2;58;132;123m██[38;2;0;0;0m██[38;2;0;0;0m██[38;2;0;0;0m██        
    [38;2;0;0;0m██[38;2;0;0;0m██[38;2;0;0;0m██[38;2;0;0;0m██[38;2;82;156;165m██[38;2;82;156;165m██[38;2;82;156;165m██[38;2;82;156;165m██[38;2;82;156;165m██[38;2;82;156;165m██[38;2;82;156;165m██[38;2;0;0;0m██[38;2;0;0;0m██[38;2;82;156;165m██[38;2;82;156;165m██[38;2;82;156;165m██[38;2;82;156;165m██[38;2;82;156;165m██[38;2;65;65;65m██[38;2;0;0;0m██              
            [38;2;0;0;0m██[38;2;0;0;0m██[38;2;0;0;0m██[38;2;0;0;0m██[38;2;0;0;0m██[38;2;0;0;0m██[38;2;0;0;0m██  [38;2;0;0;0m██[38;2;189;189;189m██[38;2;41;123;132m██[38;2;82;156;165m██[38;2;41;123;132m██[38;2;41;123;132m██[38;2;0;0;0m██                
                              [38;2;0;0;0m██[38;2;255;255;255m██[38;2;41;123;132m██[38;2;255;255;255m██[38;2;65;65;65m██[38;2;0;0;0m██                
                                [38;2;0;0;0m██[38;2;0;0;0m██[38;2;0;0;0m██[38;2;0;0;0m██                  
