                                [38;2;0;0;0m██[38;2;0;0;0m██              
                                [38;2;0;0;0m██[38;2;115;115;115m██[38;2;0;0;0m██            
                          [38;2;0;0;0m██[38;2;0;0;0m██  [38;2;0;0;0m██[38;2;82;140;82m██[38;2;115;115;115m██[38;2;0;0;0m██  [38;2;0;0;0m██[38;2;0;0;0m██[38;2;0;0;0m██[38;2;0;0;0m██
                      [38;2;0;0;0m██[38;2;0;0;0m██[38;2;115;115;115m██[38;2;0;0;0m██  [38;2;0;0;0m██[38;2;82;140;82m██[38;2;82;140;82m██[38;2;115;115;115m██[38;2;0;0;0m██[38;2;115;115;115m██[38;2;115;115;115m██[38;2;115;115;115m██[38;2;0;0;0m██
                    [38;2;0;0;0m██[38;2;115;115;115m██[38;2;82;181;82m██[38;2;115;115;115m██[38;2;0;0;0m██    [38;2;0;0;0m██[38;2;82;140;82m██[38;2;115;115;115m██[38;2;0;0;0m██[38;2;82;181;82m██[38;2;82;181;82m██[38;2;115;115;115m██[38;2;0;0;0m██
                  [38;2;0;0;0m██[38;2;115;115;115m██[38;2;82;181;82m██[38;2;82;181;82m██[38;2;115;115;115m██[38;2;0;0;0m██      [38;2;0;0;0m██[38;2;247;247;165m██[38;2;82;181;82m██[38;2;82;181;82m██[38;2;115;115;115m██[38;2;0;0;0m██  
                [38;2;0;0;0m██[38;2;115;115;115m██[38;2;82;181;82m██[38;2;82;181;82m██[38;2;82;181;82m██[38;2;115;115;115m██[38;2;0;0;0m██    [38;2;0;0;0m██[38;2;247;247;165m██[38;2;0;0;0m██[38;2;0;0;0m██[38;2;0;0;0m██[38;2;0;0;0m██    
                [38;2;0;0;0m██[38;2;115;115;115m██[38;2;82;181;82m██[38;2;82;181;82m██[38;2;82;181;82m██[38;2;115;115;115m██[38;2;0;0;0m██  [38;2;0;0;0m██[38;2;0;0;0m██[38;2;0;0;0m██[38;2;115;115;115m██[38;2;115;115;115m██[38;2;115;115;115m██[38;2;0;0;0m██    
                [38;2;0;0;0m██[38;2;115;115;115m██[38;2;82;181;82m██[38;2;82;181;82m██[38;2;115;115;115m██[38;2;0;0;0m██  [38;2;0;0;0m██[38;2;115;115;115m██[38;2;115;115;115m██[38;2;115;115;115m██[38;2;99;206;99m██[38;2;99;206;99m██[38;2;115;115;115m██[38;2;0;0;0m██    
                [38;2;0;0;0m██[38;2;115;115;115m██[38;2;82;181;82m██[38;2;115;115;115m██[38;2;0;0;0m██  [38;2;0;0;0m██[38;2;115;115;115m██[38;2;82;181;82m██[38;2;99;206;99m██[38;2;99;206;99m██[38;2;99;206;99m██[38;2;115;115;115m██[38;2;0;0;0m██      
            [38;2;0;0;0m██[38;2;0;0;0m██[38;2;0;0;0m██[38;2;65;65;65m██[38;2;115;115;115m██[38;2;65;65;65m██[38;2;0;0;0m██[38;2;0;0;0m██[38;2;115;115;115m██[38;2;99;206;99m██[38;2;99;206;99m██[38;2;99;206;99m██[38;2;99;206;99m██[38;2;82;181;82m██[38;2;115;115;115m██[38;2;0;0;0m██      
        [38;2;0;0;0m██[38;2;0;0;0m██[38;2;65;65;65m██[38;2;197;197;107m██[38;2;247;247;165m██[38;2;247;247;165m██[38;2;65;65;65m██[38;2;197;197;107m██[38;2;65;65;65m██[38;2;115;115;115m██[38;2;82;181;82m██[38;2;99;206;99m██[38;2;99;206;99m██[38;2;99;206;99m██[38;2;99;206;99m██[38;2;115;115;115m██[38;2;0;0;0m██        
  [38;2;0;0;0m██[38;2;0;0;0m██[38;2;0;0;0m██[38;2;197;197;107m██[38;2;197;197;107m██[38;2;197;197;107m██[38;2;247;247;165m██[38;2;247;247;165m██[38;2;247;247;165m██[38;2;247;247;165m██[38;2;65;65;65m██[38;2;115;115;115m██[38;2;255;255;255m██[38;2;255;255;255m██[38;2;115;115;115m██[38;2;115;115;115m██[38;2;115;115;115m██[38;2;115;115;115m██[38;2;115;115;115m██[38;2;0;0;0m██        
[38;2;0;0;0m██[38;2;197;197;107m██[38;2;197;197;107m██[38;2;197;197;107m██[38;2;65;65;65m██[38;2;65;65;65m██[38;2;247;247;165m██[38;2;247;247;165m██[38;2;197;197;107m██[38;2;65;65;65m██[38;2;65;65;65m██[38;2;65;65;65m██[38;2;255;255;255m██[38;2;255;255;255m██[38;2;65;65;65m██[38;2;65;65;65m██[38;2;65;65;65m██[38;2;65;65;65m██[38;2;0;0;0m██[38;2;0;0;0m██          
  [38;2;0;0;0m██[38;2;0;0;0m██[38;2;65;65;65m██[38;2;65;65;65m██[38;2;247;247;165m██[38;2;247;247;165m██[38;2;65;65;65m██[38;2;65;65;65m██[38;2;255;255;255m██[38;2;0;0;0m██[38;2;82;181;82m██[38;2;65;65;65m██[38;2;197;197;107m██[38;2;197;197;107m██[38;2;197;197;107m██[38;2;0;0;0m██[38;2;0;0;0m██              
    [38;2;0;0;0m██[38;2;247;247;165m██[38;2;247;247;165m██[38;2;65;65;65m██[38;2;65;65;65m██[38;2;65;65;65m██[38;2;82;181;82m██[38;2;0;0;0m██[38;2;0;0;0m██[38;2;82;181;82m██[38;2;65;65;65m██[38;2;65;65;65m██[38;2;197;197;107m██[38;2;0;0;0m██  [38;2;0;0;0m██[38;2;0;0;0m██[38;2;0;0;0m██          
      [38;2;0;0;0m██[38;2;65;65;65m██[38;2;197;197;107m██[38;2;197;197;107m██[38;2;65;65;65m██[38;2;82;140;82m██[38;2;82;181;82m██[38;2;82;181;82m██[38;2;65;65;65m██[38;2;0;0;0m██[38;2;0;0;0m██[38;2;0;0;0m██  [38;2;0;0;0m██[38;2;0;0;0m██              
        [38;2;0;0;0m██[38;2;0;0;0m██[38;2;197;197;107m██[38;2;197;197;107m██[38;2;65;65;65m██[38;2;65;65;65m██[38;2;0;0;0m██[38;2;0;0;0m██    [38;2;0;0;0m██                    
            [38;2;0;0;0m██[38;2;0;0;0m██[38;2;0;0;0m██[38;2;0;0;0m██      [38;2;0;0;0m██[38;2;0;0;0m██[38;2;0;0;0m██[38;2;0;0;0m██                
                        [38;2;0;0;0m██[38;2;0;0;0m██                      
