                    [38;2;0;0;0m██[38;2;0;0;0m██                              
                  [38;2;0;0;0m██[38;2;247;99;107m██[38;2;0;0;0m██[38;2;0;0;0m██                            
                [38;2;0;0;0m██[38;2;247;99;107m██[38;2;65;65;65m██[38;2;247;99;107m██[38;2;0;0;0m██[38;2;0;0;0m██[38;2;0;0;0m██                        
              [38;2;0;0;0m██[38;2;247;99;107m██[38;2;247;99;107m██[38;2;247;99;107m██[38;2;247;99;107m██[38;2;65;65;65m██[38;2;255;255;255m██[38;2;255;255;255m██[38;2;0;0;0m██                      
              [38;2;0;0;0m██[38;2;247;99;107m██[38;2;247;99;107m██[38;2;247;99;107m██[38;2;65;65;65m██[38;2;189;189;189m██[38;2;255;255;255m██[38;2;255;255;255m██[38;2;214;214;214m██[38;2;0;0;0m██[38;2;0;0;0m██                  
            [38;2;0;0;0m██[38;2;148;115;90m██[38;2;247;99;107m██[38;2;247;99;107m██[38;2;189;66;82m██[38;2;65;65;65m██[38;2;255;255;255m██[38;2;255;255;255m██[38;2;255;255;255m██[38;2;132;132;132m██[38;2;255;255;255m██[38;2;0;0;0m██                  
            [38;2;0;0;0m██[38;2;214;214;214m██[38;2;189;66;82m██[38;2;189;66;82m██[38;2;65;65;65m██[38;2;148;115;90m██[38;2;148;115;90m██[38;2;255;255;255m██[38;2;255;255;255m██[38;2;189;189;189m██[38;2;255;255;255m██[38;2;132;132;132m██[38;2;0;0;0m██                
      [38;2;0;0;0m██[38;2;0;0;0m██[38;2;0;0;0m██[38;2;148;115;90m██[38;2;0;0;0m██[38;2;132;132;132m██[38;2;132;132;132m██[38;2;148;115;90m██[38;2;255;255;255m██[38;2;255;255;255m██[38;2;148;115;90m██[38;2;255;255;255m██[38;2;255;255;255m██[38;2;255;255;255m██[38;2;214;214;214m██[38;2;0;0;0m██                
  [38;2;0;0;0m██[38;2;0;0;0m██[38;2;214;214;214m██[38;2;214;214;214m██[38;2;65;65;65m██[38;2;214;214;214m██[38;2;247;99;107m██[38;2;189;66;82m██[38;2;214;214;214m██[38;2;189;156;123m██[38;2;0;0;0m██[38;2;255;255;255m██[38;2;189;156;123m██[38;2;255;255;255m██[38;2;255;255;255m██[38;2;189;189;189m██[38;2;255;255;255m██[38;2;0;0;0m██                
[38;2;0;0;0m██[38;2;189;189;189m██[38;2;214;214;214m██[38;2;214;214;214m██[38;2;214;214;214m██[38;2;189;189;189m██[38;2;0;0;0m██[38;2;189;66;82m██[38;2;189;66;82m██[38;2;132;132;132m██[38;2;255;255;255m██[38;2;189;156;123m██[38;2;189;156;123m██[38;2;255;255;255m██[38;2;255;255;255m██[38;2;132;132;132m██[38;2;255;255;255m██[38;2;255;255;255m██[38;2;189;189;189m██[38;2;0;0;0m██[38;2;0;0;0m██            
[38;2;0;0;0m██[38;2;65;65;65m██[38;2;189;189;189m██[38;2;214;214;214m██[38;2;0;0;0m██[38;2;0;0;0m██  [38;2;0;0;0m██[38;2;148;66;99m██[38;2;148;66;99m██[38;2;148;66;99m██[38;2;255;255;255m██[38;2;255;255;255m██[38;2;148;66;99m██[38;2;255;255;255m██[38;2;255;255;255m██[38;2;132;132;132m██[38;2;255;255;255m██[38;2;255;255;255m██[38;2;255;255;255m██[38;2;255;255;255m██[38;2;0;0;0m██[38;2;0;0;0m██        
[38;2;0;0;0m██[38;2;132;132;132m██[38;2;65;65;65m██[38;2;0;0;0m██      [38;2;0;0;0m██[38;2;189;156;123m██[38;2;148;66;99m██[38;2;148;66;99m██[38;2;148;66;99m██[38;2;148;66;99m██[38;2;148;115;90m██[38;2;255;255;255m██[38;2;132;132;132m██[38;2;189;189;189m██[38;2;255;255;255m██[38;2;255;255;255m██[38;2;255;255;255m██[38;2;255;255;255m██[38;2;255;255;255m██[38;2;255;255;255m██[38;2;0;0;0m██      
[38;2;0;0;0m██[38;2;132;132;132m██[38;2;0;0;0m██[38;2;0;0;0m██        [38;2;0;0;0m██[38;2;189;156;123m██[38;2;189;156;123m██[38;2;189;156;123m██[38;2;148;115;90m██[38;2;189;189;189m██[38;2;132;132;132m██[38;2;132;132;132m██[38;2;255;255;255m██[38;2;189;189;189m██[38;2;255;255;255m██[38;2;255;255;255m██[38;2;255;255;255m██[38;2;255;255;255m██[38;2;255;255;255m██[38;2;255;255;255m██[38;2;0;0;0m██    
  [38;2;0;0;0m██[38;2;0;0;0m██            [38;2;0;0;0m██[38;2;65;65;65m██[38;2;132;132;132m██[38;2;189;189;189m██[38;2;189;189;189m██[38;2;189;189;189m██[38;2;189;189;189m██[38;2;255;255;255m██[38;2;255;255;255m██[38;2;0;0;0m██[38;2;0;0;0m██[38;2;189;189;189m██[38;2;255;255;255m██[38;2;255;255;255m██[38;2;255;255;255m██[38;2;255;255;255m██[38;2;0;0;0m██  
                [38;2;0;0;0m██[38;2;65;65;65m██[38;2;214;214;214m██[38;2;189;189;189m██[38;2;189;189;189m██[38;2;189;189;189m██[38;2;189;189;189m██[38;2;255;255;255m██[38;2;255;255;255m██[38;2;255;255;255m██[38;2;0;0;0m██  [38;2;0;0;0m██[38;2;0;0;0m██[38;2;255;255;255m██[38;2;255;255;255m██[38;2;255;255;255m██[38;2;189;189;189m██[38;2;0;0;0m██
              [38;2;0;0;0m██[38;2;214;214;214m██[38;2;132;132;132m██[38;2;132;132;132m██[38;2;214;214;214m██[38;2;132;132;132m██[38;2;214;214;214m██[38;2;255;255;255m██[38;2;255;255;255m██[38;2;255;255;255m██[38;2;189;189;189m██[38;2;189;189;189m██[38;2;0;0;0m██    [38;2;0;0;0m██[38;2;255;255;255m██[38;2;255;255;255m██[38;2;132;132;132m██[38;2;0;0;0m██
              [38;2;0;0;0m██[38;2;214;214;214m██[38;2;214;214;214m██[38;2;132;132;132m██[38;2;132;132;132m██[38;2;189;189;189m██[38;2;189;189;189m██[38;2;255;255;255m██[38;2;255;255;255m██[38;2;189;189;189m██[38;2;189;189;189m██[38;2;255;255;255m██[38;2;255;255;255m██[38;2;0;0;0m██    [38;2;0;0;0m██[38;2;132;132;132m██[38;2;65;65;65m██[38;2;0;0;0m██
            [38;2;0;0;0m██[38;2;132;132;132m██[38;2;65;65;65m██[38;2;214;214;214m██[38;2;214;214;214m██[38;2;189;189;189m██[38;2;0;0;0m██[38;2;0;0;0m██[38;2;0;0;0m██[38;2;255;255;255m██[38;2;255;255;255m██[38;2;255;255;255m██[38;2;255;255;255m██[38;2;255;255;255m██[38;2;189;189;189m██[38;2;0;0;0m██  [38;2;0;0;0m██[38;2;132;132;132m██[38;2;0;0;0m██  
            [38;2;0;0;0m██[38;2;0;0;0m██[38;2;132;132;132m██[38;2;65;65;65m██[38;2;189;189;189m██[38;2;0;0;0m██      [38;2;0;0;0m██[38;2;189;189;189m██[38;2;255;255;255m██[38;2;255;255;255m██[38;2;189;189;189m██[38;2;189;189;189m██[38;2;0;0;0m██  [38;2;0;0;0m██[38;2;0;0;0m██    
              [38;2;0;0;0m██[38;2;0;0;0m██[38;2;0;0;0m██[38;2;0;0;0m██          [38;2;0;0;0m██[38;2;0;0;0m██[38;2;189;189;189m██[38;2;189;189;189m██[38;2;65;65;65m██[38;2;132;132;132m██[38;2;0;0;0m██        
                                  [38;2;0;0;0m██[38;2;189;189;189m██[38;2;65;65;65m██[38;2;132;132;132m██[38;2;0;0;0m██[38;2;0;0;0m██        
                                    [38;2;0;0;0m██[38;2;0;0;0m██[38;2;0;0;0m██[38;2;0;0;0m██          
