          [38;2;0;0;0m██[38;2;0;0;0m██                                      
          [38;2;0;0;0m██[38;2;0;0;0m██[38;2;0;0;0m██        [38;2;0;0;0m██[38;2;0;0;0m██                        
[38;2;0;0;0m██[38;2;0;0;0m██[38;2;0;0;0m██    [38;2;0;0;0m██[38;2;197;181;156m██[38;2;0;0;0m██      [38;2;0;0;0m██[38;2;65;65;65m██[38;2;0;0;0m██[38;2;0;0;0m██                      
[38;2;0;0;0m██[38;2;0;0;0m██[38;2;197;181;156m██[38;2;0;0;0m██    [38;2;0;0;0m██[38;2;0;0;0m██      [38;2;0;0;0m██[38;2;206;181;107m██[38;2;65;65;65m██[38;2;0;0;0m██                      
  [38;2;0;0;0m██[38;2;0;0;0m██[38;2;0;0;0m██      [38;2;0;0;0m██      [38;2;0;0;0m██[38;2;206;181;107m██[38;2;65;65;65m██[38;2;0;0;0m██                      
        [38;2;0;0;0m██      [38;2;0;0;0m██  [38;2;0;0;0m██[38;2;206;181;107m██[38;2;206;181;107m██[38;2;181;156;90m██[38;2;0;0;0m██              [38;2;0;0;0m██[38;2;0;0;0m██[38;2;0;0;0m██  
          [38;2;0;0;0m██    [38;2;0;0;0m██  [38;2;0;0;0m██[38;2;206;181;107m██[38;2;181;156;90m██[38;2;206;181;107m██[38;2;0;0;0m██          [38;2;0;0;0m██[38;2;0;0;0m██[38;2;230;206;132m██[38;2;65;65;65m██[38;2;65;65;65m██[38;2;0;0;0m██
          [38;2;0;0;0m██    [38;2;0;0;0m██  [38;2;0;0;0m██[38;2;206;181;107m██[38;2;181;156;90m██[38;2;206;181;107m██[38;2;0;0;0m██      [38;2;0;0;0m██[38;2;0;0;0m██[38;2;230;206;132m██[38;2;230;206;132m██[38;2;230;206;132m██[38;2;65;65;65m██[38;2;65;65;65m██[38;2;0;0;0m██
            [38;2;0;0;0m██  [38;2;0;0;0m██  [38;2;0;0;0m██[38;2;181;156;90m██[38;2;206;181;107m██[38;2;0;0;0m██      [38;2;0;0;0m██[38;2;230;206;132m██[38;2;230;206;132m██[38;2;230;206;132m██[38;2;181;156;90m██[38;2;65;65;65m██[38;2;65;65;65m██[38;2;0;0;0m██  
            [38;2;0;0;0m██[38;2;0;0;0m██[38;2;0;0;0m██[38;2;0;0;0m██[38;2;0;0;0m██[38;2;181;156;90m██[38;2;206;181;107m██[38;2;0;0;0m██    [38;2;0;0;0m██[38;2;230;206;132m██[38;2;189;181;115m██[38;2;230;206;132m██[38;2;230;206;132m██[38;2;65;65;65m██[38;2;65;65;65m██[38;2;0;0;0m██    
          [38;2;0;0;0m██[38;2;65;65;65m██[38;2;123;123;123m██[38;2;65;65;65m██[38;2;123;123;123m██[38;2;65;65;65m██[38;2;65;65;65m██[38;2;206;181;107m██[38;2;0;0;0m██  [38;2;0;0;0m██[38;2;230;206;132m██[38;2;230;206;132m██[38;2;230;206;132m██[38;2;181;156;90m██[38;2;181;156;90m██[38;2;132;115;82m██[38;2;132;115;82m██[38;2;0;0;0m██    
        [38;2;0;0;0m██[38;2;181;181;189m██[38;2;123;123;123m██[38;2;123;123;123m██[38;2;123;123;123m██[38;2;123;123;123m██[38;2;123;123;123m██[38;2;123;123;123m██[38;2;0;0;0m██  [38;2;0;0;0m██[38;2;230;206;132m██[38;2;230;206;132m██[38;2;181;156;90m██[38;2;181;156;90m██[38;2;230;206;132m██[38;2;132;115;82m██[38;2;230;206;132m██[38;2;65;65;65m██[38;2;65;65;65m██[38;2;0;0;0m██  
      [38;2;0;0;0m██[38;2;181;181;189m██[38;2;0;0;0m██[38;2;123;123;123m██[38;2;123;123;123m██[38;2;65;65;65m██[38;2;65;65;65m██[38;2;65;65;65m██[38;2;123;123;123m██[38;2;65;65;65m██[38;2;0;0;0m██[38;2;230;206;132m██[38;2;181;156;90m██[38;2;181;156;90m██[38;2;230;206;132m██[38;2;189;181;115m██[38;2;230;206;132m██[38;2;230;206;132m██[38;2;230;206;132m██[38;2;65;65;65m██[38;2;65;65;65m██[38;2;0;0;0m██  
      [38;2;0;0;0m██[38;2;65;65;65m██[38;2;65;65;65m██[38;2;123;123;123m██[38;2;65;65;65m██[38;2;65;65;65m██[38;2;255;255;255m██[38;2;65;65;65m██[38;2;65;65;65m██[38;2;123;123;123m██[38;2;65;65;65m██[38;2;181;156;90m██[38;2;230;206;132m██[38;2;230;206;132m██[38;2;181;156;90m██[38;2;181;156;90m██[38;2;181;156;90m██[38;2;181;156;90m██[38;2;132;115;82m██[38;2;132;115;82m██[38;2;65;65;65m██[38;2;0;0;0m██  
      [38;2;0;0;0m██[38;2;65;65;65m██[38;2;123;123;123m██[38;2;123;123;123m██[38;2;65;65;65m██[38;2;255;255;255m██[38;2;0;0;0m██[38;2;255;255;255m██[38;2;65;65;65m██[38;2;181;181;189m██[38;2;65;65;65m██[38;2;181;156;90m██[38;2;181;156;90m██[38;2;181;156;90m██[38;2;230;206;132m██[38;2;230;206;132m██[38;2;230;206;132m██[38;2;230;206;132m██[38;2;65;65;65m██[38;2;65;65;65m██[38;2;0;0;0m██    
        [38;2;0;0;0m██[38;2;65;65;65m██[38;2;181;181;189m██[38;2;181;181;189m██[38;2;65;65;65m██[38;2;65;65;65m██[38;2;65;65;65m██[38;2;181;181;189m██[38;2;65;65;65m██[38;2;230;206;132m██[38;2;230;206;132m██[38;2;189;181;115m██[38;2;230;206;132m██[38;2;230;206;132m██[38;2;230;206;132m██[38;2;230;206;132m██[38;2;230;206;132m██[38;2;65;65;65m██[38;2;65;65;65m██[38;2;0;0;0m██    
          [38;2;0;0;0m██[38;2;0;0;0m██[38;2;65;65;65m██[38;2;181;181;189m██[38;2;181;181;189m██[38;2;181;181;189m██[38;2;65;65;65m██[38;2;206;181;107m██[38;2;65;65;65m██[38;2;65;65;65m██[38;2;65;65;65m██[38;2;230;206;132m██[38;2;230;206;132m██[38;2;132;115;82m██[38;2;230;206;132m██[38;2;65;65;65m██[38;2;0;0;0m██[38;2;0;0;0m██      
              [38;2;0;0;0m██[38;2;0;0;0m██[38;2;65;65;65m██[38;2;65;65;65m██[38;2;181;156;90m██[38;2;65;65;65m██[38;2;206;181;107m██[38;2;230;206;132m██[38;2;230;206;132m██[38;2;65;65;65m██[38;2;65;65;65m██[38;2;65;65;65m██[38;2;65;65;65m██[38;2;0;0;0m██          
                  [38;2;0;0;0m██[38;2;181;181;189m██[38;2;65;65;65m██[38;2;65;65;65m██[38;2;181;156;90m██[38;2;181;156;90m██[38;2;230;206;132m██[38;2;230;206;132m██[38;2;230;206;132m██[38;2;189;140;90m██[38;2;132;115;82m██[38;2;65;65;65m██[38;2;0;0;0m██        
                  [38;2;0;0;0m██[38;2;65;65;65m██[38;2;181;181;189m██[38;2;181;181;189m██[38;2;65;65;65m██[38;2;230;206;132m██[38;2;181;156;90m██[38;2;181;156;90m██[38;2;189;140;90m██[38;2;132;115;82m██[38;2;132;115;82m██[38;2;65;65;65m██[38;2;0;0;0m██        
                [38;2;0;0;0m██[38;2;197;181;156m██[38;2;0;0;0m██[38;2;65;65;65m██[38;2;65;65;65m██[38;2;123;123;123m██[38;2;0;0;0m██[38;2;189;140;90m██[38;2;189;140;90m██[38;2;132;115;82m██[38;2;132;115;82m██[38;2;65;65;65m██[38;2;65;65;65m██[38;2;0;0;0m██        
              [38;2;0;0;0m██[38;2;65;65;65m██[38;2;0;0;0m██  [38;2;0;0;0m██[38;2;197;181;156m██[38;2;0;0;0m██  [38;2;0;0;0m██[38;2;132;115;82m██[38;2;132;115;82m██[38;2;65;65;65m██[38;2;65;65;65m██[38;2;0;0;0m██          
              [38;2;0;0;0m██[38;2;0;0;0m██    [38;2;0;0;0m██[38;2;65;65;65m██[38;2;0;0;0m██    [38;2;0;0;0m██[38;2;0;0;0m██[38;2;0;0;0m██[38;2;0;0;0m██            
                      [38;2;0;0;0m██[38;2;65;65;65m██[38;2;0;0;0m██                        
                        [38;2;0;0;0m██                          
