          [38;2;0;0;0m██[38;2;0;0;0m██                                      
          [38;2;0;0;0m██[38;2;0;0;0m██[38;2;0;0;0m██        [38;2;0;0;0m██[38;2;0;0;0m██                        
[38;2;0;0;0m██[38;2;0;0;0m██[38;2;0;0;0m██    [38;2;0;0;0m██[38;2;197;181;156m██[38;2;0;0;0m██      [38;2;0;0;0m██[38;2;65;65;65m██[38;2;0;0;0m██[38;2;0;0;0m██                      
[38;2;0;0;0m██[38;2;0;0;0m██[38;2;197;181;156m██[38;2;0;0;0m██    [38;2;0;0;0m██[38;2;0;0;0m██      [38;2;0;0;0m██[38;2;66;132;173m██[38;2;65;65;65m██[38;2;0;0;0m██                      
  [38;2;0;0;0m██[38;2;0;0;0m██[38;2;0;0;0m██      [38;2;0;0;0m██      [38;2;0;0;0m██[38;2;66;132;173m██[38;2;65;65;65m██[38;2;0;0;0m██                      
        [38;2;0;0;0m██      [38;2;0;0;0m██  [38;2;0;0;0m██[38;2;66;132;173m██[38;2;66;132;173m██[38;2;74;115;140m██[38;2;0;0;0m██              [38;2;0;0;0m██[38;2;0;0;0m██[38;2;0;0;0m██  
          [38;2;0;0;0m██    [38;2;0;0;0m██  [38;2;0;0;0m██[38;2;66;132;173m██[38;2;74;115;140m██[38;2;66;132;173m██[38;2;0;0;0m██          [38;2;0;0;0m██[38;2;0;0;0m██[38;2;74;115;140m██[38;2;65;65;65m██[38;2;65;65;65m██[38;2;0;0;0m██
          [38;2;0;0;0m██    [38;2;0;0;0m██  [38;2;0;0;0m██[38;2;66;132;173m██[38;2;74;115;140m██[38;2;66;132;173m██[38;2;0;0;0m██      [38;2;0;0;0m██[38;2;0;0;0m██[38;2;74;115;140m██[38;2;123;197;255m██[38;2;123;197;255m██[38;2;65;65;65m██[38;2;65;65;65m██[38;2;0;0;0m██
            [38;2;0;0;0m██  [38;2;0;0;0m██  [38;2;0;0;0m██[38;2;74;115;140m██[38;2;66;132;173m██[38;2;0;0;0m██      [38;2;0;0;0m██[38;2;74;115;140m██[38;2;123;197;255m██[38;2;123;197;255m██[38;2;65;65;65m██[38;2;65;65;65m██[38;2;65;65;65m██[38;2;0;0;0m██  
            [38;2;0;0;0m██[38;2;0;0;0m██[38;2;0;0;0m██[38;2;0;0;0m██[38;2;0;0;0m██[38;2;74;115;140m██[38;2;66;132;173m██[38;2;0;0;0m██    [38;2;0;0;0m██[38;2;255;255;255m██[38;2;123;197;255m██[38;2;123;197;255m██[38;2;255;255;255m██[38;2;65;65;65m██[38;2;65;65;65m██[38;2;0;0;0m██    
          [38;2;0;0;0m██[38;2;65;65;65m██[38;2;123;123;123m██[38;2;65;65;65m██[38;2;123;123;123m██[38;2;65;65;65m██[38;2;65;65;65m██[38;2;66;132;173m██[38;2;0;0;0m██  [38;2;0;0;0m██[38;2;123;197;255m██[38;2;123;197;255m██[38;2;123;197;255m██[38;2;123;197;255m██[38;2;74;115;140m██[38;2;74;115;140m██[38;2;74;115;140m██[38;2;0;0;0m██    
        [38;2;0;0;0m██[38;2;181;181;189m██[38;2;123;123;123m██[38;2;123;123;123m██[38;2;123;123;123m██[38;2;123;123;123m██[38;2;123;123;123m██[38;2;123;123;123m██[38;2;0;0;0m██  [38;2;0;0;0m██[38;2;123;197;255m██[38;2;123;197;255m██[38;2;74;115;140m██[38;2;74;115;140m██[38;2;74;115;140m██[38;2;123;197;255m██[38;2;123;197;255m██[38;2;65;65;65m██[38;2;65;65;65m██[38;2;0;0;0m██  
      [38;2;0;0;0m██[38;2;181;181;189m██[38;2;0;0;0m██[38;2;123;123;123m██[38;2;123;123;123m██[38;2;65;65;65m██[38;2;65;65;65m██[38;2;65;65;65m██[38;2;123;123;123m██[38;2;65;65;65m██[38;2;0;0;0m██[38;2;123;197;255m██[38;2;74;115;140m██[38;2;74;115;140m██[38;2;123;197;255m██[38;2;123;197;255m██[38;2;255;255;255m██[38;2;123;197;255m██[38;2;123;197;255m██[38;2;65;65;65m██[38;2;65;65;65m██[38;2;0;0;0m██  
      [38;2;0;0;0m██[38;2;65;65;65m██[38;2;65;65;65m██[38;2;123;123;123m██[38;2;65;65;65m██[38;2;65;65;65m██[38;2;255;255;255m██[38;2;65;65;65m██[38;2;65;65;65m██[38;2;123;123;123m██[38;2;65;65;65m██[38;2;74;115;140m██[38;2;123;197;255m██[38;2;255;255;255m██[38;2;123;197;255m██[38;2;74;115;140m██[38;2;74;115;140m██[38;2;74;115;140m██[38;2;74;115;140m██[38;2;74;115;140m██[38;2;65;65;65m██[38;2;0;0;0m██  
      [38;2;0;0;0m██[38;2;65;65;65m██[38;2;123;123;123m██[38;2;123;123;123m██[38;2;65;65;65m██[38;2;255;255;255m██[38;2;0;0;0m██[38;2;255;255;255m██[38;2;65;65;65m██[38;2;181;181;189m██[38;2;65;65;65m██[38;2;123;197;255m██[38;2;74;115;140m██[38;2;74;115;140m██[38;2;74;115;140m██[38;2;123;197;255m██[38;2;123;197;255m██[38;2;123;197;255m██[38;2;65;65;65m██[38;2;65;65;65m██[38;2;0;0;0m██    
        [38;2;0;0;0m██[38;2;65;65;65m██[38;2;181;181;189m██[38;2;181;181;189m██[38;2;65;65;65m██[38;2;65;65;65m██[38;2;65;65;65m██[38;2;181;181;189m██[38;2;65;65;65m██[38;2;123;197;255m██[38;2;74;115;140m██[38;2;255;255;255m██[38;2;123;197;255m██[38;2;123;197;255m██[38;2;123;197;255m██[38;2;123;197;255m██[38;2;123;197;255m██[38;2;65;65;65m██[38;2;65;65;65m██[38;2;0;0;0m██    
          [38;2;0;0;0m██[38;2;0;0;0m██[38;2;65;65;65m██[38;2;181;181;189m██[38;2;181;181;189m██[38;2;181;181;189m██[38;2;65;65;65m██[38;2;66;132;173m██[38;2;65;65;65m██[38;2;65;65;65m██[38;2;65;65;65m██[38;2;123;197;255m██[38;2;123;197;255m██[38;2;255;255;255m██[38;2;123;197;255m██[38;2;65;65;65m██[38;2;0;0;0m██[38;2;0;0;0m██      
              [38;2;0;0;0m██[38;2;0;0;0m██[38;2;65;65;65m██[38;2;65;65;65m██[38;2;123;123;123m██[38;2;65;65;65m██[38;2;66;132;173m██[38;2;74;148;255m██[38;2;74;148;255m██[38;2;65;65;65m██[38;2;65;65;65m██[38;2;65;65;65m██[38;2;65;65;65m██[38;2;0;0;0m██          
                  [38;2;0;0;0m██[38;2;181;181;189m██[38;2;65;65;65m██[38;2;65;65;65m██[38;2;74;115;140m██[38;2;74;115;140m██[38;2;74;148;255m██[38;2;74;148;255m██[38;2;74;148;255m██[38;2;156;197;255m██[38;2;255;255;255m██[38;2;65;65;65m██[38;2;0;0;0m██        
                  [38;2;0;0;0m██[38;2;65;65;65m██[38;2;181;181;189m██[38;2;181;181;189m██[38;2;65;65;65m██[38;2;74;148;255m██[38;2;74;115;140m██[38;2;74;115;140m██[38;2;156;197;255m██[38;2;255;255;255m██[38;2;255;255;255m██[38;2;65;65;65m██[38;2;0;0;0m██        
                [38;2;0;0;0m██[38;2;197;181;156m██[38;2;0;0;0m██[38;2;65;65;65m██[38;2;65;65;65m██[38;2;123;123;123m██[38;2;0;0;0m██[38;2;123;197;255m██[38;2;123;197;255m██[38;2;74;115;140m██[38;2;74;115;140m██[38;2;65;65;65m██[38;2;65;65;65m██[38;2;0;0;0m██        
              [38;2;0;0;0m██[38;2;65;65;65m██[38;2;0;0;0m██  [38;2;0;0;0m██[38;2;197;181;156m██[38;2;0;0;0m██  [38;2;0;0;0m██[38;2;255;255;255m██[38;2;255;255;255m██[38;2;65;65;65m██[38;2;65;65;65m██[38;2;0;0;0m██          
              [38;2;0;0;0m██[38;2;0;0;0m██    [38;2;0;0;0m██[38;2;65;65;65m██[38;2;0;0;0m██    [38;2;0;0;0m██[38;2;0;0;0m██[38;2;0;0;0m██[38;2;0;0;0m██            
                      [38;2;0;0;0m██[38;2;65;65;65m██[38;2;0;0;0m██                        
                        [38;2;0;0;0m██                          
