  [38;2;0;0;0m██[38;2;0;0;0m██[38;2;0;0;0m██                                
[38;2;0;0;0m██[38;2;247;214;58m██[38;2;247;214;58m██[38;2;189;165;66m██[38;2;0;0;0m██            [38;2;0;0;0m██                
  [38;2;0;0;0m██[38;2;189;165;66m██[38;2;247;214;58m██[38;2;189;165;66m██[38;2;0;0;0m██        [38;2;0;0;0m██[38;2;247;214;58m██[38;2;0;0;0m██              
  [38;2;0;0;0m██[38;2;247;214;58m██[38;2;0;0;0m██[38;2;247;214;58m██[38;2;0;0;0m██[38;2;0;0;0m██[38;2;0;0;0m██[38;2;0;0;0m██[38;2;65;65;65m██[38;2;189;165;66m██[38;2;247;214;58m██[38;2;0;0;0m██              
  [38;2;0;0;0m██[38;2;189;165;66m██[38;2;247;214;58m██[38;2;189;165;66m██[38;2;189;165;66m██[38;2;181;74;74m██[38;2;239;99;82m██[38;2;181;74;74m██[38;2;247;214;58m██[38;2;0;0;0m██[38;2;247;214;58m██[38;2;65;65;65m██[38;2;0;0;0m██            
    [38;2;0;0;0m██[38;2;65;65;65m██[38;2;65;65;65m██[38;2;247;214;58m██[38;2;181;74;74m██[38;2;239;99;82m██[38;2;181;74;74m██[38;2;189;165;66m██[38;2;247;214;58m██[38;2;189;165;66m██[38;2;65;65;65m██[38;2;239;99;82m██[38;2;0;0;0m██          
    [38;2;0;0;0m██[38;2;181;74;74m██[38;2;165;197;255m██[38;2;247;214;58m██[38;2;140;156;255m██[38;2;165;197;255m██[38;2;165;197;255m██[38;2;247;214;58m██[38;2;65;65;65m██[38;2;65;65;65m██[38;2;239;99;82m██[38;2;239;99;82m██[38;2;239;99;82m██[38;2;0;0;0m██        
  [38;2;0;0;0m██[38;2;181;74;74m██[38;2;165;197;255m██[38;2;165;197;255m██[38;2;165;197;255m██[38;2;165;197;255m██[38;2;165;197;255m██[38;2;247;214;58m██[38;2;65;65;65m██[38;2;140;156;255m██[38;2;65;65;65m██[38;2;239;99;82m██[38;2;239;99;82m██[38;2;239;99;82m██[38;2;0;0;0m██        
  [38;2;0;0;0m██[38;2;255;255;255m██[38;2;189;165;66m██[38;2;165;197;255m██[38;2;165;197;255m██[38;2;165;197;255m██[38;2;165;197;255m██[38;2;165;197;255m██[38;2;140;156;255m██[38;2;140;156;255m██[38;2;140;156;255m██[38;2;65;65;65m██[38;2;239;99;82m██[38;2;239;99;82m██[38;2;181;74;74m██[38;2;0;0;0m██      
  [38;2;0;0;0m██[38;2;247;214;58m██[38;2;0;0;0m██[38;2;165;197;255m██[38;2;165;197;255m██[38;2;165;197;255m██[38;2;140;156;255m██[38;2;140;156;255m██[38;2;140;156;255m██[38;2;140;156;255m██[38;2;140;156;255m██[38;2;65;65;65m██[38;2;239;99;82m██[38;2;239;99;82m██[38;2;181;74;74m██[38;2;0;0;0m██      
    [38;2;0;0;0m██[38;2;140;156;255m██[38;2;65;65;65m██[38;2;65;65;65m██[38;2;140;156;255m██[38;2;189;165;66m██[38;2;255;255;255m██[38;2;140;156;255m██[38;2;140;156;255m██[38;2;65;65;65m██[38;2;239;99;82m██[38;2;239;99;82m██[38;2;181;74;74m██[38;2;181;74;74m██[38;2;0;0;0m██      
      [38;2;0;0;0m██[38;2;140;156;255m██[38;2;140;156;255m██[38;2;140;156;255m██[38;2;0;0;0m██[38;2;247;214;58m██[38;2;140;156;255m██[38;2;65;65;65m██[38;2;239;99;82m██[38;2;239;99;82m██[38;2;181;74;74m██[38;2;181;74;74m██[38;2;65;65;65m██[38;2;0;0;0m██[38;2;0;0;0m██    
    [38;2;0;0;0m██[38;2;65;65;65m██[38;2;65;65;65m██[38;2;65;65;65m██[38;2;140;156;255m██[38;2;140;156;255m██[38;2;140;156;255m██[38;2;65;65;65m██[38;2;65;65;65m██[38;2;65;65;65m██[38;2;181;74;74m██[38;2;181;74;74m██[38;2;65;65;65m██[38;2;65;65;65m██[38;2;255;255;255m██[38;2;255;255;255m██[38;2;0;0;0m██  
      [38;2;0;0;0m██[38;2;0;0;0m██[38;2;65;65;65m██[38;2;65;65;65m██[38;2;65;65;65m██[38;2;65;65;65m██[38;2;123;123;115m██[38;2;123;123;115m██[38;2;239;99;82m██[38;2;65;65;65m██[38;2;65;65;65m██[38;2;189;189;189m██[38;2;189;189;189m██[38;2;255;255;255m██[38;2;255;255;255m██[38;2;255;255;255m██[38;2;0;0;0m██
          [38;2;0;0;0m██[38;2;247;214;58m██[38;2;247;214;58m██[38;2;165;197;255m██[38;2;65;65;65m██[38;2;65;65;65m██[38;2;65;65;65m██[38;2;181;74;74m██[38;2;65;65;65m██[38;2;65;65;65m██[38;2;189;189;189m██[38;2;189;189;189m██[38;2;0;0;0m██[38;2;0;0;0m██  
            [38;2;0;0;0m██[38;2;165;197;255m██[38;2;247;214;58m██[38;2;247;214;58m██[38;2;189;165;66m██[38;2;65;65;65m██[38;2;65;65;65m██[38;2;65;65;65m██[38;2;65;65;65m██[38;2;0;0;0m██[38;2;0;0;0m██      
          [38;2;0;0;0m██[38;2;65;65;65m██[38;2;181;74;74m██[38;2;140;156;255m██[38;2;140;156;255m██[38;2;140;156;255m██[38;2;181;74;74m██[38;2;181;74;74m██[38;2;65;65;65m██[38;2;0;0;0m██          
          [38;2;0;0;0m██[38;2;65;65;65m██[38;2;65;65;65m██[38;2;0;0;0m██[38;2;189;165;66m██[38;2;189;165;66m██[38;2;65;65;65m██[38;2;65;65;65m██[38;2;181;74;74m██[38;2;0;0;0m██          
            [38;2;0;0;0m██[38;2;0;0;0m██  [38;2;0;0;0m██[38;2;0;0;0m██[38;2;65;65;65m██[38;2;65;65;65m██[38;2;65;65;65m██            
                      [38;2;0;0;0m██[38;2;0;0;0m██              
