                        [38;2;0;0;0m██[38;2;0;0;0m██[38;2;0;0;0m██              
                      [38;2;0;0;0m██[38;2;140;99;66m██[38;2;181;132;74m██[38;2;181;132;74m██[38;2;0;0;0m██            
        [38;2;0;0;0m██          [38;2;0;0;0m██[38;2;181;132;74m██[38;2;181;132;74m██[38;2;0;0;0m██[38;2;0;0;0m██[38;2;0;0;0m██            
      [38;2;0;0;0m██[38;2;115;189;90m██[38;2;0;0;0m██      [38;2;0;0;0m██[38;2;140;99;66m██[38;2;181;132;74m██[38;2;0;0;0m██                  
    [38;2;0;0;0m██[38;2;115;189;90m██[38;2;115;189;90m██[38;2;0;0;0m██    [38;2;0;0;0m██[38;2;65;65;65m██[38;2;140;99;66m██[38;2;140;99;66m██[38;2;65;65;65m██[38;2;0;0;0m██                
  [38;2;0;0;0m██[38;2;74;156;74m██[38;2;115;189;90m██[38;2;0;0;0m██    [38;2;0;0;0m██[38;2;0;0;0m██[38;2;247;230;90m██[38;2;65;65;65m██[38;2;65;65;65m██[38;2;206;189;82m██[38;2;0;0;0m██                
  [38;2;0;0;0m██[38;2;115;189;90m██[38;2;74;156;74m██[38;2;0;0;0m██    [38;2;0;0;0m██[38;2;247;230;90m██[38;2;165;148;82m██[38;2;247;230;90m██[38;2;247;230;90m██[38;2;165;148;82m██[38;2;247;230;90m██[38;2;0;0;0m██              
[38;2;0;0;0m██[38;2;74;156;74m██[38;2;115;189;90m██[38;2;74;156;74m██[38;2;74;156;74m██[38;2;0;0;0m██[38;2;0;0;0m██[38;2;247;230;90m██[38;2;247;230;90m██[38;2;247;230;90m██[38;2;165;148;82m██[38;2;165;148;82m██[38;2;247;230;90m██[38;2;247;230;90m██[38;2;0;0;0m██          [38;2;0;0;0m██[38;2;0;0;0m██
[38;2;0;0;0m██[38;2;74;156;74m██[38;2;74;156;74m██[38;2;74;156;74m██[38;2;74;156;74m██[38;2;74;156;74m██[38;2;65;65;65m██[38;2;247;230;90m██[38;2;247;230;90m██[38;2;247;230;90m██[38;2;247;230;90m██[38;2;247;230;90m██[38;2;247;230;90m██[38;2;247;230;90m██[38;2;247;230;90m██[38;2;0;0;0m██    [38;2;0;0;0m██[38;2;0;0;0m██[38;2;140;222;115m██[38;2;0;0;0m██
[38;2;0;0;0m██[38;2;74;156;74m██[38;2;74;156;74m██[38;2;74;156;74m██[38;2;74;156;74m██[38;2;74;156;74m██[38;2;65;65;65m██[38;2;247;230;90m██[38;2;247;230;90m██[38;2;247;230;90m██[38;2;247;230;90m██[38;2;247;230;90m██[38;2;247;230;90m██[38;2;247;230;90m██[38;2;65;65;65m██[38;2;0;0;0m██[38;2;0;0;0m██[38;2;0;0;0m██[38;2;140;222;115m██[38;2;140;222;115m██[38;2;140;222;115m██[38;2;0;0;0m██
  [38;2;0;0;0m██[38;2;74;156;74m██[38;2;74;156;74m██[38;2;74;156;74m██[38;2;74;156;74m██[38;2;65;65;65m██[38;2;247;230;90m██[38;2;247;230;90m██[38;2;206;189;82m██[38;2;206;189;82m██[38;2;247;230;90m██[38;2;247;230;90m██[38;2;65;65;65m██[38;2;115;189;90m██[38;2;115;189;90m██[38;2;140;222;115m██[38;2;140;222;115m██[38;2;140;222;115m██[38;2;140;222;115m██[38;2;140;222;115m██[38;2;0;0;0m██
    [38;2;0;0;0m██[38;2;74;156;74m██[38;2;74;156;74m██[38;2;65;65;65m██[38;2;247;230;90m██[38;2;247;230;90m██[38;2;247;230;90m██[38;2;255;255;255m██[38;2;255;255;255m██[38;2;206;189;82m██[38;2;65;65;65m██[38;2;115;189;90m██[38;2;115;189;90m██[38;2;115;189;90m██[38;2;115;189;90m██[38;2;140;222;115m██[38;2;140;222;115m██[38;2;140;222;115m██[38;2;0;0;0m██  
      [38;2;0;0;0m██[38;2;0;0;0m██[38;2;65;65;65m██[38;2;247;230;90m██[38;2;247;230;90m██[38;2;206;189;82m██[38;2;0;0;0m██[38;2;255;255;255m██[38;2;255;255;255m██[38;2;65;65;65m██[38;2;115;189;90m██[38;2;115;189;90m██[38;2;115;189;90m██[38;2;115;189;90m██[38;2;140;222;115m██[38;2;140;222;115m██[38;2;140;222;115m██[38;2;0;0;0m██  
        [38;2;0;0;0m██[38;2;247;230;90m██[38;2;247;230;90m██[38;2;247;230;90m██[38;2;206;189;82m██[38;2;255;255;255m██[38;2;255;255;255m██[38;2;206;189;82m██[38;2;65;65;65m██[38;2;115;189;90m██[38;2;115;189;90m██[38;2;115;189;90m██[38;2;115;189;90m██[38;2;115;189;90m██[38;2;140;222;115m██[38;2;0;0;0m██    
      [38;2;0;0;0m██[38;2;65;65;65m██[38;2;206;189;82m██[38;2;247;230;90m██[38;2;247;230;90m██[38;2;247;230;90m██[38;2;206;189;82m██[38;2;206;189;82m██[38;2;206;189;82m██[38;2;206;189;82m██[38;2;65;65;65m██[38;2;115;189;90m██[38;2;115;189;90m██[38;2;115;189;90m██[38;2;0;0;0m██[38;2;0;0;0m██      
      [38;2;0;0;0m██[38;2;247;156;173m██[38;2;65;65;65m██[38;2;206;189;82m██[38;2;247;230;90m██[38;2;206;189;82m██[38;2;206;189;82m██[38;2;206;189;82m██[38;2;206;189;82m██[38;2;65;65;65m██[38;2;65;65;65m██[38;2;65;65;65m██[38;2;0;0;0m██[38;2;0;0;0m██          
      [38;2;0;0;0m██[38;2;247;156;173m██[38;2;247;156;173m██[38;2;65;65;65m██[38;2;65;65;65m██[38;2;65;65;65m██[38;2;65;65;65m██[38;2;65;65;65m██[38;2;65;65;65m██[38;2;189;123;132m██[38;2;189;123;132m██[38;2;0;0;0m██              
        [38;2;0;0;0m██[38;2;247;156;173m██[38;2;247;156;173m██[38;2;247;156;173m██[38;2;247;156;173m██[38;2;247;156;173m██[38;2;189;123;132m██[38;2;189;123;132m██[38;2;189;123;132m██[38;2;0;0;0m██                
          [38;2;0;0;0m██[38;2;0;0;0m██[38;2;189;123;132m██[38;2;189;123;132m██[38;2;189;123;132m██[38;2;189;123;132m██[38;2;0;0;0m██[38;2;0;0;0m██                  
              [38;2;0;0;0m██[38;2;0;0;0m██[38;2;0;0;0m██[38;2;0;0;0m██                      
