        [38;2;0;0;0m██[38;2;0;0;0m██[38;2;0;0;0m██                    
    [38;2;0;0;0m██[38;2;0;0;0m██[38;2;239;197;230m██[38;2;239;197;230m██[38;2;239;197;230m██[38;2;0;0;0m██                  
  [38;2;0;0;0m██[38;2;247;222;99m██[38;2;247;222;99m██[38;2;247;222;99m██[38;2;239;197;230m██[38;2;239;197;230m██[38;2;239;197;230m██[38;2;0;0;0m██    [38;2;0;0;0m██[38;2;0;0;0m██[38;2;0;0;0m██      
[38;2;0;0;0m██[38;2;247;222;99m██[38;2;247;222;99m██[38;2;247;222;99m██[38;2;247;222;99m██[38;2;247;189;99m██[38;2;132;115;132m██[38;2;239;197;230m██[38;2;65;65;65m██[38;2;0;0;0m██[38;2;0;0;0m██[38;2;173;132;206m██[38;2;239;197;230m██[38;2;239;197;230m██[38;2;0;0;0m██    
[38;2;0;0;0m██[38;2;247;222;99m██[38;2;247;222;99m██[38;2;247;222;99m██[38;2;247;189;99m██[38;2;247;189;99m██[38;2;65;65;65m██[38;2;214;173;214m██[38;2;214;173;214m██[38;2;214;173;214m██[38;2;132;115;132m██[38;2;247;189;99m██[38;2;247;222;99m██[38;2;239;197;230m██[38;2;239;197;230m██[38;2;0;0;0m██  
  [38;2;0;0;0m██[38;2;247;189;99m██[38;2;247;189;99m██[38;2;247;189;99m██[38;2;0;0;0m██[38;2;214;173;214m██[38;2;239;197;230m██[38;2;239;197;230m██[38;2;239;197;230m██[38;2;65;65;65m██[38;2;247;222;99m██[38;2;247;222;99m██[38;2;247;222;99m██[38;2;239;197;230m██[38;2;239;197;230m██[38;2;0;0;0m██
    [38;2;0;0;0m██[38;2;0;0;0m██[38;2;0;0;0m██[38;2;214;173;214m██[38;2;239;197;230m██[38;2;239;197;230m██[38;2;239;197;230m██[38;2;239;197;230m██[38;2;65;65;65m██[38;2;247;222;99m██[38;2;247;222;99m██[38;2;247;222;99m██[38;2;247;222;99m██[38;2;239;197;230m██[38;2;0;0;0m██
        [38;2;0;0;0m██[38;2;239;197;230m██[38;2;239;197;230m██[38;2;239;197;230m██[38;2;239;197;230m██[38;2;239;197;230m██[38;2;239;197;230m██[38;2;65;65;65m██[38;2;247;222;99m██[38;2;247;222;99m██[38;2;247;222;99m██[38;2;214;173;214m██[38;2;0;0;0m██
      [38;2;0;0;0m██[38;2;132;115;132m██[38;2;132;115;132m██[38;2;239;197;230m██[38;2;239;197;230m██[38;2;239;197;230m██[38;2;132;115;132m██[38;2;239;197;230m██[38;2;239;197;230m██[38;2;65;65;65m██[38;2;247;189;99m██[38;2;247;189;99m██[38;2;0;0;0m██  
      [38;2;0;0;0m██[38;2;132;115;132m██[38;2;239;197;230m██[38;2;239;197;230m██[38;2;239;197;230m██[38;2;132;115;132m██[38;2;132;115;132m██[38;2;132;115;132m██[38;2;239;197;230m██[38;2;239;197;230m██[38;2;65;65;65m██[38;2;0;0;0m██    
      [38;2;0;0;0m██[38;2;214;173;214m██[38;2;156;99;123m██[38;2;156;99;123m██[38;2;239;197;230m██[38;2;239;197;230m██[38;2;132;115;132m██[38;2;239;197;230m██[38;2;239;197;230m██[38;2;214;173;214m██[38;2;214;173;214m██[38;2;0;0;0m██    
      [38;2;0;0;0m██[38;2;173;132;206m██[38;2;214;173;214m██[38;2;156;99;123m██[38;2;156;99;123m██[38;2;214;173;214m██[38;2;214;173;214m██[38;2;173;132;206m██[38;2;214;173;214m██[38;2;214;173;214m██[38;2;173;132;206m██[38;2;0;0;0m██    
        [38;2;0;0;0m██[38;2;214;173;214m██[38;2;214;173;214m██[38;2;214;173;214m██[38;2;214;173;214m██[38;2;132;115;132m██[38;2;239;197;230m██[38;2;214;173;214m██[38;2;173;132;206m██[38;2;132;115;132m██[38;2;0;0;0m██    
          [38;2;0;0;0m██[38;2;247;222;99m██[38;2;173;132;206m██[38;2;173;132;206m██[38;2;132;115;132m██[38;2;132;115;132m██[38;2;173;132;206m██[38;2;132;115;132m██[38;2;0;0;0m██      
            [38;2;0;0;0m██[38;2;0;0;0m██[38;2;0;0;0m██[38;2;247;222;99m██[38;2;247;222;99m██[38;2;214;173;214m██[38;2;0;0;0m██        
                  [38;2;0;0;0m██[38;2;0;0;0m██[38;2;0;0;0m██          
