                      [38;2;0;0;0m██[38;2;0;0;0m██[38;2;0;0;0m██                    
          [38;2;0;0;0m██[38;2;0;0;0m██[38;2;0;0;0m██  [38;2;0;0;0m██[38;2;0;0;0m██[38;2;148;115;164m██[38;2;148;115;164m██[38;2;148;115;164m██[38;2;0;0;0m██                  
      [38;2;0;0;0m██[38;2;0;0;0m██[38;2;115;106;139m██[38;2;115;106;139m██[38;2;0;0;0m██[38;2;0;0;0m██[38;2;148;115;164m██[38;2;148;115;164m██[38;2;0;0;0m██[38;2;0;0;0m██[38;2;0;0;0m██                    
    [38;2;0;0;0m██[38;2;65;65;65m██[38;2;115;106;139m██[38;2;0;0;0m██[38;2;0;0;0m██[38;2;65;65;65m██[38;2;148;115;164m██[38;2;65;65;65m██[38;2;0;0;0m██            [38;2;0;0;0m██[38;2;0;0;0m██    [38;2;0;0;0m██[38;2;0;0;0m██[38;2;0;0;0m██
    [38;2;0;0;0m██[38;2;115;106;139m██[38;2;0;0;0m██  [38;2;0;0;0m██[38;2;115;106;139m██[38;2;65;65;65m██[38;2;0;0;0m██[38;2;0;0;0m██[38;2;0;0;0m██[38;2;0;0;0m██[38;2;0;0;0m██    [38;2;0;0;0m██[38;2;148;115;164m██[38;2;65;65;65m██[38;2;0;0;0m██[38;2;0;0;0m██[38;2;148;115;164m██[38;2;148;115;164m██[38;2;0;0;0m██
      [38;2;0;0;0m██[38;2;115;106;139m██[38;2;0;0;0m██[38;2;0;0;0m██[38;2;115;106;139m██[38;2;65;65;65m██[38;2;197;222;213m██[38;2;197;222;213m██[38;2;65;65;65m██[38;2;65;65;65m██[38;2;197;222;213m██[38;2;0;0;0m██[38;2;0;0;0m██[38;2;65;65;65m██[38;2;148;115;164m██[38;2;115;106;139m██[38;2;148;115;164m██[38;2;148;115;164m██[38;2;0;0;0m██[38;2;0;0;0m██  
        [38;2;0;0;0m██[38;2;115;106;139m██[38;2;65;65;65m██[38;2;65;65;65m██[38;2;115;106;139m██[38;2;65;65;65m██[38;2;148;115;164m██[38;2;148;115;164m██[38;2;197;222;213m██[38;2;65;65;65m██[38;2;197;222;213m██[38;2;123;139;131m██[38;2;156;180;164m██[38;2;65;65;65m██[38;2;148;115;164m██[38;2;0;0;0m██[38;2;0;0;0m██      
  [38;2;0;0;0m██  [38;2;0;0;0m██[38;2;238;230;106m██[38;2;65;65;65m██[38;2;197;222;213m██[38;2;65;65;65m██[38;2;115;106;139m██[38;2;65;65;65m██[38;2;197;222;213m██[38;2;197;222;213m██[38;2;148;115;164m██[38;2;197;222;213m██[38;2;65;65;65m██[38;2;197;222;213m██[38;2;123;139;131m██[38;2;156;180;164m██[38;2;65;65;65m██[38;2;115;106;139m██[38;2;115;106;139m██[38;2;0;0;0m██    
[38;2;0;0;0m██[38;2;148;115;164m██[38;2;0;0;0m██[38;2;65;65;65m██[38;2;238;230;106m██[38;2;148;115;164m██[38;2;197;222;213m██[38;2;197;222;213m██[38;2;65;65;65m██[38;2;238;230;106m██[38;2;238;230;106m██[38;2;238;230;106m██[38;2;148;115;164m██[38;2;197;222;213m██[38;2;65;65;65m██[38;2;156;180;164m██[38;2;156;180;164m██[38;2;123;139;131m██[38;2;0;0;0m██[38;2;0;0;0m██[38;2;0;0;0m██      
[38;2;0;0;0m██[38;2;148;115;164m██[38;2;65;65;65m██[38;2;148;115;164m██[38;2;148;115;164m██[38;2;65;65;65m██[38;2;197;222;213m██[38;2;197;222;213m██[38;2;148;115;164m██[38;2;238;230;106m██[38;2;65;65;65m██[38;2;238;230;106m██[38;2;65;65;65m██[38;2;156;180;164m██[38;2;156;180;164m██[38;2;65;65;65m██[38;2;156;180;164m██[38;2;0;0;0m██            
  [38;2;0;0;0m██[38;2;148;115;164m██[38;2;148;115;164m██[38;2;148;115;164m██[38;2;148;115;164m██[38;2;148;115;164m██[38;2;148;115;164m██[38;2;65;65;65m██[38;2;148;115;164m██[38;2;148;115;164m██[38;2;65;65;65m██[38;2;65;65;65m██[38;2;65;65;65m██[38;2;65;65;65m██[38;2;65;65;65m██[38;2;0;0;0m██              
    [38;2;0;0;0m██[38;2;148;115;164m██[38;2;65;65;65m██[38;2;148;115;164m██[38;2;148;115;164m██[38;2;148;115;164m██[38;2;148;115;164m██[38;2;65;65;65m██[38;2;65;65;65m██[38;2;65;65;65m██[38;2;148;115;164m██[38;2;148;115;164m██[38;2;148;115;164m██[38;2;148;115;164m██[38;2;0;0;0m██              
      [38;2;0;0;0m██[38;2;0;0;0m██[38;2;148;115;164m██[38;2;0;0;0m██[38;2;148;115;164m██[38;2;148;115;164m██[38;2;148;115;164m██[38;2;148;115;164m██[38;2;148;115;164m██[38;2;148;115;164m██[38;2;0;0;0m██[38;2;0;0;0m██[38;2;0;0;0m██                
          [38;2;0;0;0m██  [38;2;0;0;0m██[38;2;0;0;0m██[38;2;0;0;0m██[38;2;0;0;0m██[38;2;0;0;0m██[38;2;0;0;0m██                      
