                              [38;2;0;0;0m██[38;2;0;0;0m██                  
  [38;2;0;0;0m██[38;2;0;0;0m██[38;2;0;0;0m██              [38;2;0;0;0m██  [38;2;0;0;0m██[38;2;0;0;0m██[38;2;165;197;255m██[38;2;107;140;255m██[38;2;0;0;0m██[38;2;0;0;0m██              
[38;2;0;0;0m██[38;2;255;255;255m██[38;2;255;255;255m██[38;2;181;197;197m██[38;2;0;0;0m██[38;2;0;0;0m██[38;2;0;0;0m██      [38;2;0;0;0m██[38;2;255;255;255m██[38;2;65;65;65m██[38;2;255;255;255m██[38;2;65;65;65m██[38;2;107;140;255m██[38;2;165;197;255m██[38;2;165;197;255m██[38;2;107;140;255m██[38;2;0;0;0m██            
  [38;2;0;0;0m██[38;2;181;197;197m██[38;2;255;255;255m██[38;2;255;255;255m██[38;2;165;197;255m██[38;2;107;140;255m██[38;2;0;0;0m██[38;2;0;0;0m██[38;2;0;0;0m██[38;2;255;255;255m██[38;2;181;197;197m██[38;2;255;255;255m██[38;2;255;255;255m██[38;2;132;132;115m██[38;2;255;255;255m██[38;2;165;197;255m██[38;2;107;140;255m██[38;2;165;197;255m██[38;2;0;0;0m██            
[38;2;0;0;0m██[38;2;255;255;255m██[38;2;255;255;255m██[38;2;255;255;255m██[38;2;165;197;255m██[38;2;165;197;255m██[38;2;255;255;255m██[38;2;255;255;255m██[38;2;132;132;115m██[38;2;255;255;255m██[38;2;255;255;255m██[38;2;255;255;255m██[38;2;255;255;255m██[38;2;255;255;255m██[38;2;181;197;197m██[38;2;132;132;115m██[38;2;255;255;255m██[38;2;0;0;0m██[38;2;0;0;0m██              
  [38;2;0;0;0m██[38;2;0;0;0m██[38;2;0;0;0m██[38;2;107;140;255m██[38;2;255;255;255m██[38;2;255;255;255m██[38;2;132;132;115m██[38;2;181;197;197m██[38;2;255;255;255m██[38;2;255;255;255m██[38;2;255;255;255m██[38;2;255;255;255m██[38;2;255;255;255m██[38;2;255;255;255m██[38;2;181;197;197m██[38;2;0;0;0m██                  
        [38;2;0;0;0m██[38;2;0;0;0m██[38;2;0;0;0m██[38;2;132;132;115m██[38;2;255;255;255m██[38;2;255;255;255m██[38;2;255;255;255m██[38;2;255;255;255m██[38;2;181;197;197m██[38;2;255;255;255m██[38;2;255;255;255m██[38;2;132;132;115m██[38;2;0;0;0m██[38;2;0;0;0m██                
              [38;2;0;0;0m██[38;2;255;255;255m██[38;2;255;255;255m██[38;2;255;255;255m██[38;2;65;65;65m██[38;2;255;255;255m██[38;2;255;255;255m██[38;2;181;197;197m██[38;2;255;255;255m██[38;2;255;255;255m██[38;2;181;197;197m██[38;2;0;0;0m██[38;2;0;0;0m██[38;2;0;0;0m██[38;2;0;0;0m██        
              [38;2;0;0;0m██[38;2;65;65;65m██[38;2;189;132;90m██[38;2;255;255;255m██[38;2;65;65;65m██[38;2;255;255;255m██[38;2;255;255;255m██[38;2;132;132;115m██[38;2;255;255;255m██[38;2;255;255;255m██[38;2;255;255;255m██[38;2;255;255;255m██[38;2;255;255;255m██[38;2;255;255;255m██[38;2;107;140;255m██[38;2;0;0;0m██[38;2;0;0;0m██[38;2;0;0;0m██  
              [38;2;0;0;0m██[38;2;247;181;82m██[38;2;247;181;82m██[38;2;189;132;90m██[38;2;255;255;255m██[38;2;181;197;197m██[38;2;0;0;0m██[38;2;0;0;0m██[38;2;0;0;0m██[38;2;181;197;197m██[38;2;255;255;255m██[38;2;255;255;255m██[38;2;255;255;255m██[38;2;165;197;255m██[38;2;165;197;255m██[38;2;255;255;255m██[38;2;255;255;255m██[38;2;255;255;255m██[38;2;0;0;0m██
            [38;2;0;0;0m██[38;2;247;181;82m██[38;2;247;181;82m██[38;2;189;132;90m██[38;2;0;0;0m██[38;2;0;0;0m██[38;2;0;0;0m██      [38;2;0;0;0m██[38;2;0;0;0m██[38;2;0;0;0m██[38;2;107;140;255m██[38;2;165;197;255m██[38;2;255;255;255m██[38;2;255;255;255m██[38;2;181;197;197m██[38;2;0;0;0m██  
          [38;2;0;0;0m██[38;2;132;132;115m██[38;2;132;132;115m██[38;2;189;132;90m██[38;2;0;0;0m██                  [38;2;0;0;0m██[38;2;0;0;0m██[38;2;0;0;0m██[38;2;181;197;197m██[38;2;255;255;255m██[38;2;255;255;255m██[38;2;0;0;0m██
          [38;2;0;0;0m██[38;2;132;132;115m██[38;2;65;65;65m██[38;2;0;0;0m██                          [38;2;0;0;0m██[38;2;0;0;0m██[38;2;0;0;0m██  
            [38;2;0;0;0m██[38;2;0;0;0m██                                    
