        [38;2;0;0;0m██[38;2;0;0;0m██                            
    [38;2;0;0;0m██[38;2;0;0;0m██[38;2;132;132;132m██[38;2;0;0;0m██                            
  [38;2;0;0;0m██[38;2;107;107;107m██[38;2;132;132;132m██[38;2;132;132;132m██[38;2;0;0;0m██                  [38;2;0;0;0m██[38;2;0;0;0m██      
[38;2;0;0;0m██[38;2;107;107;107m██[38;2;107;107;107m██[38;2;107;107;107m██[38;2;107;107;107m██[38;2;0;0;0m██[38;2;0;0;0m██  [38;2;0;0;0m██            [38;2;0;0;0m██[38;2;132;132;132m██[38;2;0;0;0m██    
[38;2;0;0;0m██[38;2;107;107;107m██[38;2;0;0;0m██[38;2;107;107;107m██[38;2;65;65;65m██[38;2;65;65;65m██[38;2;165;222;255m██[38;2;0;0;0m██[38;2;165;222;255m██[38;2;0;0;0m██[38;2;0;0;0m██        [38;2;0;0;0m██[38;2;132;132;132m██[38;2;132;132;132m██[38;2;0;0;0m██  
[38;2;0;0;0m██[38;2;0;0;0m██  [38;2;0;0;0m██[38;2;165;222;255m██[38;2;115;173;230m██[38;2;165;222;255m██[38;2;165;222;255m██[38;2;165;222;255m██[38;2;115;173;230m██[38;2;165;222;255m██[38;2;0;0;0m██    [38;2;0;0;0m██[38;2;107;107;107m██[38;2;107;107;107m██[38;2;132;132;132m██[38;2;0;0;0m██  
    [38;2;0;0;0m██[38;2;165;222;255m██[38;2;165;222;255m██[38;2;165;222;255m██[38;2;165;222;255m██[38;2;165;222;255m██[38;2;165;222;255m██[38;2;165;222;255m██[38;2;165;222;255m██[38;2;115;173;230m██[38;2;0;0;0m██[38;2;0;0;0m██[38;2;107;107;107m██[38;2;107;107;107m██[38;2;107;107;107m██[38;2;107;107;107m██[38;2;132;132;132m██[38;2;0;0;0m██
    [38;2;0;0;0m██[38;2;90;123;181m██[38;2;115;173;230m██[38;2;165;222;255m██[38;2;165;222;255m██[38;2;165;222;255m██[38;2;165;222;255m██[38;2;165;222;255m██[38;2;165;222;255m██[38;2;65;65;65m██[38;2;65;65;65m██[38;2;107;107;107m██[38;2;107;107;107m██[38;2;107;107;107m██[38;2;107;107;107m██[38;2;0;0;0m██[38;2;132;132;132m██[38;2;0;0;0m██
  [38;2;0;0;0m██[38;2;239;115;156m██[38;2;255;181;165m██[38;2;255;181;165m██[38;2;115;173;230m██[38;2;165;222;255m██[38;2;165;222;255m██[38;2;165;222;255m██[38;2;165;222;255m██[38;2;115;173;230m██[38;2;107;107;107m██[38;2;107;107;107m██[38;2;65;65;65m██[38;2;0;0;0m██[38;2;107;107;107m██[38;2;0;0;0m██  [38;2;0;0;0m██[38;2;0;0;0m██
  [38;2;0;0;0m██[38;2;65;65;65m██[38;2;255;181;165m██[38;2;107;107;107m██[38;2;255;181;165m██[38;2;107;107;107m██[38;2;165;222;255m██[38;2;65;65;65m██[38;2;165;222;255m██[38;2;90;123;181m██[38;2;115;173;230m██[38;2;65;65;65m██[38;2;0;0;0m██  [38;2;0;0;0m██[38;2;0;0;0m██      
  [38;2;0;0;0m██[38;2;65;65;65m██[38;2;65;65;65m██[38;2;107;107;107m██[38;2;239;115;156m██[38;2;90;123;181m██[38;2;65;65;65m██[38;2;115;173;230m██[38;2;65;65;65m██[38;2;115;173;230m██[38;2;115;173;230m██[38;2;115;173;230m██[38;2;0;0;0m██            
    [38;2;0;0;0m██[38;2;189;99;115m██[38;2;189;99;115m██[38;2;90;123;181m██[38;2;115;173;230m██[38;2;115;173;230m██[38;2;115;173;230m██[38;2;115;173;230m██[38;2;115;173;230m██[38;2;115;173;230m██[38;2;0;0;0m██              
      [38;2;0;0;0m██[38;2;65;65;65m██[38;2;189;206;206m██[38;2;189;99;115m██[38;2;189;99;115m██[38;2;115;173;230m██[38;2;115;173;230m██[38;2;115;173;230m██[38;2;90;123;181m██[38;2;0;0;0m██              
        [38;2;0;0;0m██[38;2;0;0;0m██[38;2;239;115;156m██[38;2;90;123;181m██[38;2;115;173;230m██[38;2;90;123;181m██[38;2;0;0;0m██[38;2;0;0;0m██                
            [38;2;0;0;0m██[38;2;0;0;0m██[38;2;0;0;0m██[38;2;0;0;0m██                    
