                        [38;2;0;0;0m██[38;2;0;0;0m██                    
                    [38;2;0;0;0m██[38;2;0;0;0m██[38;2;115;115;115m██[38;2;0;0;0m██                    
                  [38;2;0;0;0m██[38;2;65;65;65m██[38;2;115;115;115m██[38;2;115;115;115m██[38;2;0;0;0m██                    
                  [38;2;0;0;0m██[38;2;115;115;115m██[38;2;65;65;65m██[38;2;65;65;65m██                      
    [38;2;0;0;0m██[38;2;0;0;0m██[38;2;0;0;0m██          [38;2;0;0;0m██[38;2;115;115;115m██[38;2;115;115;115m██[38;2;0;0;0m██                    
  [38;2;0;0;0m██[38;2;140;107;49m██[38;2;140;107;49m██[38;2;140;107;49m██[38;2;0;0;0m██      [38;2;0;0;0m██[38;2;115;115;115m██[38;2;115;115;115m██[38;2;65;65;65m██[38;2;0;0;0m██                    
[38;2;0;0;0m██[38;2;140;107;49m██[38;2;140;107;49m██[38;2;65;65;65m██[38;2;65;65;65m██[38;2;0;0;0m██[38;2;0;0;0m██  [38;2;0;0;0m██[38;2;140;107;49m██[38;2;0;0;0m██[38;2;115;115;115m██[38;2;0;0;0m██  [38;2;0;0;0m██[38;2;0;0;0m██                
[38;2;0;0;0m██[38;2;140;107;49m██[38;2;65;65;65m██[38;2;65;65;65m██[38;2;140;107;49m██[38;2;65;65;65m██[38;2;65;65;65m██[38;2;0;0;0m██[38;2;140;107;49m██[38;2;0;0;0m██[38;2;0;0;0m██[38;2;115;115;115m██[38;2;65;65;65m██[38;2;0;0;0m██[38;2;140;107;49m██[38;2;0;0;0m██                
  [38;2;0;0;0m██[38;2;0;0;0m██[38;2;140;107;49m██[38;2;65;65;65m██[38;2;65;65;65m██[38;2;140;107;49m██[38;2;65;65;65m██[38;2;65;65;65m██[38;2;115;115;115m██[38;2;115;115;115m██[38;2;115;115;115m██[38;2;65;65;65m██[38;2;140;107;49m██[38;2;140;107;49m██[38;2;65;65;65m██[38;2;0;0;0m██              
    [38;2;0;0;0m██[38;2;140;107;49m██[38;2;65;65;65m██[38;2;140;107;49m██[38;2;65;65;65m██[38;2;115;115;115m██[38;2;115;115;115m██[38;2;115;115;115m██[38;2;115;115;115m██[38;2;115;115;115m██[38;2;115;115;115m██[38;2;65;65;65m██[38;2;65;65;65m██[38;2;173;140;66m██[38;2;173;140;66m██[38;2;0;0;0m██            
      [38;2;0;0;0m██[38;2;0;0;0m██[38;2;65;65;65m██[38;2;255;255;255m██[38;2;115;115;115m██[38;2;115;115;115m██[38;2;115;115;115m██[38;2;115;115;115m██[38;2;115;115;115m██[38;2;115;115;115m██[38;2;65;65;65m██[38;2;173;140;66m██[38;2;173;140;66m██[38;2;65;65;65m██[38;2;0;0;0m██[38;2;0;0;0m██  [38;2;0;0;0m██[38;2;0;0;0m██[38;2;0;0;0m██  
    [38;2;0;0;0m██[38;2;206;189;115m██[38;2;65;65;65m██[38;2;115;115;115m██[38;2;0;0;0m██[38;2;115;115;115m██[38;2;115;115;115m██[38;2;115;115;115m██[38;2;115;115;115m██[38;2;115;115;115m██[38;2;65;65;65m██[38;2;65;65;65m██[38;2;173;140;66m██[38;2;65;65;65m██[38;2;140;107;49m██[38;2;173;140;66m██[38;2;173;140;66m██[38;2;0;0;0m██[38;2;173;140;66m██[38;2;173;140;66m██[38;2;65;65;65m██[38;2;0;0;0m██
  [38;2;0;0;0m██[38;2;206;189;115m██[38;2;230;90;82m██[38;2;65;65;65m██[38;2;115;115;115m██[38;2;255;255;255m██[38;2;115;115;115m██[38;2;115;115;115m██[38;2;115;115;115m██[38;2;115;115;115m██[38;2;255;255;255m██[38;2;115;115;115m██[38;2;115;115;115m██[38;2;65;65;65m██[38;2;65;65;65m██[38;2;173;140;66m██[38;2;173;140;66m██[38;2;65;65;65m██[38;2;173;140;66m██[38;2;173;140;66m██[38;2;173;140;66m██[38;2;173;140;66m██[38;2;0;0;0m██
  [38;2;0;0;0m██[38;2;206;189;115m██[38;2;189;82;74m██[38;2;230;90;82m██[38;2;65;65;65m██[38;2;115;115;115m██[38;2;115;115;115m██[38;2;115;115;115m██[38;2;115;115;115m██[38;2;115;115;115m██[38;2;0;0;0m██[38;2;189;189;189m██[38;2;115;115;115m██[38;2;115;115;115m██[38;2;65;65;65m██[38;2;65;65;65m██[38;2;173;140;66m██[38;2;65;65;65m██[38;2;173;140;66m██[38;2;173;140;66m██[38;2;173;140;66m██[38;2;173;140;66m██[38;2;0;0;0m██
    [38;2;0;0;0m██[38;2;206;189;115m██[38;2;255;239;148m██[38;2;255;239;148m██[38;2;65;65;65m██[38;2;115;115;115m██[38;2;115;115;115m██[38;2;115;115;115m██[38;2;115;115;115m██[38;2;255;255;255m██[38;2;115;115;115m██[38;2;115;115;115m██[38;2;65;65;65m██[38;2;255;239;148m██[38;2;255;239;148m██[38;2;65;65;65m██[38;2;0;0;0m██[38;2;0;0;0m██[38;2;173;140;66m██[38;2;173;140;66m██[38;2;0;0;0m██  
    [38;2;0;0;0m██[38;2;206;189;115m██[38;2;206;189;115m██[38;2;255;239;148m██[38;2;65;65;65m██[38;2;173;140;66m██[38;2;173;140;66m██[38;2;65;65;65m██[38;2;115;115;115m██[38;2;65;65;65m██[38;2;65;65;65m██[38;2;65;65;65m██[38;2;255;239;148m██[38;2;255;239;148m██[38;2;255;239;148m██[38;2;206;189;115m██[38;2;0;0;0m██  [38;2;0;0;0m██[38;2;0;0;0m██    
      [38;2;0;0;0m██[38;2;0;0;0m██[38;2;206;189;115m██[38;2;65;65;65m██[38;2;173;140;66m██[38;2;65;65;65m██[38;2;255;239;148m██[38;2;255;239;148m██[38;2;255;239;148m██[38;2;255;239;148m██[38;2;230;90;82m██[38;2;230;90;82m██[38;2;255;239;148m██[38;2;255;239;148m██[38;2;206;189;115m██[38;2;206;189;115m██[38;2;0;0;0m██        
          [38;2;0;0;0m██[38;2;0;0;0m██[38;2;65;65;65m██[38;2;255;239;148m██[38;2;255;239;148m██[38;2;255;239;148m██[38;2;255;239;148m██[38;2;255;239;148m██[38;2;230;90;82m██[38;2;230;90;82m██[38;2;255;239;148m██[38;2;206;189;115m██[38;2;65;65;65m██[38;2;206;189;115m██[38;2;0;0;0m██        
            [38;2;0;0;0m██[38;2;206;189;115m██[38;2;206;189;115m██[38;2;206;189;115m██[38;2;255;239;148m██[38;2;230;90;82m██[38;2;255;239;148m██[38;2;255;239;148m██[38;2;65;65;65m██[38;2;206;189;115m██[38;2;206;189;115m██[38;2;206;189;115m██[38;2;0;0;0m██          
              [38;2;0;0;0m██[38;2;189;82;74m██[38;2;189;82;74m██[38;2;206;189;115m██[38;2;189;82;74m██[38;2;206;189;115m██[38;2;206;189;115m██[38;2;206;189;115m██[38;2;0;0;0m██[38;2;0;0;0m██[38;2;0;0;0m██            
              [38;2;0;0;0m██[38;2;189;82;74m██[38;2;189;82;74m██[38;2;206;189;115m██[38;2;206;189;115m██[38;2;206;189;115m██[38;2;0;0;0m██[38;2;0;0;0m██                  
                [38;2;0;0;0m██[38;2;206;189;115m██[38;2;206;189;115m██[38;2;206;189;115m██[38;2;0;0;0m██                      
                  [38;2;0;0;0m██[38;2;0;0;0m██[38;2;0;0;0m██                        
