                [38;2;0;0;0m██[38;2;0;0;0m██[38;2;0;0;0m██                      
                [38;2;0;0;0m██[38;2;115;115;115m██[38;2;115;115;115m██[38;2;0;0;0m██                    
              [38;2;0;0;0m██[38;2;0;0;0m██[38;2;115;115;115m██[38;2;115;115;115m██[38;2;115;115;115m██[38;2;0;0;0m██                  
            [38;2;0;0;0m██[38;2;82;81;82m██[38;2;115;114;115m██[38;2;115;113;115m██[38;2;115;113;115m██[38;2;115;115;115m██[38;2;0;0;0m██                  
          [38;2;0;0;0m██[38;2;115;115;115m██[38;2;115;114;115m██[38;2;115;114;115m██[38;2;181;97;214m██[38;2;115;113;115m██[38;2;115;115;115m██[38;2;115;115;115m██[38;2;0;0;0m██                
          [38;2;0;0;0m██[38;2;115;115;115m██[38;2;115;113;115m██[38;2;181;97;214m██[38;2;181;97;214m██[38;2;181;97;214m██[38;2;115;116;115m██[38;2;82;82;82m██[38;2;0;0;0m██                
    [38;2;0;0;0m██[38;2;0;0;0m██  [38;2;0;0;0m██[38;2;115;115;115m██[38;2;115;113;115m██[38;2;181;97;214m██[38;2;0;0;0m██[38;2;181;97;214m██[38;2;82;82;82m██[38;2;82;82;82m██[38;2;82;83;82m██[38;2;0;0;0m██              
  [38;2;0;0;0m██[38;2;115;117;115m██[38;2;115;117;115m██[38;2;0;0;0m██  [38;2;0;0;0m██[38;2;82;82;82m██[38;2;82;82;82m██[38;2;181;97;214m██[38;2;82;81;82m██[38;2;173;113;206m██[38;2;86;64;103m██[38;2;82;83;82m██[38;2;0;0;0m██              
[38;2;0;0;0m██[38;2;115;117;115m██[38;2;76;78;76m██[38;2;76;78;76m██[38;2;76;78;76m██[38;2;82;83;82m██[38;2;0;0;0m██[38;2;0;0;0m██[38;2;82;82;82m██[38;2;82;81;82m██[38;2;82;81;82m██[38;2;86;64;103m██[38;2;0;16;0m██[38;2;0;0;0m██                
[38;2;0;0;0m██[38;2;82;82;82m██[38;2;82;82;82m██[38;2;82;83;82m██[38;2;0;0;0m██[38;2;0;0;0m██    [38;2;0;0;0m██[38;2;82;82;82m██[38;2;0;0;0m██[38;2;0;0;0m██[38;2;82;83;82m██[38;2;115;115;115m██[38;2;0;0;0m██[38;2;0;0;0m██    [38;2;0;0;0m██[38;2;0;0;0m██[38;2;0;0;0m██  
  [38;2;0;0;0m██[38;2;0;0;0m██[38;2;0;0;0m██      [38;2;0;0;0m██[38;2;0;0;0m██[38;2;82;82;82m██[38;2;0;0;0m██  [38;2;0;0;0m██[38;2;0;0;0m██[38;2;115;115;115m██[38;2;115;115;115m██[38;2;0;0;0m██[38;2;0;0;0m██[38;2;115;115;115m██[38;2;115;117;115m██[38;2;76;78;76m██[38;2;0;0;0m██
            [38;2;0;0;0m██[38;2;198;186;181m██[38;2;198;186;181m██[38;2;198;40;41m██[38;2;198;186;181m██[38;2;0;0;0m██    [38;2;0;0;0m██[38;2;82;82;82m██[38;2;82;82;82m██[38;2;115;116;115m██[38;2;115;116;115m██[38;2;82;82;82m██[38;2;82;82;82m██[38;2;0;0;0m██
            [38;2;0;0;0m██[38;2;198;186;181m██[38;2;198;40;41m██[38;2;198;186;181m██[38;2;198;40;41m██[38;2;148;134;140m██[38;2;0;0;0m██    [38;2;0;0;0m██[38;2;0;0;0m██[38;2;82;82;82m██[38;2;82;82;82m██[38;2;82;82;82m██[38;2;0;0;0m██  
              [38;2;0;0;0m██[38;2;198;40;41m██[38;2;120;67;71m██[38;2;198;186;181m██[38;2;148;134;140m██[38;2;0;0;0m██        [38;2;0;0;0m██[38;2;0;0;0m██[38;2;0;0;0m██    
                [38;2;0;0;0m██[38;2;120;67;71m██[38;2;120;67;71m██[38;2;0;0;0m██                    
                  [38;2;0;0;0m██[38;2;0;0;0m██                      
