              [38;2;0;0;0m██                  [38;2;0;0;0m██[38;2;0;0;0m██[38;2;0;0;0m██  [38;2;0;0;0m██[38;2;0;0;0m██          
            [38;2;0;0;0m██[38;2;255;140;99m██[38;2;0;0;0m██      [38;2;0;0;0m██[38;2;0;0;0m██      [38;2;0;0;0m██[38;2;230;99;41m██[38;2;230;99;41m██[38;2;0;0;0m██[38;2;255;255;255m██[38;2;0;0;0m██[38;2;0;0;0m██[38;2;0;0;0m██      
        [38;2;0;0;0m██[38;2;0;0;0m██[38;2;0;0;0m██[38;2;230;99;41m██[38;2;0;0;0m██    [38;2;0;0;0m██[38;2;255;140;99m██[38;2;0;0;0m██        [38;2;0;0;0m██[38;2;65;65;65m██[38;2;255;140;99m██[38;2;230;99;41m██[38;2;230;99;41m██[38;2;255;255;255m██[38;2;0;0;0m██      
  [38;2;0;0;0m██[38;2;0;0;0m██[38;2;0;0;0m██[38;2;255;255;255m██[38;2;255;255;255m██[38;2;65;65;65m██[38;2;230;99;41m██[38;2;230;99;41m██[38;2;0;0;0m██[38;2;0;0;0m██[38;2;255;140;99m██[38;2;230;99;41m██[38;2;0;0;0m██      [38;2;0;0;0m██[38;2;0;0;0m██[38;2;230;99;41m██[38;2;173;58;49m██[38;2;173;58;49m██[38;2;230;99;41m██[38;2;173;58;49m██[38;2;173;58;49m██[38;2;0;0;0m██[38;2;0;0;0m██  
[38;2;0;0;0m██[38;2;255;255;255m██[38;2;255;255;255m██[38;2;255;255;255m██[38;2;65;65;65m██[38;2;189;189;189m██[38;2;65;65;65m██[38;2;230;99;41m██[38;2;230;99;41m██[38;2;65;65;65m██[38;2;230;99;41m██[38;2;230;99;41m██[38;2;0;0;0m██    [38;2;0;0;0m██[38;2;0;0;0m██[38;2;173;58;49m██[38;2;173;58;49m██[38;2;173;58;49m██[38;2;230;99;41m██[38;2;173;58;49m██[38;2;0;0;0m██[38;2;0;0;0m██[38;2;173;58;49m██[38;2;230;99;41m██[38;2;230;99;41m██[38;2;0;0;0m██
[38;2;0;0;0m██[38;2;255;255;255m██[38;2;230;99;41m██[38;2;230;99;41m██[38;2;230;99;41m██[38;2;0;0;0m██[38;2;99;173;90m██[38;2;230;99;41m██[38;2;65;65;65m██[38;2;230;99;41m██[38;2;230;99;41m██[38;2;65;65;65m██[38;2;230;99;41m██[38;2;0;0;0m██[38;2;0;0;0m██[38;2;255;140;99m██[38;2;230;99;41m██[38;2;65;65;65m██[38;2;230;99;41m██[38;2;173;58;49m██[38;2;0;0;0m██[38;2;0;0;0m██    [38;2;0;0;0m██[38;2;0;0;0m██[38;2;0;0;0m██  
  [38;2;0;0;0m██[38;2;0;0;0m██[38;2;230;99;41m██[38;2;65;65;65m██[38;2;255;255;255m██[38;2;148;247;74m██[38;2;230;99;41m██[38;2;230;99;41m██[38;2;230;99;41m██[38;2;148;247;74m██[38;2;148;247;74m██[38;2;148;247;74m██[38;2;230;99;41m██[38;2;65;65;65m██[38;2;230;99;41m██[38;2;230;99;41m██[38;2;173;58;49m██[38;2;65;65;65m██[38;2;0;0;0m██                
      [38;2;0;0;0m██[38;2;65;65;65m██[38;2;66;82;156m██[38;2;148;247;74m██[38;2;230;99;41m██[38;2;230;99;41m██[38;2;148;247;74m██[38;2;148;247;74m██[38;2;148;247;74m██[38;2;148;247;74m██[38;2;148;247;74m██[38;2;173;58;49m██[38;2;65;65;65m██[38;2;173;58;49m██[38;2;255;255;255m██[38;2;255;255;255m██[38;2;65;65;65m██[38;2;0;0;0m██[38;2;0;0;0m██[38;2;0;0;0m██          
        [38;2;0;0;0m██[38;2;0;0;0m██[38;2;148;247;74m██[38;2;148;247;74m██[38;2;148;247;74m██[38;2;148;247;74m██[38;2;255;255;255m██[38;2;0;0;0m██[38;2;148;247;74m██[38;2;148;247;74m██[38;2;173;58;49m██[38;2;189;189;189m██[38;2;189;189;189m██[38;2;65;65;65m██[38;2;65;65;65m██[38;2;255;255;255m██[38;2;255;255;255m██[38;2;230;99;41m██[38;2;230;99;41m██[38;2;0;0;0m██[38;2;0;0;0m██[38;2;0;0;0m██    
        [38;2;0;0;0m██[38;2;99;173;90m██[38;2;65;65;65m██[38;2;65;65;65m██[38;2;148;247;74m██[38;2;148;247;74m██[38;2;66;82;156m██[38;2;0;0;0m██[38;2;148;247;74m██[38;2;99;173;90m██[38;2;173;58;49m██[38;2;0;0;0m██[38;2;255;255;255m██[38;2;255;255;255m██[38;2;255;255;255m██[38;2;65;65;65m██[38;2;65;65;65m██[38;2;65;65;65m██[38;2;230;99;41m██[38;2;230;99;41m██[38;2;255;255;255m██[38;2;255;255;255m██[38;2;0;0;0m██  
          [38;2;0;0;0m██[38;2;230;99;41m██[38;2;230;99;41m██[38;2;65;65;65m██[38;2;99;173;90m██[38;2;0;0;0m██[38;2;65;65;65m██[38;2;148;247;74m██[38;2;65;65;65m██[38;2;0;0;0m██  [38;2;0;0;0m██[38;2;255;255;255m██[38;2;255;255;255m██[38;2;255;140;99m██[38;2;230;99;41m██[38;2;230;99;41m██[38;2;65;65;65m██[38;2;65;65;65m██[38;2;255;255;255m██[38;2;255;255;255m██[38;2;0;0;0m██  
            [38;2;0;0;0m██[38;2;173;58;49m██[38;2;230;99;41m██[38;2;65;65;65m██[38;2;148;247;74m██[38;2;148;247;74m██[38;2;0;0;0m██[38;2;65;65;65m██[38;2;0;0;0m██  [38;2;0;0;0m██[38;2;0;0;0m██[38;2;0;0;0m██[38;2;230;99;41m██[38;2;230;99;41m██[38;2;230;99;41m██[38;2;255;255;255m██[38;2;255;255;255m██[38;2;0;0;0m██[38;2;0;0;0m██    
              [38;2;0;0;0m██[38;2;0;0;0m██[38;2;0;0;0m██[38;2;0;0;0m██[38;2;0;0;0m██  [38;2;0;0;0m██[38;2;0;0;0m██  [38;2;0;0;0m██  [38;2;0;0;0m██[38;2;0;0;0m██[38;2;0;0;0m██[38;2;255;255;255m██[38;2;255;255;255m██[38;2;255;255;255m██[38;2;0;0;0m██      
            [38;2;0;0;0m██  [38;2;0;0;0m██      [38;2;65;65;65m██[38;2;0;0;0m██  [38;2;0;0;0m██[38;2;0;0;0m██  [38;2;0;0;0m██    [38;2;0;0;0m██[38;2;0;0;0m██[38;2;0;0;0m██        
                        [38;2;0;0;0m██[38;2;0;0;0m██  [38;2;0;0;0m██                        
                      [38;2;0;0;0m██  [38;2;0;0;0m██                            
