              [38;2;0;0;0m██                
[38;2;0;0;0m██[38;2;0;0;0m██      [38;2;0;0;0m██[38;2;0;0;0m██[38;2;214;90;99m██[38;2;0;0;0m██              
[38;2;0;0;0m██[38;2;140;140;173m██[38;2;0;0;0m██  [38;2;0;0;0m██[38;2;214;90;99m██[38;2;214;90;99m██[38;2;189;58;90m██[38;2;0;0;0m██    [38;2;0;0;0m██[38;2;0;0;0m██[38;2;0;0;0m██    
[38;2;0;0;0m██[38;2;140;140;173m██[38;2;140;140;173m██[38;2;0;0;0m██[38;2;140;140;173m██[38;2;214;90;99m██[38;2;189;58;90m██[38;2;140;140;173m██[38;2;65;65;65m██[38;2;0;0;0m██[38;2;0;0;0m██[38;2;140;140;173m██[38;2;140;140;173m██[38;2;0;0;0m██    
[38;2;0;0;0m██[38;2;65;65;65m██[38;2;140;140;173m██[38;2;65;65;65m██[38;2;140;140;173m██[38;2;140;140;173m██[38;2;140;140;173m██[38;2;140;140;173m██[38;2;65;65;65m██[38;2;140;140;173m██[38;2;140;140;173m██[38;2;140;140;173m██[38;2;107;107;115m██[38;2;0;0;0m██    
  [38;2;0;0;0m██[38;2;65;65;65m██[38;2;65;65;65m██[38;2;107;107;115m██[38;2;140;140;173m██[38;2;140;140;173m██[38;2;65;65;65m██[38;2;140;140;173m██[38;2;140;140;173m██[38;2;65;65;65m██[38;2;65;65;65m██[38;2;0;0;0m██      
  [38;2;0;0;0m██[38;2;65;65;65m██[38;2;214;90;99m██[38;2;65;65;65m██[38;2;65;65;65m██[38;2;65;65;65m██[38;2;189;58;90m██[38;2;189;58;90m██[38;2;65;65;65m██[38;2;65;65;65m██[38;2;107;107;115m██[38;2;0;0;0m██  [38;2;0;0;0m██  
[38;2;0;0;0m██[38;2;65;65;65m██[38;2;214;90;99m██[38;2;140;140;173m██[38;2;140;140;173m██[38;2;214;90;99m██[38;2;140;140;173m██[38;2;214;90;99m██[38;2;214;90;99m██[38;2;140;140;173m██[38;2;65;65;65m██[38;2;0;0;0m██  [38;2;0;0;0m██[38;2;140;140;173m██[38;2;0;0;0m██
[38;2;0;0;0m██[38;2;140;140;173m██[38;2;255;255;255m██[38;2;140;140;173m██[38;2;140;140;173m██[38;2;140;140;173m██[38;2;214;90;99m██[38;2;58;197;165m██[38;2;255;255;255m██[38;2;140;140;173m██[38;2;140;140;173m██[38;2;0;0;0m██  [38;2;0;0;0m██[38;2;140;140;173m██[38;2;0;0;0m██
  [38;2;0;0;0m██[38;2;58;197;165m██[38;2;140;140;173m██[38;2;140;140;173m██[38;2;140;140;173m██[38;2;255;255;255m██[38;2;58;197;165m██[38;2;255;255;255m██[38;2;140;140;173m██[38;2;140;140;173m██[38;2;140;140;173m██[38;2;0;0;0m██[38;2;140;140;173m██[38;2;140;140;173m██[38;2;0;0;0m██
  [38;2;0;0;0m██[38;2;140;140;173m██[38;2;107;107;115m██[38;2;140;140;173m██[38;2;140;140;173m██[38;2;58;197;165m██[38;2;255;255;255m██[38;2;140;140;173m██[38;2;140;140;173m██[38;2;65;65;65m██[38;2;65;65;65m██[38;2;107;107;115m██[38;2;140;140;173m██[38;2;107;107;115m██[38;2;0;0;0m██
    [38;2;0;0;0m██[38;2;140;140;173m██[38;2;140;140;173m██[38;2;140;140;173m██[38;2;65;65;65m██[38;2;140;140;173m██[38;2;140;140;173m██[38;2;65;65;65m██[38;2;107;107;115m██[38;2;140;140;173m██[38;2;140;140;173m██[38;2;0;0;0m██[38;2;0;0;0m██  
    [38;2;0;0;0m██[38;2;107;107;115m██[38;2;65;65;65m██[38;2;65;65;65m██[38;2;65;65;65m██[38;2;65;65;65m██[38;2;107;107;115m██[38;2;107;107;115m██[38;2;65;65;65m██[38;2;140;140;173m██[38;2;140;140;173m██[38;2;0;0;0m██    
      [38;2;0;0;0m██[38;2;107;107;115m██[38;2;107;107;115m██[38;2;107;107;115m██[38;2;107;107;115m██[38;2;107;107;115m██[38;2;65;65;65m██[38;2;0;0;0m██[38;2;107;107;115m██[38;2;140;140;173m██[38;2;0;0;0m██    
      [38;2;0;0;0m██[38;2;189;58;90m██[38;2;0;0;0m██[38;2;0;0;0m██[38;2;65;65;65m██[38;2;140;140;173m██[38;2;0;0;0m██  [38;2;0;0;0m██[38;2;214;90;99m██[38;2;0;0;0m██    
      [38;2;0;0;0m██[38;2;0;0;0m██  [38;2;0;0;0m██[38;2;214;90;99m██[38;2;0;0;0m██    [38;2;0;0;0m██[38;2;0;0;0m██      
            [38;2;0;0;0m██[38;2;0;0;0m██                
