  [38;2;0;0;0m██[38;2;0;0;0m██                                    
  [38;2;0;0;0m██[38;2;74;132;148m██[38;2;0;0;0m██                                  
  [38;2;0;0;0m██[38;2;181;123;156m██[38;2;74;132;148m██[38;2;0;0;0m██                [38;2;0;0;0m██[38;2;0;0;0m██[38;2;0;0;0m██          
  [38;2;0;0;0m██[38;2;181;123;156m██[38;2;74;132;148m██[38;2;0;0;0m██              [38;2;0;0;0m██[38;2;107;181;197m██[38;2;107;181;197m██[38;2;107;181;197m██[38;2;0;0;0m██[38;2;0;0;0m██      
    [38;2;0;0;0m██[38;2;65;65;65m██[38;2;65;65;65m██[38;2;0;0;0m██    [38;2;0;0;0m██[38;2;0;0;0m██[38;2;0;0;0m██[38;2;0;0;0m██[38;2;65;65;65m██[38;2;107;181;197m██[38;2;74;132;148m██[38;2;74;132;148m██[38;2;74;132;148m██[38;2;74;132;148m██[38;2;0;0;0m██    
  [38;2;0;0;0m██[38;2;107;181;197m██[38;2;107;181;197m██[38;2;107;181;197m██[38;2;107;181;197m██[38;2;0;0;0m██[38;2;0;0;0m██[38;2;74;132;148m██[38;2;107;181;197m██[38;2;107;181;197m██[38;2;107;181;197m██[38;2;65;65;65m██[38;2;107;181;197m██[38;2;74;132;148m██[38;2;181;123;156m██[38;2;74;132;148m██[38;2;74;132;148m██[38;2;0;0;0m██    
[38;2;0;0;0m██[38;2;107;181;197m██[38;2;107;181;197m██[38;2;107;181;197m██[38;2;107;181;197m██[38;2;65;65;65m██[38;2;65;65;65m██[38;2;107;181;197m██[38;2;107;181;197m██[38;2;197;165;206m██[38;2;197;165;206m██[38;2;65;65;65m██[38;2;107;181;197m██[38;2;74;132;148m██[38;2;181;123;156m██[38;2;181;123;156m██[38;2;197;165;206m██[38;2;74;132;148m██[38;2;74;132;148m██[38;2;0;0;0m██  
[38;2;0;0;0m██[38;2;74;132;148m██[38;2;107;181;197m██[38;2;107;181;197m██[38;2;107;181;197m██[38;2;107;181;197m██[38;2;107;181;197m██[38;2;107;181;197m██[38;2;181;123;156m██[38;2;181;123;156m██[38;2;65;65;65m██[38;2;107;181;197m██[38;2;74;132;148m██[38;2;74;132;148m██[38;2;181;123;156m██[38;2;197;165;206m██[38;2;197;165;206m██[38;2;197;165;206m██[38;2;74;132;148m██[38;2;0;0;0m██  
[38;2;0;0;0m██[38;2;255;255;255m██[38;2;0;0;0m██[38;2;0;0;0m██[38;2;74;132;148m██[38;2;107;181;197m██[38;2;107;181;197m██[38;2;74;132;148m██[38;2;65;65;65m██[38;2;65;65;65m██[38;2;74;132;148m██[38;2;74;132;148m██[38;2;181;123;156m██[38;2;74;132;148m██[38;2;74;132;148m██[38;2;197;165;206m██[38;2;197;165;206m██[38;2;0;0;0m██[38;2;0;0;0m██[38;2;74;132;148m██[38;2;0;0;0m██
  [38;2;0;0;0m██[38;2;0;0;0m██[38;2;0;0;0m██[38;2;255;255;255m██[38;2;0;0;0m██[38;2;74;132;148m██[38;2;74;132;148m██[38;2;74;132;148m██[38;2;74;132;148m██[38;2;74;132;148m██[38;2;181;123;156m██[38;2;197;165;206m██[38;2;197;165;206m██[38;2;74;132;148m██[38;2;74;132;148m██[38;2;0;0;0m██    [38;2;0;0;0m██[38;2;0;0;0m██
    [38;2;0;0;0m██[38;2;0;0;0m██[38;2;0;0;0m██[38;2;0;0;0m██[38;2;0;0;0m██[38;2;74;132;148m██[38;2;74;132;148m██[38;2;181;123;156m██[38;2;181;123;156m██[38;2;65;65;65m██[38;2;65;65;65m██[38;2;197;165;206m██[38;2;197;165;206m██[38;2;0;0;0m██          
    [38;2;0;0;0m██[38;2;206;206;197m██[38;2;0;0;0m██[38;2;0;0;0m██[38;2;0;0;0m██[38;2;107;181;197m██[38;2;74;132;148m██[38;2;74;132;148m██[38;2;65;65;65m██[38;2;74;132;148m██[38;2;74;132;148m██[38;2;0;0;0m██[38;2;74;132;148m██[38;2;0;0;0m██          
      [38;2;0;0;0m██[38;2;107;181;197m██[38;2;74;132;148m██[38;2;206;206;197m██[38;2;74;132;148m██[38;2;65;65;65m██[38;2;74;132;148m██[38;2;74;132;148m██[38;2;74;132;148m██[38;2;0;0;0m██  [38;2;0;0;0m██[38;2;0;0;0m██          
        [38;2;0;0;0m██[38;2;0;0;0m██[38;2;0;0;0m██[38;2;65;65;65m██[38;2;74;132;148m██[38;2;74;132;148m██[38;2;74;132;148m██[38;2;0;0;0m██[38;2;0;0;0m██                
              [38;2;0;0;0m██[38;2;0;0;0m██[38;2;0;0;0m██[38;2;0;0;0m██  [38;2;0;0;0m██[38;2;0;0;0m██              
                  [38;2;0;0;0m██      [38;2;0;0;0m██              
                  [38;2;0;0;0m██      [38;2;0;0;0m██              
                          [38;2;0;0;0m██[38;2;0;0;0m██            
                            [38;2;0;0;0m██            
                            [38;2;0;0;0m██            
