        [38;2;0;0;0m██                                          
      [38;2;0;0;0m██[38;2;194;102;82m██[38;2;0;0;0m██                                        
      [38;2;0;0;0m██[38;2;194;102;82m██[38;2;0;0;0m██                                [38;2;0;0;0m██[38;2;0;0;0m██    
    [38;2;0;0;0m██[38;2;194;102;82m██[38;2;194;102;82m██[38;2;0;0;0m██                              [38;2;0;0;0m██[38;2;255;255;255m██[38;2;0;0;0m██    
  [38;2;0;0;0m██[38;2;194;102;82m██[38;2;194;102;82m██[38;2;194;102;82m██[38;2;0;0;0m██[38;2;0;0;0m██[38;2;0;0;0m██[38;2;0;0;0m██[38;2;0;0;0m██    [38;2;0;0;0m██          [38;2;0;0;0m██  [38;2;0;0;0m██[38;2;255;255;255m██[38;2;255;255;255m██[38;2;0;0;0m██    
  [38;2;0;0;0m██[38;2;194;102;82m██[38;2;194;102;82m██[38;2;65;65;65m██[38;2;65;65;65m██[38;2;255;255;255m██[38;2;255;255;255m██[38;2;255;255;255m██[38;2;204;176;216m██[38;2;0;0;0m██[38;2;0;0;0m██[38;2;194;102;82m██[38;2;0;0;0m██      [38;2;0;0;0m██[38;2;255;255;255m██[38;2;0;0;0m██[38;2;255;255;255m██[38;2;255;255;255m██[38;2;65;65;65m██[38;2;65;65;65m██[38;2;0;0;0m██[38;2;0;0;0m██
[38;2;0;0;0m██[38;2;194;102;82m██[38;2;194;102;82m██[38;2;194;102;82m██[38;2;65;65;65m██[38;2;255;255;255m██[38;2;204;176;216m██[38;2;255;255;255m██[38;2;255;255;255m██[38;2;255;255;255m██[38;2;255;255;255m██[38;2;65;65;65m██[38;2;194;102;82m██[38;2;166;74;54m██[38;2;0;0;0m██    [38;2;0;0;0m██[38;2;255;255;255m██[38;2;204;176;216m██[38;2;255;255;255m██[38;2;255;255;255m██[38;2;147;119;159m██[38;2;204;176;216m██[38;2;255;255;255m██[38;2;0;0;0m██
[38;2;0;0;0m██[38;2;166;74;54m██[38;2;194;102;82m██[38;2;65;65;65m██[38;2;255;255;255m██[38;2;194;102;82m██[38;2;194;102;82m██[38;2;194;102;82m██[38;2;255;255;255m██[38;2;255;255;255m██[38;2;255;255;255m██[38;2;65;65;65m██[38;2;194;102;82m██[38;2;194;102;82m██[38;2;0;0;0m██  [38;2;0;0;0m██[38;2;255;255;255m██[38;2;255;255;255m██[38;2;255;255;255m██[38;2;255;255;255m██[38;2;147;119;159m██[38;2;255;255;255m██[38;2;255;255;255m██[38;2;0;0;0m██  
[38;2;0;0;0m██[38;2;166;74;54m██[38;2;166;74;54m██[38;2;65;65;65m██[38;2;255;255;255m██[38;2;255;255;255m██[38;2;194;102;82m██[38;2;204;176;216m██[38;2;255;255;255m██[38;2;255;255;255m██[38;2;255;255;255m██[38;2;255;255;255m██[38;2;65;65;65m██[38;2;194;102;82m██[38;2;0;0;0m██  [38;2;0;0;0m██[38;2;255;255;255m██[38;2;255;255;255m██[38;2;255;255;255m██[38;2;255;255;255m██[38;2;255;255;255m██[38;2;255;255;255m██[38;2;147;119;159m██[38;2;0;0;0m██  
  [38;2;0;0;0m██[38;2;166;74;54m██[38;2;166;74;54m██[38;2;65;65;65m██[38;2;255;255;255m██[38;2;255;255;255m██[38;2;255;255;255m██[38;2;255;255;255m██[38;2;255;255;255m██[38;2;255;255;255m██[38;2;255;255;255m██[38;2;65;65;65m██[38;2;65;65;65m██[38;2;204;176;216m██[38;2;0;0;0m██[38;2;255;255;255m██[38;2;255;255;255m██[38;2;255;255;255m██[38;2;255;255;255m██[38;2;255;255;255m██[38;2;255;255;255m██[38;2;255;255;255m██[38;2;255;255;255m██[38;2;255;255;255m██[38;2;0;0;0m██
  [38;2;0;0;0m██[38;2;166;74;54m██[38;2;65;65;65m██[38;2;255;255;255m██[38;2;65;65;65m██[38;2;204;176;216m██[38;2;255;255;255m██[38;2;255;255;255m██[38;2;255;255;255m██[38;2;255;255;255m██[38;2;255;255;255m██[38;2;255;255;255m██[38;2;65;65;65m██[38;2;204;176;216m██[38;2;204;176;216m██[38;2;255;255;255m██[38;2;255;255;255m██[38;2;255;255;255m██[38;2;255;255;255m██[38;2;255;255;255m██[38;2;255;255;255m██[38;2;65;65;65m██[38;2;65;65;65m██[38;2;0;0;0m██  
    [38;2;0;0;0m██[38;2;204;176;216m██[38;2;65;65;65m██[38;2;40;152;136m██[38;2;65;65;65m██[38;2;65;65;65m██[38;2;255;255;255m██[38;2;255;255;255m██[38;2;255;255;255m██[38;2;255;255;255m██[38;2;255;255;255m██[38;2;65;65;65m██[38;2;204;176;216m██[38;2;204;176;216m██[38;2;255;255;255m██[38;2;255;255;255m██[38;2;147;119;159m██[38;2;204;176;216m██[38;2;255;255;255m██[38;2;255;255;255m██[38;2;255;255;255m██[38;2;0;0;0m██    
    [38;2;0;0;0m██[38;2;204;176;216m██[38;2;65;65;65m██[38;2;194;102;82m██[38;2;194;102;82m██[38;2;194;102;82m██[38;2;65;65;65m██[38;2;255;255;255m██[38;2;255;255;255m██[38;2;255;255;255m██[38;2;65;65;65m██[38;2;204;176;216m██[38;2;204;176;216m██[38;2;255;255;255m██[38;2;255;255;255m██[38;2;255;255;255m██[38;2;255;255;255m██[38;2;65;65;65m██[38;2;65;65;65m██[38;2;0;0;0m██[38;2;0;0;0m██      
      [38;2;0;0;0m██[38;2;204;176;216m██[38;2;0;0;0m██[38;2;166;74;54m██[38;2;194;102;82m██[38;2;65;65;65m██[38;2;255;255;255m██[38;2;255;255;255m██[38;2;255;255;255m██[38;2;65;65;65m██[38;2;255;255;255m██[38;2;147;119;159m██[38;2;255;255;255m██[38;2;65;65;65m██[38;2;65;65;65m██[38;2;65;65;65m██[38;2;255;255;255m██[38;2;0;0;0m██          
        [38;2;0;0;0m██  [38;2;0;0;0m██[38;2;65;65;65m██[38;2;204;176;216m██[38;2;255;255;255m██[38;2;255;255;255m██[38;2;65;65;65m██[38;2;255;255;255m██[38;2;255;255;255m██[38;2;255;255;255m██[38;2;65;65;65m██[38;2;255;255;255m██[38;2;255;255;255m██[38;2;255;255;255m██[38;2;255;255;255m██[38;2;255;255;255m██[38;2;0;0;0m██        
              [38;2;0;0;0m██[38;2;255;255;255m██[38;2;255;255;255m██[38;2;65;65;65m██[38;2;204;176;216m██[38;2;255;255;255m██[38;2;147;119;159m██[38;2;65;65;65m██[38;2;147;119;159m██[38;2;255;255;255m██[38;2;65;65;65m██[38;2;255;255;255m██[38;2;255;255;255m██[38;2;255;255;255m██[38;2;0;0;0m██  [38;2;0;0;0m██[38;2;0;0;0m██  
              [38;2;0;0;0m██[38;2;255;255;255m██[38;2;65;65;65m██[38;2;204;176;216m██[38;2;204;176;216m██[38;2;204;176;216m██[38;2;65;65;65m██[38;2;255;255;255m██[38;2;255;255;255m██[38;2;0;0;0m██[38;2;0;0;0m██[38;2;255;255;255m██[38;2;255;255;255m██[38;2;204;176;216m██[38;2;65;65;65m██[38;2;0;0;0m██[38;2;194;102;82m██[38;2;0;0;0m██  
            [38;2;0;0;0m██[38;2;147;119;159m██[38;2;65;65;65m██[38;2;204;176;216m██[38;2;204;176;216m██[38;2;147;119;159m██[38;2;204;176;216m██[38;2;65;65;65m██[38;2;255;255;255m██[38;2;0;0;0m██    [38;2;0;0;0m██[38;2;204;176;216m██[38;2;204;176;216m██[38;2;204;176;216m██[38;2;255;255;255m██[38;2;0;0;0m██    
            [38;2;0;0;0m██[38;2;147;119;159m██[38;2;147;119;159m██[38;2;65;65;65m██[38;2;204;176;216m██[38;2;147;119;159m██[38;2;65;65;65m██[38;2;255;255;255m██[38;2;255;255;255m██[38;2;0;0;0m██      [38;2;0;0;0m██[38;2;204;176;216m██[38;2;204;176;216m██[38;2;65;65;65m██[38;2;0;0;0m██    
            [38;2;0;0;0m██[38;2;147;119;159m██[38;2;147;119;159m██[38;2;0;0;0m██[38;2;204;176;216m██[38;2;204;176;216m██[38;2;65;65;65m██[38;2;255;255;255m██[38;2;255;255;255m██[38;2;0;0;0m██      [38;2;0;0;0m██[38;2;204;176;216m██[38;2;204;176;216m██[38;2;255;255;255m██[38;2;0;0;0m██    
          [38;2;0;0;0m██[38;2;147;119;159m██[38;2;147;119;159m██[38;2;0;0;0m██  [38;2;0;0;0m██[38;2;204;176;216m██[38;2;65;65;65m██[38;2;255;255;255m██[38;2;255;255;255m██[38;2;255;255;255m██[38;2;0;0;0m██  [38;2;0;0;0m██[38;2;194;102;82m██[38;2;0;0;0m██[38;2;194;102;82m██[38;2;0;0;0m██      
        [38;2;0;0;0m██[38;2;166;74;54m██[38;2;65;65;65m██[38;2;147;119;159m██[38;2;0;0;0m██    [38;2;0;0;0m██[38;2;255;255;255m██[38;2;255;255;255m██[38;2;255;255;255m██[38;2;0;0;0m██    [38;2;0;0;0m██[38;2;0;0;0m██  [38;2;0;0;0m██[38;2;0;0;0m██      
          [38;2;0;0;0m██[38;2;0;0;0m██[38;2;0;0;0m██      [38;2;0;0;0m██[38;2;255;255;255m██[38;2;255;255;255m██[38;2;204;176;216m██[38;2;255;255;255m██[38;2;0;0;0m██                  
                    [38;2;0;0;0m██[38;2;194;102;82m██[38;2;255;255;255m██[38;2;166;74;54m██[38;2;255;255;255m██[38;2;0;0;0m██                    
                    [38;2;0;0;0m██[38;2;0;0;0m██[38;2;0;0;0m██[38;2;194;102;82m██[38;2;166;74;54m██[38;2;0;0;0m██                    
                        [38;2;0;0;0m██[38;2;0;0;0m██[38;2;0;0;0m██                      
