              [38;2;0;0;0m██[38;2;0;0;0m██          [38;2;0;0;0m██[38;2;0;0;0m██            
        [38;2;0;0;0m██[38;2;0;0;0m██[38;2;0;0;0m██[38;2;173;110;99m██[38;2;173;110;99m██[38;2;0;0;0m██      [38;2;0;0;0m██[38;2;140;140;123m██[38;2;0;0;0m██  [38;2;0;0;0m██[38;2;0;0;0m██      
      [38;2;0;0;0m██[38;2;173;110;99m██[38;2;173;110;99m██[38;2;189;189;189m██[38;2;65;65;65m██[38;2;189;189;189m██[38;2;189;189;189m██[38;2;0;0;0m██    [38;2;0;0;0m██[38;2;140;140;123m██[38;2;0;0;0m██[38;2;0;0;0m██[38;2;140;140;123m██[38;2;0;0;0m██      
  [38;2;0;0;0m██[38;2;0;0;0m██[38;2;65;65;65m██[38;2;65;65;65m██[38;2;189;189;189m██[38;2;189;189;189m██[38;2;189;189;189m██[38;2;65;65;65m██[38;2;189;189;189m██[38;2;0;0;0m██[38;2;0;0;0m██[38;2;0;0;0m██[38;2;65;65;65m██[38;2;140;140;123m██[38;2;65;65;65m██[38;2;140;140;123m██[38;2;140;140;123m██[38;2;0;0;0m██      
[38;2;0;0;0m██[38;2;173;110;99m██[38;2;173;110;99m██[38;2;173;110;99m██[38;2;189;189;189m██[38;2;65;65;65m██[38;2;65;65;65m██[38;2;189;189;189m██[38;2;65;65;65m██[38;2;65;65;65m██[38;2;65;65;65m██[38;2;65;65;65m██[38;2;235;220;138m██[38;2;235;220;138m██[38;2;65;65;65m██[38;2;140;140;123m██[38;2;140;140;123m██[38;2;0;0;0m██        
  [38;2;0;0;0m██[38;2;173;110;99m██[38;2;189;189;189m██[38;2;189;189;189m██[38;2;189;189;189m██[38;2;189;189;189m██[38;2;65;65;65m██[38;2;65;65;65m██[38;2;140;140;123m██[38;2;140;140;123m██[38;2;140;140;123m██[38;2;65;65;65m██[38;2;235;220;138m██[38;2;235;220;138m██[38;2;65;65;65m██[38;2;0;0;0m██[38;2;0;0;0m██        
    [38;2;0;0;0m██[38;2;65;65;65m██[38;2;65;65;65m██[38;2;189;189;189m██[38;2;65;65;65m██[38;2;140;140;123m██[38;2;140;140;123m██[38;2;65;65;65m██[38;2;65;65;65m██[38;2;140;140;123m██[38;2;140;140;123m██[38;2;65;65;65m██[38;2;235;220;138m██[38;2;0;0;0m██[38;2;189;189;189m██[38;2;189;189;189m██[38;2;0;0;0m██[38;2;0;0;0m██    
  [38;2;0;0;0m██[38;2;65;65;65m██[38;2;255;255;255m██[38;2;189;189;189m██[38;2;65;65;65m██[38;2;65;65;65m██[38;2;65;65;65m██[38;2;65;65;65m██[38;2;140;140;123m██[38;2;140;140;123m██[38;2;65;65;65m██[38;2;140;140;123m██[38;2;65;65;65m██[38;2;235;220;138m██[38;2;65;65;65m██[38;2;65;65;65m██[38;2;255;255;255m██[38;2;173;110;99m██[38;2;247;127;115m██[38;2;0;0;0m██  
  [38;2;0;0;0m██[38;2;255;255;255m██[38;2;0;0;0m██[38;2;0;0;0m██[38;2;65;65;65m██[38;2;65;65;65m██[38;2;65;65;65m██[38;2;65;65;65m██[38;2;65;65;65m██[38;2;140;140;123m██[38;2;140;140;123m██[38;2;65;65;65m██[38;2;235;220;138m██[38;2;65;65;65m██[38;2;189;189;189m██[38;2;189;189;189m██[38;2;65;65;65m██[38;2;247;127;115m██[38;2;247;127;115m██[38;2;247;127;115m██[38;2;0;0;0m██
  [38;2;0;0;0m██[38;2;189;189;189m██[38;2;0;0;0m██[38;2;235;220;138m██[38;2;65;65;65m██[38;2;247;127;115m██[38;2;65;65;65m██[38;2;65;65;65m██[38;2;65;65;65m██[38;2;65;65;65m██[38;2;140;140;123m██[38;2;65;65;65m██[38;2;235;220;138m██[38;2;65;65;65m██[38;2;255;255;255m██[38;2;255;255;255m██[38;2;173;110;99m██[38;2;65;65;65m██[38;2;65;65;65m██[38;2;0;0;0m██  
    [38;2;0;0;0m██[38;2;189;189;189m██[38;2;65;65;65m██[38;2;235;220;138m██[38;2;247;127;115m██[38;2;65;65;65m██[38;2;65;65;65m██[38;2;247;127;115m██[38;2;65;65;65m██[38;2;65;65;65m██[38;2;235;220;138m██[38;2;65;65;65m██[38;2;189;189;189m██[38;2;65;65;65m██[38;2;65;65;65m██[38;2;247;127;115m██[38;2;247;127;115m██[38;2;247;127;115m██[38;2;0;0;0m██  
    [38;2;0;0;0m██[38;2;65;65;65m██[38;2;65;65;65m██[38;2;235;220;138m██[38;2;65;65;65m██[38;2;65;65;65m██[38;2;247;127;115m██[38;2;173;110;99m██[38;2;65;65;65m██[38;2;235;220;138m██[38;2;65;65;65m██[38;2;65;65;65m██[38;2;255;255;255m██[38;2;255;255;255m██[38;2;255;255;255m██[38;2;65;65;65m██[38;2;65;65;65m██[38;2;0;0;0m██[38;2;0;0;0m██  
  [38;2;0;0;0m██[38;2;235;220;138m██[38;2;235;220;138m██[38;2;212;182;80m██[38;2;65;65;65m██[38;2;235;220;138m██[38;2;235;220;138m██[38;2;235;220;138m██[38;2;65;65;65m██[38;2;65;65;65m██[38;2;65;65;65m██[38;2;255;255;255m██[38;2;255;255;255m██[38;2;65;65;65m██[38;2;255;255;255m██[38;2;173;110;99m██[38;2;247;127;115m██[38;2;0;0;0m██      
  [38;2;0;0;0m██[38;2;212;182;80m██[38;2;235;220;138m██[38;2;65;65;65m██[38;2;0;0;0m██[38;2;0;0;0m██[38;2;65;65;65m██[38;2;65;65;65m██[38;2;212;182;80m██[38;2;65;65;65m██[38;2;255;255;255m██[38;2;0;0;0m██[38;2;0;0;0m██[38;2;189;189;189m██[38;2;65;65;65m██[38;2;247;127;115m██[38;2;247;127;115m██[38;2;247;127;115m██[38;2;0;0;0m██    
  [38;2;0;0;0m██[38;2;235;220;138m██[38;2;212;182;80m██[38;2;0;0;0m██    [38;2;0;0;0m██[38;2;212;182;80m██[38;2;212;182;80m██[38;2;0;0;0m██[38;2;255;255;255m██[38;2;0;0;0m██[38;2;0;0;0m██[38;2;189;189;189m██[38;2;0;0;0m██[38;2;0;0;0m██[38;2;0;0;0m██[38;2;0;0;0m██[38;2;0;0;0m██    
    [38;2;0;0;0m██[38;2;235;220;138m██[38;2;0;0;0m██  [38;2;0;0;0m██[38;2;235;220;138m██[38;2;235;220;138m██[38;2;0;0;0m██  [38;2;0;0;0m██[38;2;189;189;189m██[38;2;189;189;189m██[38;2;65;65;65m██[38;2;0;0;0m██            
      [38;2;0;0;0m██    [38;2;0;0;0m██[38;2;235;220;138m██[38;2;235;220;138m██[38;2;0;0;0m██    [38;2;0;0;0m██[38;2;0;0;0m██[38;2;0;0;0m██              
            [38;2;0;0;0m██[38;2;212;182;80m██[38;2;235;220;138m██[38;2;0;0;0m██                        
            [38;2;0;0;0m██[38;2;235;220;138m██[38;2;0;0;0m██                          
              [38;2;0;0;0m██                            
