                                                        [38;2;0;0;0m██[38;2;0;0;0m██              
                                                    [38;2;0;0;0m██[38;2;0;0;0m██[38;2;252;255;141m██[38;2;252;255;141m██[38;2;0;0;0m██            
                  [38;2;0;0;0m██                              [38;2;0;0;0m██[38;2;252;255;141m██[38;2;252;255;141m██[38;2;252;255;141m██[38;2;0;0;0m██              
                [38;2;0;0;0m██[38;2;252;255;141m██[38;2;0;0;0m██      [38;2;0;0;0m██                [38;2;0;0;0m██[38;2;0;0;0m██[38;2;252;255;141m██[38;2;252;255;141m██[38;2;252;255;141m██[38;2;82;90;106m██[38;2;214;206;90m██[38;2;0;0;0m██            
            [38;2;0;0;0m██[38;2;0;0;0m██[38;2;252;255;141m██[38;2;252;255;141m██[38;2;252;255;141m██[38;2;0;0;0m██  [38;2;0;0;0m██[38;2;252;255;141m██[38;2;0;0;0m██            [38;2;0;0;0m██[38;2;252;255;141m██[38;2;252;255;141m██[38;2;252;255;141m██[38;2;252;255;141m██[38;2;252;255;141m██[38;2;214;206;90m██[38;2;214;206;90m██[38;2;65;65;65m██[38;2;0;0;0m██          
          [38;2;0;0;0m██[38;2;214;206;90m██[38;2;65;65;65m██[38;2;252;255;141m██[38;2;252;255;141m██[38;2;252;255;141m██[38;2;252;255;141m██[38;2;0;0;0m██[38;2;252;255;141m██[38;2;252;255;141m██[38;2;0;0;0m██          [38;2;0;0;0m██[38;2;252;255;141m██[38;2;252;255;141m██[38;2;252;255;141m██[38;2;252;255;141m██[38;2;252;255;141m██[38;2;252;255;141m██[38;2;252;255;141m██[38;2;252;255;141m██[38;2;252;255;141m██[38;2;214;206;90m██[38;2;0;0;0m██        
        [38;2;0;0;0m██[38;2;214;206;90m██[38;2;214;206;90m██[38;2;252;255;141m██[38;2;252;255;141m██[38;2;252;255;141m██[38;2;252;255;141m██[38;2;252;255;141m██[38;2;252;255;141m██[38;2;252;255;141m██[38;2;252;255;141m██[38;2;252;255;141m██[38;2;0;0;0m██      [38;2;0;0;0m██[38;2;252;255;141m██[38;2;252;255;141m██[38;2;252;255;141m██[38;2;252;255;141m██[38;2;252;255;141m██[38;2;252;255;141m██[38;2;252;255;141m██[38;2;252;255;141m██[38;2;252;255;141m██[38;2;252;255;141m██[38;2;252;255;141m██[38;2;252;255;141m██[38;2;0;0;0m██      
        [38;2;0;0;0m██[38;2;214;206;90m██[38;2;252;255;141m██[38;2;252;255;141m██[38;2;252;255;141m██[38;2;252;255;141m██[38;2;252;255;141m██[38;2;252;255;141m██[38;2;252;255;141m██[38;2;252;255;141m██[38;2;252;255;141m██[38;2;131;115;90m██[38;2;214;206;90m██[38;2;0;0;0m██    [38;2;0;0;0m██[38;2;252;255;141m██[38;2;252;255;141m██[38;2;252;255;141m██[38;2;252;255;141m██[38;2;252;255;141m██[38;2;252;255;141m██[38;2;252;255;141m██[38;2;252;255;141m██[38;2;252;255;141m██[38;2;252;255;141m██[38;2;252;255;141m██[38;2;252;255;141m██[38;2;252;255;141m██[38;2;0;0;0m██    
      [38;2;0;0;0m██[38;2;252;255;141m██[38;2;214;206;90m██[38;2;252;255;141m██[38;2;252;255;141m██[38;2;252;255;141m██[38;2;252;255;141m██[38;2;252;255;141m██[38;2;252;255;141m██[38;2;252;255;141m██[38;2;252;255;141m██[38;2;214;206;90m██[38;2;214;206;90m██[38;2;214;206;90m██[38;2;65;65;65m██[38;2;0;0;0m██[38;2;0;0;0m██[38;2;252;255;141m██[38;2;252;255;141m██[38;2;252;255;141m██[38;2;252;255;141m██[38;2;252;255;141m██[38;2;252;255;141m██[38;2;252;255;141m██[38;2;252;255;141m██[38;2;252;255;141m██[38;2;252;255;141m██[38;2;252;255;141m██[38;2;252;255;141m██[38;2;252;255;141m██[38;2;252;255;141m██[38;2;0;0;0m██    
  [38;2;0;0;0m██[38;2;0;0;0m██[38;2;252;255;141m██[38;2;252;255;141m██[38;2;252;255;141m██[38;2;252;255;141m██[38;2;252;255;141m██[38;2;252;255;141m██[38;2;252;255;141m██[38;2;252;255;141m██[38;2;252;255;141m██[38;2;252;255;141m██[38;2;252;255;141m██[38;2;252;255;141m██[38;2;252;255;141m██[38;2;214;206;90m██[38;2;214;206;90m██[38;2;214;206;90m██[38;2;65;65;65m██[38;2;252;255;141m██[38;2;252;255;141m██[38;2;252;255;141m██[38;2;252;255;141m██[38;2;252;255;141m██[38;2;252;255;141m██[38;2;252;255;141m██[38;2;252;255;141m██[38;2;252;255;141m██[38;2;252;255;141m██[38;2;252;255;141m██[38;2;252;255;141m██[38;2;252;255;141m██[38;2;214;206;90m██[38;2;214;206;90m██[38;2;0;0;0m██  
[38;2;0;0;0m██[38;2;213;187;1m██[38;2;131;115;90m██[38;2;252;255;141m██[38;2;252;255;141m██[38;2;252;255;141m██[38;2;252;255;141m██[38;2;252;255;141m██[38;2;252;255;141m██[38;2;252;255;141m██[38;2;252;255;141m██[38;2;252;255;141m██[38;2;252;255;141m██[38;2;252;255;141m██[38;2;252;255;141m██[38;2;214;206;90m██[38;2;214;206;90m██[38;2;214;206;90m██[38;2;65;65;65m██[38;2;214;206;90m██[38;2;214;206;90m██[38;2;252;255;141m██[38;2;252;255;141m██[38;2;252;255;141m██[38;2;252;255;141m██[38;2;252;255;141m██[38;2;252;255;141m██[38;2;252;255;141m██[38;2;214;206;90m██[38;2;252;255;141m██[38;2;214;206;90m██[38;2;252;255;141m██[38;2;131;115;90m██[38;2;214;206;90m██[38;2;214;206;90m██[38;2;0;0;0m██  
  [38;2;0;0;0m██[38;2;213;187;1m██[38;2;131;115;90m██[38;2;252;255;141m██[38;2;252;255;141m██[38;2;252;255;141m██[38;2;252;255;141m██[38;2;252;255;141m██[38;2;252;255;141m██[38;2;252;255;141m██[38;2;252;255;141m██[38;2;252;255;141m██[38;2;252;255;141m██[38;2;65;65;65m██[38;2;65;65;65m██[38;2;65;65;65m██[38;2;65;65;65m██[38;2;214;206;90m██[38;2;65;65;65m██[38;2;214;206;90m██[38;2;214;206;90m██[38;2;252;255;141m██[38;2;252;255;141m██[38;2;252;255;141m██[38;2;252;255;141m██[38;2;252;255;141m██[38;2;214;206;90m██[38;2;252;255;141m██[38;2;214;206;90m██[38;2;252;255;141m██[38;2;65;65;65m██[38;2;214;206;90m██[38;2;214;206;90m██[38;2;214;206;90m██[38;2;214;206;90m██[38;2;0;0;0m██
  [38;2;0;0;0m██[38;2;213;187;1m██[38;2;131;115;90m██[38;2;252;255;141m██[38;2;252;255;141m██[38;2;252;255;141m██[38;2;252;255;141m██[38;2;252;255;141m██[38;2;252;255;141m██[38;2;252;255;141m██[38;2;252;255;141m██[38;2;252;255;141m██[38;2;65;65;65m██[38;2;236;221;1m██[38;2;236;221;1m██[38;2;236;221;1m██[38;2;236;221;1m██[38;2;65;65;65m██[38;2;214;206;90m██[38;2;65;65;65m██[38;2;65;65;65m██[38;2;214;206;90m██[38;2;214;206;90m██[38;2;252;255;141m██[38;2;252;255;141m██[38;2;214;206;90m██[38;2;252;255;141m██[38;2;214;206;90m██[38;2;252;255;141m██[38;2;214;206;90m██[38;2;65;65;65m██[38;2;214;206;90m██[38;2;214;206;90m██[38;2;214;206;90m██[38;2;0;0;0m██  
    [38;2;0;0;0m██[38;2;252;255;141m██[38;2;252;255;141m██[38;2;252;255;141m██[38;2;252;255;141m██[38;2;252;255;141m██[38;2;252;255;141m██[38;2;252;255;141m██[38;2;252;255;141m██[38;2;252;255;141m██[38;2;65;65;65m██[38;2;236;221;1m██[38;2;213;187;1m██[38;2;252;255;141m██[38;2;252;255;141m██[38;2;252;255;141m██[38;2;236;221;1m██[38;2;65;65;65m██[38;2;214;206;90m██[38;2;214;206;90m██[38;2;65;65;65m██[38;2;214;206;90m██[38;2;214;206;90m██[38;2;214;206;90m██[38;2;214;206;90m██[38;2;214;206;90m██[38;2;214;206;90m██[38;2;214;206;90m██[38;2;214;206;90m██[38;2;65;65;65m██[38;2;214;206;90m██[38;2;214;206;90m██[38;2;214;206;90m██[38;2;214;206;90m██[38;2;0;0;0m██
    [38;2;0;0;0m██[38;2;252;255;141m██[38;2;252;255;141m██[38;2;252;255;141m██[38;2;252;255;141m██[38;2;252;255;141m██[38;2;252;255;141m██[38;2;65;65;65m██[38;2;65;65;65m██[38;2;213;187;1m██[38;2;236;221;1m██[38;2;213;187;1m██[38;2;252;255;141m██[38;2;252;255;141m██[38;2;252;255;141m██[38;2;236;221;1m██[38;2;65;65;65m██[38;2;214;206;90m██[38;2;214;206;90m██[38;2;65;65;65m██[38;2;214;206;90m██[38;2;214;206;90m██[38;2;214;206;90m██[38;2;214;206;90m██[38;2;214;206;90m██[38;2;214;206;90m██[38;2;214;206;90m██[38;2;214;206;90m██[38;2;65;65;65m██[38;2;214;206;90m██[38;2;214;206;90m██[38;2;214;206;90m██[38;2;0;0;0m██[38;2;0;0;0m██  
      [38;2;0;0;0m██[38;2;252;255;141m██[38;2;252;255;141m██[38;2;252;255;141m██[38;2;255;255;255m██[38;2;0;0;0m██[38;2;255;255;255m██[38;2;255;255;255m██[38;2;131;115;90m██[38;2;236;221;1m██[38;2;236;221;1m██[38;2;236;221;1m██[38;2;236;221;1m██[38;2;236;221;1m██[38;2;65;65;65m██[38;2;214;206;90m██[38;2;214;206;90m██[38;2;65;65;65m██[38;2;65;65;65m██[38;2;214;206;90m██[38;2;214;206;90m██[38;2;214;206;90m██[38;2;214;206;90m██[38;2;214;206;90m██[38;2;214;206;90m██[38;2;214;206;90m██[38;2;214;206;90m██[38;2;0;0;0m██[38;2;0;0;0m██[38;2;0;0;0m██[38;2;0;0;0m██      
      [38;2;0;0;0m██[38;2;213;187;1m██[38;2;213;187;1m██[38;2;252;255;141m██[38;2;0;0;0m██[38;2;131;115;90m██[38;2;255;255;255m██[38;2;255;255;255m██[38;2;131;115;90m██[38;2;236;221;1m██[38;2;65;65;65m██[38;2;65;65;65m██[38;2;65;65;65m██[38;2;65;65;65m██[38;2;214;206;90m██[38;2;214;206;90m██[38;2;214;206;90m██[38;2;214;206;90m██[38;2;214;206;90m██[38;2;65;65;65m██[38;2;65;65;65m██[38;2;214;206;90m██[38;2;214;206;90m██[38;2;214;206;90m██[38;2;214;206;90m██[38;2;214;206;90m██[38;2;0;0;0m██              
    [38;2;0;0;0m██[38;2;252;255;141m██[38;2;252;255;141m██[38;2;252;255;141m██[38;2;213;187;1m██[38;2;236;221;1m██[38;2;236;221;1m██[38;2;236;221;1m██[38;2;236;221;1m██[38;2;236;221;1m██[38;2;213;187;1m██[38;2;252;255;141m██[38;2;252;255;141m██[38;2;252;255;141m██[38;2;252;255;141m██[38;2;252;255;141m██[38;2;252;255;141m██[38;2;214;206;90m██[38;2;65;65;65m██[38;2;65;65;65m██[38;2;236;221;1m██[38;2;236;221;1m██[38;2;65;65;65m██[38;2;214;206;90m██[38;2;214;206;90m██[38;2;214;206;90m██[38;2;0;0;0m██                
  [38;2;0;0;0m██[38;2;65;65;65m██[38;2;65;65;65m██[38;2;252;255;141m██[38;2;252;255;141m██[38;2;252;255;141m██[38;2;213;187;1m██[38;2;213;187;1m██[38;2;213;187;1m██[38;2;213;187;1m██[38;2;213;187;1m██[38;2;252;255;141m██[38;2;252;255;141m██[38;2;252;255;141m██[38;2;252;255;141m██[38;2;252;255;141m██[38;2;252;255;141m██[38;2;131;115;90m██[38;2;65;65;65m██[38;2;236;221;1m██[38;2;236;221;1m██[38;2;236;221;1m██[38;2;236;221;1m██[38;2;236;221;1m██[38;2;65;65;65m██[38;2;214;206;90m██[38;2;0;0;0m██                  
  [38;2;0;0;0m██[38;2;252;255;141m██[38;2;252;255;141m██[38;2;252;255;141m██[38;2;252;255;141m██[38;2;252;255;141m██[38;2;252;255;141m██[38;2;252;255;141m██[38;2;252;255;141m██[38;2;252;255;141m██[38;2;252;255;141m██[38;2;252;255;141m██[38;2;252;255;141m██[38;2;252;255;141m██[38;2;252;255;141m██[38;2;252;255;141m██[38;2;252;255;141m██[38;2;252;255;141m██[38;2;252;255;141m██[38;2;65;65;65m██[38;2;236;221;1m██[38;2;236;221;1m██[38;2;236;221;1m██[38;2;236;221;1m██[38;2;82;90;106m██[38;2;0;0;0m██  [38;2;0;0;0m██[38;2;0;0;0m██  [38;2;0;0;0m██          
    [38;2;0;0;0m██[38;2;252;255;141m██[38;2;252;255;141m██[38;2;252;255;141m██[38;2;252;255;141m██[38;2;214;206;90m██[38;2;131;115;90m██[38;2;131;115;90m██[38;2;214;206;90m██[38;2;252;255;141m██[38;2;252;255;141m██[38;2;252;255;141m██[38;2;252;255;141m██[38;2;252;255;141m██[38;2;131;115;90m██[38;2;131;115;90m██[38;2;65;65;65m██[38;2;65;65;65m██[38;2;82;90;106m██[38;2;82;90;106m██[38;2;236;221;1m██[38;2;236;221;1m██[38;2;82;90;106m██[38;2;82;90;106m██[38;2;213;187;1m██[38;2;0;0;0m██[38;2;65;65;65m██[38;2;252;255;141m██[38;2;0;0;0m██[38;2;252;255;141m██[38;2;0;0;0m██        
      [38;2;0;0;0m██[38;2;131;115;90m██[38;2;131;115;90m██[38;2;131;115;90m██[38;2;255;255;255m██[38;2;214;206;90m██[38;2;214;206;90m██[38;2;131;115;90m██[38;2;252;255;141m██[38;2;252;255;141m██[38;2;252;255;141m██[38;2;252;255;141m██[38;2;214;206;90m██[38;2;214;206;90m██[38;2;65;65;65m██[38;2;213;187;1m██[38;2;213;187;1m██[38;2;236;221;1m██[38;2;236;221;1m██[38;2;236;221;1m██[38;2;236;221;1m██[38;2;82;90;106m██[38;2;236;221;1m██[38;2;213;187;1m██[38;2;65;65;65m██[38;2;252;255;141m██[38;2;252;255;141m██[38;2;252;255;141m██[38;2;252;255;141m██[38;2;0;0;0m██        
        [38;2;0;0;0m██[38;2;214;206;90m██[38;2;214;206;90m██[38;2;214;206;90m██[38;2;214;206;90m██[38;2;214;206;90m██[38;2;252;255;141m██[38;2;252;255;141m██[38;2;252;255;141m██[38;2;252;255;141m██[38;2;252;255;141m██[38;2;214;206;90m██[38;2;131;115;90m██[38;2;214;206;90m██[38;2;65;65;65m██[38;2;82;90;106m██[38;2;213;187;1m██[38;2;236;221;1m██[38;2;236;221;1m██[38;2;236;221;1m██[38;2;236;221;1m██[38;2;213;187;1m██[38;2;82;90;106m██[38;2;65;65;65m██[38;2;252;255;141m██[38;2;252;255;141m██[38;2;252;255;141m██[38;2;0;0;0m██          
        [38;2;0;0;0m██[38;2;252;255;141m██[38;2;214;206;90m██[38;2;214;206;90m██[38;2;252;255;141m██[38;2;252;255;141m██[38;2;252;255;141m██[38;2;252;255;141m██[38;2;252;255;141m██[38;2;252;255;141m██[38;2;131;115;90m██[38;2;131;115;90m██[38;2;214;206;90m██[38;2;214;206;90m██[38;2;214;206;90m██[38;2;65;65;65m██[38;2;82;90;106m██[38;2;213;187;1m██[38;2;65;65;65m██[38;2;236;221;1m██[38;2;213;187;1m██[38;2;82;90;106m██[38;2;82;90;106m██[38;2;65;65;65m██[38;2;252;255;141m██[38;2;252;255;141m██[38;2;252;255;141m██[38;2;252;255;141m██[38;2;0;0;0m██        
          [38;2;0;0;0m██[38;2;131;115;90m██[38;2;252;255;141m██[38;2;252;255;141m██[38;2;252;255;141m██[38;2;252;255;141m██[38;2;131;115;90m██[38;2;252;255;141m██[38;2;131;115;90m██[38;2;214;206;90m██[38;2;214;206;90m██[38;2;214;206;90m██[38;2;65;65;65m██[38;2;65;65;65m██[38;2;82;90;106m██[38;2;82;90;106m██[38;2;65;65;65m██[38;2;213;187;1m██[38;2;213;187;1m██[38;2;82;90;106m██[38;2;82;90;106m██[38;2;213;187;1m██[38;2;65;65;65m██[38;2;214;206;90m██[38;2;252;255;141m██[38;2;214;206;90m██[38;2;0;0;0m██          
          [38;2;0;0;0m██[38;2;214;206;90m██[38;2;131;115;90m██[38;2;214;206;90m██[38;2;252;255;141m██[38;2;214;206;90m██[38;2;214;206;90m██[38;2;131;115;90m██[38;2;214;206;90m██[38;2;214;206;90m██[38;2;214;206;90m██[38;2;65;65;65m██[38;2;82;90;106m██[38;2;82;90;106m██[38;2;213;187;1m██[38;2;0;0;0m██[38;2;0;0;0m██[38;2;213;187;1m██[38;2;213;187;1m██[38;2;213;187;1m██[38;2;213;187;1m██[38;2;82;90;106m██[38;2;65;65;65m██[38;2;214;206;90m██[38;2;214;206;90m██[38;2;0;0;0m██            
            [38;2;0;0;0m██[38;2;214;206;90m██[38;2;214;206;90m██[38;2;214;206;90m██[38;2;214;206;90m██[38;2;214;206;90m██[38;2;214;206;90m██[38;2;214;206;90m██[38;2;214;206;90m██[38;2;214;206;90m██[38;2;214;206;90m██[38;2;65;65;65m██[38;2;82;90;106m██[38;2;0;0;0m██    [38;2;0;0;0m██[38;2;65;65;65m██[38;2;213;187;1m██[38;2;65;65;65m██[38;2;65;65;65m██[38;2;214;206;90m██[38;2;214;206;90m██[38;2;214;206;90m██[38;2;0;0;0m██            
              [38;2;0;0;0m██[38;2;65;65;65m██[38;2;214;206;90m██[38;2;214;206;90m██[38;2;214;206;90m██[38;2;214;206;90m██[38;2;214;206;90m██[38;2;214;206;90m██[38;2;214;206;90m██[38;2;65;65;65m██[38;2;213;187;1m██[38;2;213;187;1m██[38;2;65;65;65m██[38;2;0;0;0m██  [38;2;0;0;0m██[38;2;214;206;90m██[38;2;65;65;65m██[38;2;65;65;65m██[38;2;214;206;90m██[38;2;214;206;90m██[38;2;214;206;90m██[38;2;0;0;0m██              
              [38;2;0;0;0m██[38;2;82;90;106m██[38;2;65;65;65m██[38;2;214;206;90m██[38;2;214;206;90m██[38;2;214;206;90m██[38;2;214;206;90m██[38;2;214;206;90m██[38;2;65;65;65m██[38;2;213;187;1m██[38;2;213;187;1m██[38;2;82;90;106m██[38;2;82;90;106m██[38;2;252;255;141m██[38;2;0;0;0m██  [38;2;0;0;0m██[38;2;214;206;90m██[38;2;214;206;90m██[38;2;214;206;90m██[38;2;214;206;90m██[38;2;0;0;0m██                
            [38;2;0;0;0m██[38;2;213;187;1m██[38;2;82;90;106m██[38;2;82;90;106m██[38;2;65;65;65m██[38;2;214;206;90m██[38;2;0;0;0m██[38;2;214;206;90m██[38;2;65;65;65m██[38;2;82;90;106m██[38;2;236;221;1m██[38;2;82;90;106m██[38;2;82;90;106m██[38;2;252;255;141m██[38;2;252;255;141m██[38;2;0;0;0m██    [38;2;65;65;65m██[38;2;65;65;65m██[38;2;65;65;65m██[38;2;65;65;65m██[38;2;0;0;0m██                
            [38;2;0;0;0m██[38;2;213;187;1m██[38;2;213;187;1m██[38;2;213;187;1m██[38;2;213;187;1m██[38;2;0;0;0m██  [38;2;0;0;0m██[38;2;0;0;0m██[38;2;82;90;106m██[38;2;82;90;106m██[38;2;82;90;106m██[38;2;236;221;1m██[38;2;252;255;141m██[38;2;0;0;0m██      [38;2;0;0;0m██[38;2;213;187;1m██[38;2;213;187;1m██[38;2;213;187;1m██[38;2;213;187;1m██[38;2;0;0;0m██              
          [38;2;0;0;0m██[38;2;213;187;1m██[38;2;127;102;1m██[38;2;213;187;1m██[38;2;213;187;1m██[38;2;213;187;1m██[38;2;0;0;0m██    [38;2;0;0;0m██[38;2;236;221;1m██[38;2;82;90;106m██[38;2;236;221;1m██[38;2;236;221;1m██[38;2;252;255;141m██[38;2;0;0;0m██    [38;2;0;0;0m██[38;2;127;102;1m██[38;2;213;187;1m██[38;2;127;102;1m██[38;2;213;187;1m██[38;2;213;187;1m██[38;2;0;0;0m██              
          [38;2;0;0;0m██[38;2;65;65;65m██[38;2;213;187;1m██[38;2;213;187;1m██[38;2;213;187;1m██[38;2;0;0;0m██      [38;2;0;0;0m██[38;2;236;221;1m██[38;2;236;221;1m██[38;2;236;221;1m██[38;2;236;221;1m██[38;2;0;0;0m██      [38;2;0;0;0m██[38;2;65;65;65m██[38;2;213;187;1m██[38;2;127;102;1m██[38;2;213;187;1m██[38;2;0;0;0m██                
            [38;2;0;0;0m██[38;2;0;0;0m██[38;2;0;0;0m██[38;2;0;0;0m██      [38;2;0;0;0m██[38;2;236;221;1m██[38;2;236;221;1m██[38;2;236;221;1m██[38;2;236;221;1m██[38;2;236;221;1m██[38;2;0;0;0m██        [38;2;0;0;0m██[38;2;0;0;0m██[38;2;0;0;0m██[38;2;0;0;0m██                  
                          [38;2;0;0;0m██[38;2;213;187;1m██[38;2;127;102;1m██[38;2;236;221;1m██[38;2;127;102;1m██[38;2;213;187;1m██[38;2;0;0;0m██                                  
                            [38;2;0;0;0m██[38;2;127;102;1m██[38;2;213;187;1m██[38;2;127;102;1m██[38;2;0;0;0m██                                    
                              [38;2;0;0;0m██[38;2;0;0;0m██[38;2;0;0;0m██                                      
