                          [38;2;0;0;0m██[38;2;0;0;0m██[38;2;0;0;0m██                        
                      [38;2;0;0;0m██[38;2;0;0;0m██[38;2;243;230;122m██[38;2;243;230;122m██[38;2;0;0;0m██                        
                    [38;2;0;0;0m██[38;2;243;230;122m██[38;2;243;230;122m██[38;2;243;230;122m██[38;2;0;0;0m██                          
    [38;2;0;0;0m██            [38;2;0;0;0m██[38;2;243;230;122m██[38;2;243;230;122m██[38;2;243;230;122m██[38;2;115;115;99m██[38;2;0;0;0m██                          
  [38;2;0;0;0m██[38;2;182;172;87m██[38;2;0;0;0m██      [38;2;0;0;0m██[38;2;0;0;0m██[38;2;243;230;122m██[38;2;65;65;65m██[38;2;243;230;122m██[38;2;243;230;122m██[38;2;65;65;65m██[38;2;0;0;0m██                          
  [38;2;0;0;0m██[38;2;182;172;87m██[38;2;182;172;87m██[38;2;0;0;0m██[38;2;0;0;0m██[38;2;0;0;0m██[38;2;243;230;122m██[38;2;243;230;122m██[38;2;65;65;65m██[38;2;243;230;122m██[38;2;0;0;0m██[38;2;182;172;87m██[38;2;65;65;65m██[38;2;0;0;0m██                          
  [38;2;0;0;0m██[38;2;182;172;87m██[38;2;115;115;99m██[38;2;243;230;122m██[38;2;243;230;122m██[38;2;243;230;122m██[38;2;243;230;122m██[38;2;65;65;65m██[38;2;243;230;122m██[38;2;243;230;122m██[38;2;0;0;0m██[38;2;65;65;65m██[38;2;0;0;0m██                      [38;2;0;0;0m██[38;2;0;0;0m██  
    [38;2;65;65;65m██[38;2;243;230;122m██[38;2;243;230;122m██[38;2;243;230;122m██[38;2;243;230;122m██[38;2;243;230;122m██[38;2;65;65;65m██[38;2;243;230;122m██[38;2;243;230;122m██[38;2;0;0;0m██[38;2;65;65;65m██[38;2;0;0;0m██                  [38;2;0;0;0m██[38;2;0;0;0m██[38;2;243;230;122m██[38;2;243;230;122m██[38;2;0;0;0m██
  [38;2;0;0;0m██[38;2;0;0;0m██[38;2;243;230;122m██[38;2;243;230;122m██[38;2;243;230;122m██[38;2;243;230;122m██[38;2;65;65;65m██[38;2;243;230;122m██[38;2;243;230;122m██[38;2;243;230;122m██[38;2;0;0;0m██[38;2;0;0;0m██    [38;2;0;0;0m██[38;2;0;0;0m██    [38;2;0;0;0m██[38;2;0;0;0m██  [38;2;0;0;0m██[38;2;243;230;122m██[38;2;243;230;122m██[38;2;243;230;122m██[38;2;0;0;0m██  
  [38;2;0;0;0m██[38;2;243;230;122m██[38;2;243;230;122m██[38;2;243;230;122m██[38;2;243;230;122m██[38;2;243;230;122m██[38;2;243;230;122m██[38;2;243;230;122m██[38;2;243;230;122m██[38;2;243;230;122m██[38;2;0;0;0m██    [38;2;0;0;0m██[38;2;187;133;224m██[38;2;243;230;122m██[38;2;0;0;0m██[38;2;0;0;0m██[38;2;243;230;122m██[38;2;0;0;0m██[38;2;65;65;65m██[38;2;243;230;122m██[38;2;243;230;122m██[38;2;182;172;87m██[38;2;0;0;0m██    
[38;2;0;0;0m██[38;2;142;88;179m██[38;2;243;230;122m██[38;2;243;230;122m██[38;2;243;230;122m██[38;2;243;230;122m██[38;2;243;230;122m██[38;2;243;230;122m██[38;2;243;230;122m██[38;2;243;230;122m██[38;2;243;230;122m██[38;2;0;0;0m██      [38;2;0;0;0m██[38;2;142;88;179m██[38;2;243;230;122m██[38;2;187;133;224m██[38;2;142;88;179m██[38;2;65;65;65m██[38;2;243;230;122m██[38;2;243;230;122m██[38;2;182;172;87m██[38;2;65;65;65m██[38;2;0;0;0m██    
[38;2;0;0;0m██[38;2;187;133;224m██[38;2;142;88;179m██[38;2;243;230;122m██[38;2;243;230;122m██[38;2;243;230;122m██[38;2;243;230;122m██[38;2;37;154;60m██[38;2;65;65;65m██[38;2;243;230;122m██[38;2;243;230;122m██[38;2;65;65;65m██[38;2;0;0;0m██[38;2;0;0;0m██    [38;2;0;0;0m██[38;2;37;154;60m██[38;2;187;133;224m██[38;2;65;65;65m██[38;2;182;172;87m██[38;2;182;172;87m██[38;2;182;172;87m██[38;2;65;65;65m██[38;2;0;0;0m██      
[38;2;0;0;0m██[38;2;187;133;224m██[38;2;142;88;179m██[38;2;243;230;122m██[38;2;243;230;122m██[38;2;182;172;87m██[38;2;214;99;66m██[38;2;37;154;60m██[38;2;65;65;65m██[38;2;243;230;122m██[38;2;65;65;65m██[38;2;65;65;65m██[38;2;130;76;167m██[38;2;142;88;179m██[38;2;0;0;0m██[38;2;0;0;0m██[38;2;187;133;224m██[38;2;187;133;224m██[38;2;187;133;224m██[38;2;65;65;65m██[38;2;182;172;87m██[38;2;182;172;87m██[38;2;65;65;65m██[38;2;65;65;65m██[38;2;0;0;0m██      
[38;2;0;0;0m██[38;2;187;133;224m██[38;2;142;88;179m██[38;2;243;230;122m██[38;2;115;115;99m██[38;2;65;65;65m██[38;2;0;0;0m██[38;2;0;0;0m██[38;2;37;154;60m██[38;2;182;172;87m██[38;2;65;65;65m██[38;2;182;172;87m██[38;2;65;65;65m██[38;2;65;65;65m██[38;2;187;133;224m██[38;2;187;133;224m██[38;2;142;88;179m██[38;2;65;65;65m██[38;2;187;133;224m██[38;2;142;88;179m██[38;2;65;65;65m██[38;2;65;65;65m██[38;2;65;65;65m██[38;2;0;0;0m██        
  [38;2;0;0;0m██[38;2;0;0;0m██[38;2;0;0;0m██[38;2;65;65;65m██[38;2;0;0;0m██[38;2;0;0;0m██[38;2;65;65;65m██[38;2;182;172;87m██[38;2;182;172;87m██[38;2;65;65;65m██[38;2;243;230;122m██[38;2;243;230;122m██[38;2;130;76;167m██[38;2;65;65;65m██[38;2;142;88;179m██[38;2;65;65;65m██[38;2;182;172;87m██[38;2;65;65;65m██[38;2;187;133;224m██[38;2;65;65;65m██[38;2;182;172;87m██[38;2;0;0;0m██          
        [38;2;0;0;0m██[38;2;182;172;87m██[38;2;243;230;122m██[38;2;243;230;122m██[38;2;65;65;65m██[38;2;65;65;65m██[38;2;182;172;87m██[38;2;243;230;122m██[38;2;243;230;122m██[38;2;243;230;122m██[38;2;65;65;65m██[38;2;187;133;224m██[38;2;65;65;65m██[38;2;182;172;87m██[38;2;65;65;65m██[38;2;243;230;122m██[38;2;65;65;65m██[38;2;182;172;87m██[38;2;65;65;65m██[38;2;0;0;0m██        
          [38;2;0;0;0m██[38;2;0;0;0m██[38;2;65;65;65m██[38;2;0;0;0m██[38;2;182;172;87m██[38;2;243;230;122m██[38;2;243;230;122m██[38;2;243;230;122m██[38;2;115;115;99m██[38;2;142;88;179m██[38;2;187;133;224m██[38;2;187;133;224m██[38;2;65;65;65m██[38;2;142;88;179m██[38;2;187;133;224m██[38;2;65;65;65m██[38;2;182;172;87m██[38;2;182;172;87m██[38;2;182;172;87m██[38;2;0;0;0m██      
            [38;2;0;0;0m██[38;2;182;172;87m██[38;2;243;230;122m██[38;2;182;172;87m██[38;2;243;230;122m██[38;2;243;230;122m██[38;2;115;115;99m██[38;2;187;133;224m██[38;2;187;133;224m██[38;2;65;65;65m██[38;2;187;133;224m██[38;2;65;65;65m██[38;2;187;133;224m██[38;2;142;88;179m██[38;2;65;65;65m██[38;2;115;115;99m██[38;2;182;172;87m██[38;2;0;0;0m██        
          [38;2;0;0;0m██[38;2;182;172;87m██[38;2;65;65;65m██[38;2;182;172;87m██[38;2;55;124;91m██[38;2;243;230;122m██[38;2;243;230;122m██[38;2;182;172;87m██[38;2;65;65;65m██[38;2;65;65;65m██[38;2;55;124;91m██[38;2;142;88;179m██[38;2;142;88;179m██[38;2;187;133;224m██[38;2;65;65;65m██[38;2;182;172;87m██[38;2;182;172;87m██[38;2;0;0;0m██          
        [38;2;0;0;0m██[38;2;182;172;87m██[38;2;65;65;65m██[38;2;55;124;91m██[38;2;55;124;91m██[38;2;65;65;65m██[38;2;243;230;122m██[38;2;243;230;122m██[38;2;243;230;122m██[38;2;182;172;87m██[38;2;0;0;0m██[38;2;130;76;167m██[38;2;0;0;0m██[38;2;37;154;60m██[38;2;187;133;224m██[38;2;65;65;65m██[38;2;182;172;87m██[38;2;130;76;167m██[38;2;182;172;87m██[38;2;0;0;0m██        
        [38;2;0;0;0m██[38;2;55;124;91m██[38;2;65;65;65m██[38;2;55;124;91m██[38;2;55;124;91m██[38;2;65;65;65m██[38;2;182;172;87m██[38;2;243;230;122m██[38;2;65;65;65m██[38;2;0;0;0m██  [38;2;0;0;0m██[38;2;65;65;65m██[38;2;30;118;46m██[38;2;187;133;224m██[38;2;142;88;179m██[38;2;65;65;65m██[38;2;142;88;179m██[38;2;130;76;167m██[38;2;0;0;0m██        
          [38;2;0;0;0m██[38;2;142;88;179m██[38;2;65;65;65m██[38;2;65;65;65m██[38;2;243;230;122m██[38;2;115;115;99m██[38;2;115;115;99m██[38;2;243;230;122m██[38;2;0;0;0m██    [38;2;0;0;0m██[38;2;187;133;224m██[38;2;0;0;0m██[38;2;187;133;224m██[38;2;65;65;65m██[38;2;0;0;0m██[38;2;142;88;179m██[38;2;0;0;0m██        
          [38;2;0;0;0m██[38;2;142;88;179m██[38;2;0;0;0m██[38;2;0;0;0m██[38;2;142;88;179m██[38;2;243;230;122m██[38;2;182;172;87m██[38;2;0;0;0m██        [38;2;0;0;0m██  [38;2;0;0;0m██[38;2;0;0;0m██  [38;2;0;0;0m██[38;2;0;0;0m██        
            [38;2;0;0;0m██  [38;2;0;0;0m██[38;2;187;133;224m██[38;2;142;88;179m██[38;2;182;172;87m██[38;2;0;0;0m██                              
                  [38;2;0;0;0m██[38;2;187;133;224m██[38;2;0;0;0m██                                
                  [38;2;0;0;0m██[38;2;187;133;224m██[38;2;0;0;0m██                                
                    [38;2;0;0;0m██                                  
