                          [38;2;0;0;0m██[38;2;0;0;0m██[38;2;0;0;0m██                        
                      [38;2;0;0;0m██[38;2;0;0;0m██[38;2;243;230;122m██[38;2;243;230;122m██[38;2;0;0;0m██                        
                    [38;2;0;0;0m██[38;2;243;230;122m██[38;2;243;230;122m██[38;2;243;230;122m██[38;2;0;0;0m██                          
    [38;2;0;0;0m██            [38;2;0;0;0m██[38;2;243;230;122m██[38;2;243;230;122m██[38;2;243;230;122m██[38;2;115;115;99m██[38;2;0;0;0m██                          
  [38;2;0;0;0m██[38;2;182;172;87m██[38;2;0;0;0m██      [38;2;0;0;0m██[38;2;0;0;0m██[38;2;243;230;122m██[38;2;65;65;65m██[38;2;243;230;122m██[38;2;243;230;122m██[38;2;65;65;65m██[38;2;0;0;0m██                          
  [38;2;0;0;0m██[38;2;182;172;87m██[38;2;182;172;87m██[38;2;0;0;0m██[38;2;0;0;0m██[38;2;0;0;0m██[38;2;243;230;122m██[38;2;243;230;122m██[38;2;65;65;65m██[38;2;243;230;122m██[38;2;0;0;0m██[38;2;182;172;87m██[38;2;65;65;65m██[38;2;0;0;0m██                          
  [38;2;0;0;0m██[38;2;182;172;87m██[38;2;115;115;99m██[38;2;243;230;122m██[38;2;243;230;122m██[38;2;243;230;122m██[38;2;243;230;122m██[38;2;65;65;65m██[38;2;243;230;122m██[38;2;243;230;122m██[38;2;0;0;0m██[38;2;65;65;65m██[38;2;0;0;0m██                      [38;2;0;0;0m██[38;2;0;0;0m██  
    [38;2;65;65;65m██[38;2;243;230;122m██[38;2;243;230;122m██[38;2;243;230;122m██[38;2;243;230;122m██[38;2;243;230;122m██[38;2;65;65;65m██[38;2;243;230;122m██[38;2;243;230;122m██[38;2;0;0;0m██[38;2;65;65;65m██[38;2;0;0;0m██                  [38;2;0;0;0m██[38;2;0;0;0m██[38;2;243;230;122m██[38;2;243;230;122m██[38;2;0;0;0m██
  [38;2;0;0;0m██[38;2;0;0;0m██[38;2;243;230;122m██[38;2;243;230;122m██[38;2;243;230;122m██[38;2;243;230;122m██[38;2;65;65;65m██[38;2;243;230;122m██[38;2;243;230;122m██[38;2;243;230;122m██[38;2;0;0;0m██[38;2;0;0;0m██    [38;2;0;0;0m██[38;2;0;0;0m██    [38;2;0;0;0m██[38;2;0;0;0m██  [38;2;0;0;0m██[38;2;243;230;122m██[38;2;243;230;122m██[38;2;243;230;122m██[38;2;0;0;0m██  
  [38;2;0;0;0m██[38;2;243;230;122m██[38;2;243;230;122m██[38;2;243;230;122m██[38;2;243;230;122m██[38;2;243;230;122m██[38;2;243;230;122m██[38;2;243;230;122m██[38;2;243;230;122m██[38;2;243;230;122m██[38;2;0;0;0m██    [38;2;0;0;0m██[38;2;247;209;46m██[38;2;243;230;122m██[38;2;0;0;0m██[38;2;0;0;0m██[38;2;243;230;122m██[38;2;0;0;0m██[38;2;65;65;65m██[38;2;243;230;122m██[38;2;243;230;122m██[38;2;182;172;87m██[38;2;0;0;0m██    
[38;2;0;0;0m██[38;2;213;175;12m██[38;2;243;230;122m██[38;2;243;230;122m██[38;2;243;230;122m██[38;2;243;230;122m██[38;2;243;230;122m██[38;2;243;230;122m██[38;2;243;230;122m██[38;2;243;230;122m██[38;2;243;230;122m██[38;2;0;0;0m██      [38;2;0;0;0m██[38;2;213;175;12m██[38;2;243;230;122m██[38;2;247;209;46m██[38;2;213;175;12m██[38;2;65;65;65m██[38;2;243;230;122m██[38;2;243;230;122m██[38;2;182;172;87m██[38;2;65;65;65m██[38;2;0;0;0m██    
[38;2;0;0;0m██[38;2;247;209;46m██[38;2;213;175;12m██[38;2;243;230;122m██[38;2;243;230;122m██[38;2;243;230;122m██[38;2;243;230;122m██[38;2;255;183;136m██[38;2;65;65;65m██[38;2;243;230;122m██[38;2;243;230;122m██[38;2;65;65;65m██[38;2;0;0;0m██[38;2;0;0;0m██    [38;2;0;0;0m██[38;2;255;183;136m██[38;2;247;209;46m██[38;2;65;65;65m██[38;2;182;172;87m██[38;2;182;172;87m██[38;2;182;172;87m██[38;2;65;65;65m██[38;2;0;0;0m██      
[38;2;0;0;0m██[38;2;247;209;46m██[38;2;213;175;12m██[38;2;243;230;122m██[38;2;243;230;122m██[38;2;182;172;87m██[38;2;214;99;66m██[38;2;255;183;136m██[38;2;65;65;65m██[38;2;243;230;122m██[38;2;65;65;65m██[38;2;65;65;65m██[38;2;180;146;1m██[38;2;213;175;12m██[38;2;0;0;0m██[38;2;0;0;0m██[38;2;247;209;46m██[38;2;247;209;46m██[38;2;247;209;46m██[38;2;65;65;65m██[38;2;182;172;87m██[38;2;182;172;87m██[38;2;65;65;65m██[38;2;65;65;65m██[38;2;0;0;0m██      
[38;2;0;0;0m██[38;2;247;209;46m██[38;2;213;175;12m██[38;2;243;230;122m██[38;2;115;115;99m██[38;2;65;65;65m██[38;2;0;0;0m██[38;2;0;0;0m██[38;2;255;183;136m██[38;2;182;172;87m██[38;2;65;65;65m██[38;2;182;172;87m██[38;2;65;65;65m██[38;2;65;65;65m██[38;2;247;209;46m██[38;2;247;209;46m██[38;2;213;175;12m██[38;2;65;65;65m██[38;2;247;209;46m██[38;2;213;175;12m██[38;2;65;65;65m██[38;2;65;65;65m██[38;2;65;65;65m██[38;2;0;0;0m██        
  [38;2;0;0;0m██[38;2;0;0;0m██[38;2;0;0;0m██[38;2;65;65;65m██[38;2;0;0;0m██[38;2;0;0;0m██[38;2;65;65;65m██[38;2;182;172;87m██[38;2;182;172;87m██[38;2;65;65;65m██[38;2;243;230;122m██[38;2;243;230;122m██[38;2;180;146;1m██[38;2;65;65;65m██[38;2;213;175;12m██[38;2;65;65;65m██[38;2;182;172;87m██[38;2;65;65;65m██[38;2;247;209;46m██[38;2;65;65;65m██[38;2;182;172;87m██[38;2;0;0;0m██          
        [38;2;0;0;0m██[38;2;182;172;87m██[38;2;243;230;122m██[38;2;243;230;122m██[38;2;65;65;65m██[38;2;65;65;65m██[38;2;182;172;87m██[38;2;243;230;122m██[38;2;243;230;122m██[38;2;243;230;122m██[38;2;65;65;65m██[38;2;247;209;46m██[38;2;65;65;65m██[38;2;182;172;87m██[38;2;65;65;65m██[38;2;243;230;122m██[38;2;65;65;65m██[38;2;182;172;87m██[38;2;65;65;65m██[38;2;0;0;0m██        
          [38;2;0;0;0m██[38;2;0;0;0m██[38;2;65;65;65m██[38;2;0;0;0m██[38;2;182;172;87m██[38;2;243;230;122m██[38;2;243;230;122m██[38;2;243;230;122m██[38;2;115;115;99m██[38;2;213;175;12m██[38;2;247;209;46m██[38;2;247;209;46m██[38;2;65;65;65m██[38;2;213;175;12m██[38;2;247;209;46m██[38;2;65;65;65m██[38;2;182;172;87m██[38;2;182;172;87m██[38;2;182;172;87m██[38;2;0;0;0m██      
            [38;2;0;0;0m██[38;2;182;172;87m██[38;2;243;230;122m██[38;2;182;172;87m██[38;2;243;230;122m██[38;2;243;230;122m██[38;2;115;115;99m██[38;2;247;209;46m██[38;2;247;209;46m██[38;2;65;65;65m██[38;2;247;209;46m██[38;2;65;65;65m██[38;2;247;209;46m██[38;2;213;175;12m██[38;2;65;65;65m██[38;2;115;115;99m██[38;2;182;172;87m██[38;2;0;0;0m██        
          [38;2;0;0;0m██[38;2;182;172;87m██[38;2;65;65;65m██[38;2;182;172;87m██[38;2;140;137;56m██[38;2;243;230;122m██[38;2;243;230;122m██[38;2;182;172;87m██[38;2;65;65;65m██[38;2;65;65;65m██[38;2;140;137;56m██[38;2;213;175;12m██[38;2;213;175;12m██[38;2;247;209;46m██[38;2;65;65;65m██[38;2;182;172;87m██[38;2;182;172;87m██[38;2;0;0;0m██          
        [38;2;0;0;0m██[38;2;182;172;87m██[38;2;65;65;65m██[38;2;140;137;56m██[38;2;140;137;56m██[38;2;65;65;65m██[38;2;243;230;122m██[38;2;243;230;122m██[38;2;243;230;122m██[38;2;182;172;87m██[38;2;0;0;0m██[38;2;180;146;1m██[38;2;0;0;0m██[38;2;255;183;136m██[38;2;247;209;46m██[38;2;65;65;65m██[38;2;182;172;87m██[38;2;180;146;1m██[38;2;182;172;87m██[38;2;0;0;0m██        
        [38;2;0;0;0m██[38;2;140;137;56m██[38;2;65;65;65m██[38;2;140;137;56m██[38;2;140;137;56m██[38;2;65;65;65m██[38;2;182;172;87m██[38;2;243;230;122m██[38;2;65;65;65m██[38;2;0;0;0m██  [38;2;0;0;0m██[38;2;65;65;65m██[38;2;238;156;103m██[38;2;247;209;46m██[38;2;213;175;12m██[38;2;65;65;65m██[38;2;213;175;12m██[38;2;180;146;1m██[38;2;0;0;0m██        
          [38;2;0;0;0m██[38;2;213;175;12m██[38;2;65;65;65m██[38;2;65;65;65m██[38;2;243;230;122m██[38;2;115;115;99m██[38;2;115;115;99m██[38;2;243;230;122m██[38;2;0;0;0m██    [38;2;0;0;0m██[38;2;247;209;46m██[38;2;0;0;0m██[38;2;247;209;46m██[38;2;65;65;65m██[38;2;0;0;0m██[38;2;213;175;12m██[38;2;0;0;0m██        
          [38;2;0;0;0m██[38;2;213;175;12m██[38;2;0;0;0m██[38;2;0;0;0m██[38;2;213;175;12m██[38;2;243;230;122m██[38;2;182;172;87m██[38;2;0;0;0m██        [38;2;0;0;0m██  [38;2;0;0;0m██[38;2;0;0;0m██  [38;2;0;0;0m██[38;2;0;0;0m██        
            [38;2;0;0;0m██  [38;2;0;0;0m██[38;2;247;209;46m██[38;2;213;175;12m██[38;2;182;172;87m██[38;2;0;0;0m██                              
                  [38;2;0;0;0m██[38;2;247;209;46m██[38;2;0;0;0m██                                
                  [38;2;0;0;0m██[38;2;247;209;46m██[38;2;0;0;0m██                                
                    [38;2;0;0;0m██                                  
