                          [38;2;0;0;0m██[38;2;0;0;0m██[38;2;0;0;0m██                        
                      [38;2;0;0;0m██[38;2;0;0;0m██[38;2;243;230;122m██[38;2;243;230;122m██[38;2;0;0;0m██                        
                    [38;2;0;0;0m██[38;2;243;230;122m██[38;2;243;230;122m██[38;2;243;230;122m██[38;2;0;0;0m██                          
    [38;2;0;0;0m██            [38;2;0;0;0m██[38;2;243;230;122m██[38;2;243;230;122m██[38;2;243;230;122m██[38;2;115;115;99m██[38;2;0;0;0m██                          
  [38;2;0;0;0m██[38;2;182;172;87m██[38;2;0;0;0m██      [38;2;0;0;0m██[38;2;0;0;0m██[38;2;243;230;122m██[38;2;65;65;65m██[38;2;243;230;122m██[38;2;243;230;122m██[38;2;65;65;65m██[38;2;0;0;0m██                          
  [38;2;0;0;0m██[38;2;182;172;87m██[38;2;182;172;87m██[38;2;0;0;0m██[38;2;0;0;0m██[38;2;0;0;0m██[38;2;243;230;122m██[38;2;243;230;122m██[38;2;65;65;65m██[38;2;243;230;122m██[38;2;0;0;0m██[38;2;182;172;87m██[38;2;65;65;65m██[38;2;0;0;0m██                          
  [38;2;0;0;0m██[38;2;182;172;87m██[38;2;115;115;99m██[38;2;243;230;122m██[38;2;243;230;122m██[38;2;243;230;122m██[38;2;243;230;122m██[38;2;65;65;65m██[38;2;243;230;122m██[38;2;243;230;122m██[38;2;0;0;0m██[38;2;65;65;65m██[38;2;0;0;0m██                      [38;2;0;0;0m██[38;2;0;0;0m██  
    [38;2;65;65;65m██[38;2;243;230;122m██[38;2;243;230;122m██[38;2;243;230;122m██[38;2;243;230;122m██[38;2;243;230;122m██[38;2;65;65;65m██[38;2;243;230;122m██[38;2;243;230;122m██[38;2;0;0;0m██[38;2;65;65;65m██[38;2;0;0;0m██                  [38;2;0;0;0m██[38;2;0;0;0m██[38;2;243;230;122m██[38;2;243;230;122m██[38;2;0;0;0m██
  [38;2;0;0;0m██[38;2;0;0;0m██[38;2;243;230;122m██[38;2;243;230;122m██[38;2;243;230;122m██[38;2;243;230;122m██[38;2;65;65;65m██[38;2;243;230;122m██[38;2;243;230;122m██[38;2;243;230;122m██[38;2;0;0;0m██[38;2;0;0;0m██    [38;2;0;0;0m██[38;2;0;0;0m██    [38;2;0;0;0m██[38;2;0;0;0m██  [38;2;0;0;0m██[38;2;243;230;122m██[38;2;243;230;122m██[38;2;243;230;122m██[38;2;0;0;0m██  
  [38;2;0;0;0m██[38;2;243;230;122m██[38;2;243;230;122m██[38;2;243;230;122m██[38;2;243;230;122m██[38;2;243;230;122m██[38;2;243;230;122m██[38;2;243;230;122m██[38;2;243;230;122m██[38;2;243;230;122m██[38;2;0;0;0m██    [38;2;0;0;0m██[38;2;170;129;210m██[38;2;243;230;122m██[38;2;0;0;0m██[38;2;0;0;0m██[38;2;243;230;122m██[38;2;0;0;0m██[38;2;65;65;65m██[38;2;243;230;122m██[38;2;243;230;122m██[38;2;182;172;87m██[38;2;0;0;0m██    
[38;2;0;0;0m██[38;2;123;82;163m██[38;2;243;230;122m██[38;2;243;230;122m██[38;2;243;230;122m██[38;2;243;230;122m██[38;2;243;230;122m██[38;2;243;230;122m██[38;2;243;230;122m██[38;2;243;230;122m██[38;2;243;230;122m██[38;2;0;0;0m██      [38;2;0;0;0m██[38;2;123;82;163m██[38;2;243;230;122m██[38;2;170;129;210m██[38;2;123;82;163m██[38;2;65;65;65m██[38;2;243;230;122m██[38;2;243;230;122m██[38;2;182;172;87m██[38;2;65;65;65m██[38;2;0;0;0m██    
[38;2;0;0;0m██[38;2;170;129;210m██[38;2;123;82;163m██[38;2;243;230;122m██[38;2;243;230;122m██[38;2;243;230;122m██[38;2;243;230;122m██[38;2;247;92;87m██[38;2;65;65;65m██[38;2;243;230;122m██[38;2;243;230;122m██[38;2;65;65;65m██[38;2;0;0;0m██[38;2;0;0;0m██    [38;2;0;0;0m██[38;2;247;92;87m██[38;2;170;129;210m██[38;2;65;65;65m██[38;2;182;172;87m██[38;2;182;172;87m██[38;2;182;172;87m██[38;2;65;65;65m██[38;2;0;0;0m██      
[38;2;0;0;0m██[38;2;170;129;210m██[38;2;123;82;163m██[38;2;243;230;122m██[38;2;243;230;122m██[38;2;182;172;87m██[38;2;221;149;1m██[38;2;247;92;87m██[38;2;65;65;65m██[38;2;243;230;122m██[38;2;65;65;65m██[38;2;65;65;65m██[38;2;101;60;141m██[38;2;123;82;163m██[38;2;0;0;0m██[38;2;0;0;0m██[38;2;170;129;210m██[38;2;170;129;210m██[38;2;170;129;210m██[38;2;65;65;65m██[38;2;182;172;87m██[38;2;182;172;87m██[38;2;65;65;65m██[38;2;65;65;65m██[38;2;0;0;0m██      
[38;2;0;0;0m██[38;2;170;129;210m██[38;2;123;82;163m██[38;2;243;230;122m██[38;2;115;115;99m██[38;2;65;65;65m██[38;2;0;0;0m██[38;2;0;0;0m██[38;2;247;92;87m██[38;2;182;172;87m██[38;2;65;65;65m██[38;2;182;172;87m██[38;2;65;65;65m██[38;2;65;65;65m██[38;2;170;129;210m██[38;2;170;129;210m██[38;2;123;82;163m██[38;2;65;65;65m██[38;2;170;129;210m██[38;2;123;82;163m██[38;2;65;65;65m██[38;2;65;65;65m██[38;2;65;65;65m██[38;2;0;0;0m██        
  [38;2;0;0;0m██[38;2;0;0;0m██[38;2;0;0;0m██[38;2;65;65;65m██[38;2;0;0;0m██[38;2;0;0;0m██[38;2;65;65;65m██[38;2;182;172;87m██[38;2;182;172;87m██[38;2;65;65;65m██[38;2;243;230;122m██[38;2;243;230;122m██[38;2;101;60;141m██[38;2;65;65;65m██[38;2;123;82;163m██[38;2;65;65;65m██[38;2;182;172;87m██[38;2;65;65;65m██[38;2;170;129;210m██[38;2;65;65;65m██[38;2;182;172;87m██[38;2;0;0;0m██          
        [38;2;0;0;0m██[38;2;182;172;87m██[38;2;243;230;122m██[38;2;243;230;122m██[38;2;65;65;65m██[38;2;65;65;65m██[38;2;182;172;87m██[38;2;243;230;122m██[38;2;243;230;122m██[38;2;243;230;122m██[38;2;65;65;65m██[38;2;170;129;210m██[38;2;65;65;65m██[38;2;182;172;87m██[38;2;65;65;65m██[38;2;243;230;122m██[38;2;65;65;65m██[38;2;182;172;87m██[38;2;65;65;65m██[38;2;0;0;0m██        
          [38;2;0;0;0m██[38;2;0;0;0m██[38;2;65;65;65m██[38;2;0;0;0m██[38;2;182;172;87m██[38;2;243;230;122m██[38;2;243;230;122m██[38;2;243;230;122m██[38;2;115;115;99m██[38;2;123;82;163m██[38;2;170;129;210m██[38;2;170;129;210m██[38;2;65;65;65m██[38;2;123;82;163m██[38;2;170;129;210m██[38;2;65;65;65m██[38;2;182;172;87m██[38;2;182;172;87m██[38;2;182;172;87m██[38;2;0;0;0m██      
            [38;2;0;0;0m██[38;2;182;172;87m██[38;2;243;230;122m██[38;2;182;172;87m██[38;2;243;230;122m██[38;2;243;230;122m██[38;2;115;115;99m██[38;2;170;129;210m██[38;2;170;129;210m██[38;2;65;65;65m██[38;2;170;129;210m██[38;2;65;65;65m██[38;2;170;129;210m██[38;2;123;82;163m██[38;2;65;65;65m██[38;2;115;115;99m██[38;2;182;172;87m██[38;2;0;0;0m██        
          [38;2;0;0;0m██[38;2;182;172;87m██[38;2;65;65;65m██[38;2;182;172;87m██[38;2;106;89;109m██[38;2;243;230;122m██[38;2;243;230;122m██[38;2;182;172;87m██[38;2;65;65;65m██[38;2;65;65;65m██[38;2;106;89;109m██[38;2;123;82;163m██[38;2;123;82;163m██[38;2;170;129;210m██[38;2;65;65;65m██[38;2;182;172;87m██[38;2;182;172;87m██[38;2;0;0;0m██          
        [38;2;0;0;0m██[38;2;182;172;87m██[38;2;65;65;65m██[38;2;106;89;109m██[38;2;106;89;109m██[38;2;65;65;65m██[38;2;243;230;122m██[38;2;243;230;122m██[38;2;243;230;122m██[38;2;182;172;87m██[38;2;0;0;0m██[38;2;101;60;141m██[38;2;0;0;0m██[38;2;247;92;87m██[38;2;170;129;210m██[38;2;65;65;65m██[38;2;182;172;87m██[38;2;101;60;141m██[38;2;182;172;87m██[38;2;0;0;0m██        
        [38;2;0;0;0m██[38;2;106;89;109m██[38;2;65;65;65m██[38;2;106;89;109m██[38;2;106;89;109m██[38;2;65;65;65m██[38;2;182;172;87m██[38;2;243;230;122m██[38;2;65;65;65m██[38;2;0;0;0m██  [38;2;0;0;0m██[38;2;65;65;65m██[38;2;215;60;55m██[38;2;170;129;210m██[38;2;123;82;163m██[38;2;65;65;65m██[38;2;123;82;163m██[38;2;101;60;141m██[38;2;0;0;0m██        
          [38;2;0;0;0m██[38;2;123;82;163m██[38;2;65;65;65m██[38;2;65;65;65m██[38;2;243;230;122m██[38;2;115;115;99m██[38;2;115;115;99m██[38;2;243;230;122m██[38;2;0;0;0m██    [38;2;0;0;0m██[38;2;170;129;210m██[38;2;0;0;0m██[38;2;170;129;210m██[38;2;65;65;65m██[38;2;0;0;0m██[38;2;123;82;163m██[38;2;0;0;0m██        
          [38;2;0;0;0m██[38;2;123;82;163m██[38;2;0;0;0m██[38;2;0;0;0m██[38;2;123;82;163m██[38;2;243;230;122m██[38;2;182;172;87m██[38;2;0;0;0m██        [38;2;0;0;0m██  [38;2;0;0;0m██[38;2;0;0;0m██  [38;2;0;0;0m██[38;2;0;0;0m██        
            [38;2;0;0;0m██  [38;2;0;0;0m██[38;2;170;129;210m██[38;2;123;82;163m██[38;2;182;172;87m██[38;2;0;0;0m██                              
                  [38;2;0;0;0m██[38;2;170;129;210m██[38;2;0;0;0m██                                
                  [38;2;0;0;0m██[38;2;170;129;210m██[38;2;0;0;0m██                                
                    [38;2;0;0;0m██                                  
