                          [38;2;0;0;0m██[38;2;0;0;0m██[38;2;0;0;0m██                        
                      [38;2;0;0;0m██[38;2;0;0;0m██[38;2;243;230;122m██[38;2;243;230;122m██[38;2;0;0;0m██                        
                    [38;2;0;0;0m██[38;2;243;230;122m██[38;2;243;230;122m██[38;2;243;230;122m██[38;2;0;0;0m██                          
    [38;2;0;0;0m██            [38;2;0;0;0m██[38;2;243;230;122m██[38;2;243;230;122m██[38;2;243;230;122m██[38;2;115;115;99m██[38;2;0;0;0m██                          
  [38;2;0;0;0m██[38;2;182;172;87m██[38;2;0;0;0m██      [38;2;0;0;0m██[38;2;0;0;0m██[38;2;243;230;122m██[38;2;65;65;65m██[38;2;243;230;122m██[38;2;243;230;122m██[38;2;65;65;65m██[38;2;0;0;0m██                          
  [38;2;0;0;0m██[38;2;182;172;87m██[38;2;182;172;87m██[38;2;0;0;0m██[38;2;0;0;0m██[38;2;0;0;0m██[38;2;243;230;122m██[38;2;243;230;122m██[38;2;65;65;65m██[38;2;243;230;122m██[38;2;0;0;0m██[38;2;182;172;87m██[38;2;65;65;65m██[38;2;0;0;0m██                          
  [38;2;0;0;0m██[38;2;182;172;87m██[38;2;115;115;99m██[38;2;243;230;122m██[38;2;243;230;122m██[38;2;243;230;122m██[38;2;243;230;122m██[38;2;65;65;65m██[38;2;243;230;122m██[38;2;243;230;122m██[38;2;0;0;0m██[38;2;65;65;65m██[38;2;0;0;0m██                      [38;2;0;0;0m██[38;2;0;0;0m██  
    [38;2;65;65;65m██[38;2;243;230;122m██[38;2;243;230;122m██[38;2;243;230;122m██[38;2;243;230;122m██[38;2;243;230;122m██[38;2;65;65;65m██[38;2;243;230;122m██[38;2;243;230;122m██[38;2;0;0;0m██[38;2;65;65;65m██[38;2;0;0;0m██                  [38;2;0;0;0m██[38;2;0;0;0m██[38;2;243;230;122m██[38;2;243;230;122m██[38;2;0;0;0m██
  [38;2;0;0;0m██[38;2;0;0;0m██[38;2;243;230;122m██[38;2;243;230;122m██[38;2;243;230;122m██[38;2;243;230;122m██[38;2;65;65;65m██[38;2;243;230;122m██[38;2;243;230;122m██[38;2;243;230;122m██[38;2;0;0;0m██[38;2;0;0;0m██    [38;2;0;0;0m██[38;2;0;0;0m██    [38;2;0;0;0m██[38;2;0;0;0m██  [38;2;0;0;0m██[38;2;243;230;122m██[38;2;243;230;122m██[38;2;243;230;122m██[38;2;0;0;0m██  
  [38;2;0;0;0m██[38;2;243;230;122m██[38;2;243;230;122m██[38;2;243;230;122m██[38;2;243;230;122m██[38;2;243;230;122m██[38;2;243;230;122m██[38;2;243;230;122m██[38;2;243;230;122m██[38;2;243;230;122m██[38;2;0;0;0m██    [38;2;0;0;0m██[38;2;150;219;249m██[38;2;243;230;122m██[38;2;0;0;0m██[38;2;0;0;0m██[38;2;243;230;122m██[38;2;0;0;0m██[38;2;65;65;65m██[38;2;243;230;122m██[38;2;243;230;122m██[38;2;182;172;87m██[38;2;0;0;0m██    
[38;2;0;0;0m██[38;2;95;164;194m██[38;2;243;230;122m██[38;2;243;230;122m██[38;2;243;230;122m██[38;2;243;230;122m██[38;2;243;230;122m██[38;2;243;230;122m██[38;2;243;230;122m██[38;2;243;230;122m██[38;2;243;230;122m██[38;2;0;0;0m██      [38;2;0;0;0m██[38;2;95;164;194m██[38;2;243;230;122m██[38;2;150;219;249m██[38;2;95;164;194m██[38;2;65;65;65m██[38;2;243;230;122m██[38;2;243;230;122m██[38;2;182;172;87m██[38;2;65;65;65m██[38;2;0;0;0m██    
[38;2;0;0;0m██[38;2;150;219;249m██[38;2;95;164;194m██[38;2;243;230;122m██[38;2;243;230;122m██[38;2;243;230;122m██[38;2;243;230;122m██[38;2;231;247;251m██[38;2;65;65;65m██[38;2;243;230;122m██[38;2;243;230;122m██[38;2;65;65;65m██[38;2;0;0;0m██[38;2;0;0;0m██    [38;2;0;0;0m██[38;2;231;247;251m██[38;2;150;219;249m██[38;2;65;65;65m██[38;2;182;172;87m██[38;2;182;172;87m██[38;2;182;172;87m██[38;2;65;65;65m██[38;2;0;0;0m██      
[38;2;0;0;0m██[38;2;150;219;249m██[38;2;95;164;194m██[38;2;243;230;122m██[38;2;243;230;122m██[38;2;182;172;87m██[38;2;214;99;66m██[38;2;231;247;251m██[38;2;65;65;65m██[38;2;243;230;122m██[38;2;65;65;65m██[38;2;65;65;65m██[38;2;66;135;165m██[38;2;95;164;194m██[38;2;0;0;0m██[38;2;0;0;0m██[38;2;150;219;249m██[38;2;150;219;249m██[38;2;150;219;249m██[38;2;65;65;65m██[38;2;182;172;87m██[38;2;182;172;87m██[38;2;65;65;65m██[38;2;65;65;65m██[38;2;0;0;0m██      
[38;2;0;0;0m██[38;2;150;219;249m██[38;2;95;164;194m██[38;2;243;230;122m██[38;2;115;115;99m██[38;2;65;65;65m██[38;2;0;0;0m██[38;2;0;0;0m██[38;2;231;247;251m██[38;2;182;172;87m██[38;2;65;65;65m██[38;2;182;172;87m██[38;2;65;65;65m██[38;2;65;65;65m██[38;2;150;219;249m██[38;2;150;219;249m██[38;2;95;164;194m██[38;2;65;65;65m██[38;2;150;219;249m██[38;2;95;164;194m██[38;2;65;65;65m██[38;2;65;65;65m██[38;2;65;65;65m██[38;2;0;0;0m██        
  [38;2;0;0;0m██[38;2;0;0;0m██[38;2;0;0;0m██[38;2;65;65;65m██[38;2;0;0;0m██[38;2;0;0;0m██[38;2;65;65;65m██[38;2;182;172;87m██[38;2;182;172;87m██[38;2;65;65;65m██[38;2;243;230;122m██[38;2;243;230;122m██[38;2;66;135;165m██[38;2;65;65;65m██[38;2;95;164;194m██[38;2;65;65;65m██[38;2;182;172;87m██[38;2;65;65;65m██[38;2;150;219;249m██[38;2;65;65;65m██[38;2;182;172;87m██[38;2;0;0;0m██          
        [38;2;0;0;0m██[38;2;182;172;87m██[38;2;243;230;122m██[38;2;243;230;122m██[38;2;65;65;65m██[38;2;65;65;65m██[38;2;182;172;87m██[38;2;243;230;122m██[38;2;243;230;122m██[38;2;243;230;122m██[38;2;65;65;65m██[38;2;150;219;249m██[38;2;65;65;65m██[38;2;182;172;87m██[38;2;65;65;65m██[38;2;243;230;122m██[38;2;65;65;65m██[38;2;182;172;87m██[38;2;65;65;65m██[38;2;0;0;0m██        
          [38;2;0;0;0m██[38;2;0;0;0m██[38;2;65;65;65m██[38;2;0;0;0m██[38;2;182;172;87m██[38;2;243;230;122m██[38;2;243;230;122m██[38;2;243;230;122m██[38;2;115;115;99m██[38;2;95;164;194m██[38;2;150;219;249m██[38;2;150;219;249m██[38;2;65;65;65m██[38;2;95;164;194m██[38;2;150;219;249m██[38;2;65;65;65m██[38;2;182;172;87m██[38;2;182;172;87m██[38;2;182;172;87m██[38;2;0;0;0m██      
            [38;2;0;0;0m██[38;2;182;172;87m██[38;2;243;230;122m██[38;2;182;172;87m██[38;2;243;230;122m██[38;2;243;230;122m██[38;2;115;115;99m██[38;2;150;219;249m██[38;2;150;219;249m██[38;2;65;65;65m██[38;2;150;219;249m██[38;2;65;65;65m██[38;2;150;219;249m██[38;2;95;164;194m██[38;2;65;65;65m██[38;2;115;115;99m██[38;2;182;172;87m██[38;2;0;0;0m██        
          [38;2;0;0;0m██[38;2;182;172;87m██[38;2;65;65;65m██[38;2;182;172;87m██[38;2;84;140;162m██[38;2;243;230;122m██[38;2;243;230;122m██[38;2;182;172;87m██[38;2;65;65;65m██[38;2;65;65;65m██[38;2;84;140;162m██[38;2;95;164;194m██[38;2;95;164;194m██[38;2;150;219;249m██[38;2;65;65;65m██[38;2;182;172;87m██[38;2;182;172;87m██[38;2;0;0;0m██          
        [38;2;0;0;0m██[38;2;182;172;87m██[38;2;65;65;65m██[38;2;84;140;162m██[38;2;84;140;162m██[38;2;65;65;65m██[38;2;243;230;122m██[38;2;243;230;122m██[38;2;243;230;122m██[38;2;182;172;87m██[38;2;0;0;0m██[38;2;66;135;165m██[38;2;0;0;0m██[38;2;231;247;251m██[38;2;150;219;249m██[38;2;65;65;65m██[38;2;182;172;87m██[38;2;66;135;165m██[38;2;182;172;87m██[38;2;0;0;0m██        
        [38;2;0;0;0m██[38;2;84;140;162m██[38;2;65;65;65m██[38;2;84;140;162m██[38;2;84;140;162m██[38;2;65;65;65m██[38;2;182;172;87m██[38;2;243;230;122m██[38;2;65;65;65m██[38;2;0;0;0m██  [38;2;0;0;0m██[38;2;65;65;65m██[38;2;178;191;194m██[38;2;150;219;249m██[38;2;95;164;194m██[38;2;65;65;65m██[38;2;95;164;194m██[38;2;66;135;165m██[38;2;0;0;0m██        
          [38;2;0;0;0m██[38;2;95;164;194m██[38;2;65;65;65m██[38;2;65;65;65m██[38;2;243;230;122m██[38;2;115;115;99m██[38;2;115;115;99m██[38;2;243;230;122m██[38;2;0;0;0m██    [38;2;0;0;0m██[38;2;150;219;249m██[38;2;0;0;0m██[38;2;150;219;249m██[38;2;65;65;65m██[38;2;0;0;0m██[38;2;95;164;194m██[38;2;0;0;0m██        
          [38;2;0;0;0m██[38;2;95;164;194m██[38;2;0;0;0m██[38;2;0;0;0m██[38;2;95;164;194m██[38;2;243;230;122m██[38;2;182;172;87m██[38;2;0;0;0m██        [38;2;0;0;0m██  [38;2;0;0;0m██[38;2;0;0;0m██  [38;2;0;0;0m██[38;2;0;0;0m██        
            [38;2;0;0;0m██  [38;2;0;0;0m██[38;2;150;219;249m██[38;2;95;164;194m██[38;2;182;172;87m██[38;2;0;0;0m██                              
                  [38;2;0;0;0m██[38;2;150;219;249m██[38;2;0;0;0m██                                
                  [38;2;0;0;0m██[38;2;150;219;249m██[38;2;0;0;0m██                                
                    [38;2;0;0;0m██                                  
