        [38;2;0;0;0m██[38;2;0;0;0m██                              
      [38;2;0;0;0m██[38;2;240;188;0m██[38;2;0;0;0m██      [38;2;0;0;0m██[38;2;0;0;0m██                    
    [38;2;0;0;0m██[38;2;240;188;0m██[38;2;0;0;0m██      [38;2;0;0;0m██[38;2;255;219;27m██[38;2;0;0;0m██    [38;2;0;0;0m██[38;2;0;0;0m██            
  [38;2;0;0;0m██[38;2;240;188;0m██[38;2;0;0;0m██      [38;2;0;0;0m██[38;2;255;219;27m██[38;2;0;0;0m██    [38;2;0;0;0m██[38;2;255;219;27m██[38;2;240;188;0m██[38;2;0;0;0m██          
  [38;2;0;0;0m██[38;2;240;188;0m██[38;2;0;0;0m██  [38;2;0;0;0m██[38;2;0;0;0m██[38;2;255;219;27m██[38;2;0;0;0m██    [38;2;0;0;0m██[38;2;255;219;27m██[38;2;65;65;65m██[38;2;255;219;27m██[38;2;0;0;0m██          
[38;2;0;0;0m██[38;2;240;188;0m██[38;2;0;0;0m██  [38;2;0;0;0m██[38;2;65;65;65m██[38;2;255;219;27m██[38;2;65;65;65m██[38;2;189;189;189m██[38;2;0;0;0m██[38;2;0;0;0m██[38;2;0;0;0m██[38;2;255;219;27m██[38;2;255;219;27m██[38;2;0;0;0m██    [38;2;0;0;0m██[38;2;0;0;0m██    
[38;2;0;0;0m██[38;2;240;188;0m██[38;2;65;65;65m██[38;2;0;0;0m██[38;2;189;189;189m██[38;2;65;65;65m██[38;2;255;219;27m██[38;2;65;65;65m██[38;2;189;189;189m██[38;2;189;189;189m██[38;2;189;189;189m██[38;2;189;189;189m██[38;2;240;188;0m██[38;2;0;0;0m██    [38;2;0;0;0m██[38;2;255;219;27m██[38;2;255;219;27m██[38;2;0;0;0m██  
  [38;2;0;0;0m██[38;2;240;188;0m██[38;2;65;65;65m██[38;2;65;65;65m██[38;2;255;219;27m██[38;2;65;65;65m██[38;2;189;189;189m██[38;2;0;0;0m██[38;2;189;189;189m██[38;2;189;189;189m██[38;2;189;189;189m██[38;2;189;189;189m██[38;2;189;189;189m██[38;2;0;0;0m██[38;2;0;0;0m██[38;2;0;0;0m██[38;2;200;150;0m██[38;2;240;188;0m██[38;2;200;150;0m██[38;2;0;0;0m██
    [38;2;0;0;0m██[38;2;255;219;27m██[38;2;255;219;27m██[38;2;255;219;27m██[38;2;255;219;27m██[38;2;65;65;65m██[38;2;189;189;189m██[38;2;189;189;189m██[38;2;65;65;65m██[38;2;65;65;65m██[38;2;189;189;189m██[38;2;140;140;140m██[38;2;140;140;140m██[38;2;140;140;140m██[38;2;140;140;140m██[38;2;140;140;140m██[38;2;200;150;0m██[38;2;255;219;27m██[38;2;0;0;0m██
    [38;2;0;0;0m██[38;2;240;188;0m██[38;2;0;0;0m██[38;2;255;219;27m██[38;2;240;188;0m██[38;2;65;65;65m██[38;2;140;140;140m██[38;2;140;140;140m██[38;2;140;140;140m██[38;2;65;65;65m██[38;2;65;65;65m██[38;2;65;65;65m██[38;2;140;140;140m██[38;2;65;65;65m██[38;2;65;65;65m██[38;2;140;140;140m██[38;2;200;150;0m██[38;2;240;188;0m██[38;2;0;0;0m██
      [38;2;0;0;0m██[38;2;240;188;0m██[38;2;240;188;0m██[38;2;65;65;65m██[38;2;255;219;27m██[38;2;65;65;65m██[38;2;0;0;0m██[38;2;0;0;0m██[38;2;140;140;140m██[38;2;140;140;140m██[38;2;65;65;65m██[38;2;65;65;65m██[38;2;65;65;65m██[38;2;140;140;140m██[38;2;0;0;0m██[38;2;255;219;27m██[38;2;200;150;0m██[38;2;0;0;0m██
        [38;2;0;0;0m██[38;2;0;0;0m██  [38;2;0;0;0m██[38;2;0;0;0m██    [38;2;0;0;0m██[38;2;0;0;0m██[38;2;140;140;140m██[38;2;140;140;140m██[38;2;140;140;140m██[38;2;0;0;0m██  [38;2;0;0;0m██[38;2;0;0;0m██  
                          [38;2;0;0;0m██[38;2;0;0;0m██[38;2;0;0;0m██          
