                  [38;2;0;0;0m██[38;2;0;0;0m██[38;2;0;0;0m██[38;2;0;0;0m██              
            [38;2;0;0;0m██[38;2;0;0;0m██[38;2;0;0;0m██[38;2;214;188;74m██[38;2;214;188;74m██[38;2;214;188;74m██[38;2;214;188;74m██[38;2;0;0;0m██[38;2;0;0;0m██          
        [38;2;0;0;0m██[38;2;0;0;0m██[38;2;214;188;74m██[38;2;214;188;74m██[38;2;214;188;74m██[38;2;214;188;74m██[38;2;214;188;74m██[38;2;214;188;74m██[38;2;214;188;74m██[38;2;214;188;74m██[38;2;214;188;74m██[38;2;0;0;0m██[38;2;0;0;0m██      
    [38;2;0;0;0m██[38;2;0;0;0m██[38;2;214;188;74m██[38;2;214;188;74m██[38;2;214;188;74m██[38;2;214;188;74m██[38;2;214;188;74m██[38;2;214;188;74m██[38;2;0;0;0m██[38;2;0;0;0m██[38;2;214;188;74m██[38;2;214;188;74m██[38;2;214;188;74m██[38;2;214;188;74m██[38;2;214;188;74m██[38;2;0;0;0m██    
  [38;2;0;0;0m██[38;2;214;188;74m██[38;2;214;188;74m██[38;2;156;134;74m██[38;2;65;65;65m██[38;2;65;65;65m██[38;2;214;188;74m██[38;2;214;188;74m██[38;2;0;0;0m██    [38;2;0;0;0m██[38;2;214;188;74m██[38;2;214;188;74m██[38;2;156;134;74m██[38;2;0;0;0m██      
[38;2;0;0;0m██[38;2;214;188;74m██[38;2;156;134;74m██[38;2;65;65;65m██[38;2;199;94;74m██[38;2;243;162;129m██[38;2;243;162;129m██[38;2;65;65;65m██[38;2;65;65;65m██[38;2;0;0;0m██  [38;2;0;0;0m██[38;2;214;188;74m██[38;2;214;188;74m██[38;2;0;0;0m██[38;2;0;0;0m██        
  [38;2;0;0;0m██[38;2;156;134;74m██[38;2;214;188;74m██[38;2;65;65;65m██[38;2;235;181;140m██[38;2;255;200;145m██[38;2;255;200;145m██[38;2;255;200;145m██[38;2;243;162;129m██[38;2;0;0;0m██  [38;2;0;0;0m██[38;2;0;0;0m██            
    [38;2;0;0;0m██[38;2;214;188;74m██[38;2;65;65;65m██[38;2;255;200;145m██[38;2;255;200;145m██[38;2;243;162;129m██[38;2;235;181;140m██[38;2;255;200;145m██[38;2;0;0;0m██                  
  [38;2;0;0;0m██[38;2;243;162;129m██[38;2;199;94;74m██[38;2;255;200;145m██[38;2;255;200;145m██[38;2;255;255;255m██[38;2;214;49;49m██[38;2;255;255;255m██[38;2;235;181;140m██[38;2;255;200;145m██[38;2;0;0;0m██                
  [38;2;0;0;0m██[38;2;255;200;145m██[38;2;255;200;145m██[38;2;255;200;145m██[38;2;255;200;145m██[38;2;0;0;0m██[38;2;214;49;49m██[38;2;255;255;255m██[38;2;255;200;145m██[38;2;255;200;145m██[38;2;0;0;0m██                
  [38;2;0;0;0m██[38;2;255;200;145m██[38;2;243;162;129m██[38;2;255;200;145m██[38;2;255;200;145m██[38;2;247;107;107m██[38;2;247;107;107m██[38;2;255;200;145m██[38;2;255;200;145m██[38;2;255;200;145m██[38;2;0;0;0m██[38;2;0;0;0m██              
    [38;2;0;0;0m██[38;2;255;200;145m██[38;2;255;200;145m██[38;2;243;162;129m██[38;2;243;162;129m██[38;2;255;200;145m██[38;2;255;200;145m██[38;2;255;200;145m██[38;2;255;200;145m██[38;2;199;94;74m██[38;2;156;134;74m██[38;2;0;0;0m██        [38;2;0;0;0m██  
      [38;2;0;0;0m██[38;2;0;0;0m██[38;2;0;0;0m██[38;2;255;200;145m██[38;2;255;200;145m██[38;2;255;200;145m██[38;2;255;200;145m██[38;2;255;200;145m██[38;2;235;181;140m██[38;2;65;65;65m██[38;2;0;0;0m██[38;2;0;0;0m██    [38;2;0;0;0m██[38;2;235;181;140m██[38;2;0;0;0m██
            [38;2;0;0;0m██[38;2;255;200;145m██[38;2;255;200;145m██[38;2;255;200;145m██[38;2;65;65;65m██[38;2;65;65;65m██[38;2;65;65;65m██[38;2;255;200;145m██[38;2;255;200;145m██[38;2;0;0;0m██[38;2;0;0;0m██[38;2;243;162;129m██[38;2;235;181;140m██[38;2;0;0;0m██
          [38;2;0;0;0m██[38;2;0;0;0m██[38;2;255;200;145m██[38;2;65;65;65m██[38;2;255;200;145m██[38;2;65;65;65m██[38;2;156;134;74m██[38;2;214;188;74m██[38;2;65;65;65m██[38;2;255;200;145m██[38;2;255;200;145m██[38;2;255;200;145m██[38;2;199;94;74m██[38;2;243;162;129m██[38;2;0;0;0m██
        [38;2;0;0;0m██[38;2;156;134;74m██[38;2;243;162;129m██[38;2;65;65;65m██[38;2;156;134;74m██[38;2;65;65;65m██[38;2;255;200;145m██[38;2;65;65;65m██[38;2;65;65;65m██[38;2;243;162;129m██[38;2;255;200;145m██[38;2;255;200;145m██[38;2;255;200;145m██[38;2;235;181;140m██[38;2;0;0;0m██  
          [38;2;0;0;0m██[38;2;243;162;129m██[38;2;65;65;65m██[38;2;214;188;74m██[38;2;65;65;65m██[38;2;255;200;145m██[38;2;255;200;145m██[38;2;255;200;145m██[38;2;255;200;145m██[38;2;255;200;145m██[38;2;255;200;145m██[38;2;235;181;140m██[38;2;243;162;129m██[38;2;243;162;129m██[38;2;0;0;0m██
            [38;2;0;0;0m██[38;2;243;162;129m██[38;2;65;65;65m██[38;2;255;200;145m██[38;2;255;200;145m██[38;2;255;200;145m██[38;2;255;200;145m██[38;2;255;200;145m██[38;2;255;200;145m██[38;2;199;94;74m██[38;2;243;162;129m██[38;2;243;162;129m██[38;2;243;162;129m██[38;2;0;0;0m██
            [38;2;0;0;0m██[38;2;199;94;74m██[38;2;243;162;129m██[38;2;243;162;129m██[38;2;255;200;145m██[38;2;255;200;145m██[38;2;255;200;145m██[38;2;243;162;129m██[38;2;255;200;145m██[38;2;243;162;129m██[38;2;199;94;74m██[38;2;235;181;140m██[38;2;235;181;140m██[38;2;0;0;0m██
          [38;2;0;0;0m██[38;2;255;255;255m██[38;2;189;189;189m██[38;2;0;0;0m██[38;2;243;162;129m██[38;2;255;200;145m██[38;2;255;200;145m██[38;2;255;200;145m██[38;2;199;94;74m██[38;2;0;0;0m██[38;2;0;0;0m██[38;2;0;0;0m██[38;2;255;255;255m██[38;2;235;181;140m██[38;2;0;0;0m██
            [38;2;0;0;0m██[38;2;0;0;0m██[38;2;0;0;0m██[38;2;0;0;0m██[38;2;243;162;129m██[38;2;255;200;145m██[38;2;243;162;129m██[38;2;0;0;0m██      [38;2;0;0;0m██[38;2;0;0;0m██  
                  [38;2;0;0;0m██[38;2;255;255;255m██[38;2;255;255;255m██[38;2;199;94;74m██[38;2;0;0;0m██            
                    [38;2;0;0;0m██[38;2;0;0;0m██[38;2;0;0;0m██              
