        [38;2;0;0;0m██[38;2;0;0;0m██[38;2;0;0;0m██[38;2;0;0;0m██                        
      [38;2;0;0;0m██[38;2;247;239;74m██[38;2;247;239;74m██[38;2;247;239;74m██[38;2;247;239;74m██[38;2;0;0;0m██                      
    [38;2;0;0;0m██[38;2;247;239;74m██[38;2;247;239;74m██[38;2;247;239;74m██[38;2;247;239;74m██[38;2;247;239;74m██[38;2;247;239;74m██[38;2;0;0;0m██[38;2;0;0;0m██[38;2;0;0;0m██                
    [38;2;0;0;0m██[38;2;247;239;74m██[38;2;247;239;74m██[38;2;247;239;74m██[38;2;247;239;74m██[38;2;247;239;74m██[38;2;247;239;74m██[38;2;0;0;0m██  [38;2;0;0;0m██[38;2;0;0;0m██              
  [38;2;0;0;0m██[38;2;247;239;74m██[38;2;247;239;74m██[38;2;247;239;74m██[38;2;247;239;74m██[38;2;247;239;74m██[38;2;247;239;74m██[38;2;206;197;107m██[38;2;206;197;107m██[38;2;65;65;65m██[38;2;196;197;22m██[38;2;0;0;0m██              
  [38;2;0;0;0m██[38;2;247;239;74m██[38;2;247;239;74m██[38;2;247;239;74m██[38;2;0;0;0m██[38;2;247;239;74m██[38;2;247;239;74m██[38;2;206;197;107m██[38;2;206;197;107m██[38;2;65;65;65m██[38;2;196;197;22m██[38;2;0;0;0m██  [38;2;0;0;0m██[38;2;0;0;0m██[38;2;0;0;0m██[38;2;0;0;0m██    
  [38;2;0;0;0m██[38;2;247;239;74m██[38;2;247;239;74m██[38;2;247;239;74m██[38;2;247;239;74m██[38;2;247;239;74m██[38;2;206;197;107m██[38;2;206;197;107m██[38;2;65;65;65m██[38;2;196;197;22m██[38;2;196;197;22m██[38;2;0;0;0m██[38;2;0;0;0m██[38;2;213;219;72m██[38;2;213;219;72m██[38;2;196;197;22m██[38;2;196;197;22m██[38;2;0;0;0m██  
  [38;2;0;0;0m██[38;2;247;239;74m██[38;2;247;239;74m██[38;2;247;239;74m██[38;2;247;239;74m██[38;2;206;197;107m██[38;2;206;197;107m██[38;2;206;197;107m██[38;2;0;0;0m██[38;2;0;0;0m██[38;2;65;65;65m██[38;2;213;219;72m██[38;2;109;134;34m██[38;2;109;134;34m██[38;2;109;134;34m██[38;2;213;219;72m██[38;2;213;219;72m██[38;2;213;219;72m██[38;2;0;0;0m██
[38;2;0;0;0m██[38;2;65;65;65m██[38;2;65;65;65m██[38;2;65;65;65m██[38;2;206;197;107m██[38;2;206;197;107m██[38;2;206;197;107m██[38;2;206;197;107m██[38;2;0;0;0m██    [38;2;0;0;0m██[38;2;0;0;0m██[38;2;213;219;72m██[38;2;213;219;72m██[38;2;213;219;72m██[38;2;196;197;22m██[38;2;0;0;0m██[38;2;0;0;0m██  
[38;2;0;0;0m██[38;2;242;192;192m██[38;2;242;192;192m██[38;2;242;192;192m██[38;2;65;65;65m██[38;2;206;197;107m██[38;2;0;0;0m██[38;2;0;0;0m██    [38;2;0;0;0m██    [38;2;0;0;0m██[38;2;0;0;0m██[38;2;0;0;0m██[38;2;0;0;0m██      
  [38;2;0;0;0m██[38;2;65;65;65m██[38;2;210;155;167m██[38;2;210;155;167m██[38;2;0;0;0m██    [38;2;0;0;0m██[38;2;0;0;0m██[38;2;0;0;0m██[38;2;0;0;0m██                
    [38;2;0;0;0m██[38;2;0;0;0m██[38;2;0;0;0m██    [38;2;0;0;0m██[38;2;0;0;0m██    [38;2;0;0;0m██                
              [38;2;0;0;0m██      [38;2;0;0;0m██[38;2;0;0;0m██              
              [38;2;0;0;0m██[38;2;0;0;0m██[38;2;0;0;0m██    [38;2;0;0;0m██[38;2;0;0;0m██            
                [38;2;0;0;0m██      [38;2;0;0;0m██  [38;2;0;0;0m██          
