                [38;2;0;0;0m██[38;2;0;0;0m██              
              [38;2;0;0;0m██[38;2;138;173;214m██[38;2;190;223;255m██[38;2;0;0;0m██            
            [38;2;0;0;0m██[38;2;190;223;255m██[38;2;190;223;255m██[38;2;138;173;214m██[38;2;0;0;0m██            
      [38;2;0;0;0m██[38;2;0;0;0m██  [38;2;0;0;0m██[38;2;190;223;255m██[38;2;190;223;255m██[38;2;138;173;214m██[38;2;190;223;255m██[38;2;0;0;0m██          
    [38;2;0;0;0m██[38;2;138;173;214m██[38;2;190;223;255m██[38;2;0;0;0m██[38;2;92;129;181m██[38;2;190;223;255m██[38;2;190;223;255m██[38;2;92;129;181m██[38;2;138;173;214m██[38;2;0;0;0m██          
    [38;2;0;0;0m██[38;2;190;223;255m██[38;2;190;223;255m██[38;2;190;223;255m██[38;2;190;223;255m██[38;2;92;129;181m██[38;2;190;223;255m██[38;2;92;129;181m██[38;2;138;173;214m██[38;2;0;0;0m██    [38;2;0;0;0m██[38;2;0;0;0m██  
      [38;2;0;0;0m██[38;2;138;173;214m██[38;2;190;223;255m██[38;2;190;223;255m██[38;2;190;223;255m██[38;2;92;129;181m██[38;2;190;223;255m██[38;2;92;129;181m██[38;2;138;173;214m██[38;2;0;0;0m██[38;2;0;0;0m██[38;2;190;223;255m██[38;2;0;0;0m██  
    [38;2;0;0;0m██[38;2;65;65;65m██[38;2;190;223;255m██[38;2;138;173;214m██[38;2;190;223;255m██[38;2;190;223;255m██[38;2;92;129;181m██[38;2;190;223;255m██[38;2;92;129;181m██[38;2;138;173;214m██[38;2;65;65;65m██[38;2;190;223;255m██[38;2;190;223;255m██[38;2;0;0;0m██  
  [38;2;0;0;0m██[38;2;190;223;255m██[38;2;92;129;181m██[38;2;65;65;65m██[38;2;190;223;255m██[38;2;138;173;214m██[38;2;190;223;255m██[38;2;92;129;181m██[38;2;190;223;255m██[38;2;92;129;181m██[38;2;138;173;214m██[38;2;138;173;214m██[38;2;65;65;65m██[38;2;65;65;65m██[38;2;0;0;0m██  
[38;2;0;0;0m██[38;2;190;223;255m██[38;2;90;165;120m██[38;2;255;187;16m██[38;2;65;65;65m██[38;2;190;223;255m██[38;2;190;223;255m██[38;2;92;129;181m██[38;2;190;223;255m██[38;2;190;223;255m██[38;2;190;223;255m██[38;2;92;129;181m██[38;2;138;173;214m██[38;2;138;173;214m██[38;2;92;129;181m██[38;2;0;0;0m██  
[38;2;0;0;0m██[38;2;190;223;255m██[38;2;255;187;16m██[38;2;0;0;0m██[38;2;138;173;214m██[38;2;65;65;65m██[38;2;92;129;181m██[38;2;190;223;255m██[38;2;90;165;120m██[38;2;90;165;120m██[38;2;190;223;255m██[38;2;190;223;255m██[38;2;92;129;181m██[38;2;138;173;214m██[38;2;92;129;181m██[38;2;138;173;214m██[38;2;0;0;0m██
[38;2;0;0;0m██[38;2;190;223;255m██[38;2;255;187;16m██[38;2;90;165;120m██[38;2;190;223;255m██[38;2;190;223;255m██[38;2;190;223;255m██[38;2;90;165;120m██[38;2;0;0;0m██[38;2;255;187;16m██[38;2;90;165;120m██[38;2;190;223;255m██[38;2;190;223;255m██[38;2;138;173;214m██[38;2;138;173;214m██[38;2;92;129;181m██[38;2;0;0;0m██
  [38;2;0;0;0m██[38;2;190;223;255m██[38;2;190;223;255m██[38;2;138;173;214m██[38;2;138;173;214m██[38;2;138;173;214m██[38;2;90;165;120m██[38;2;255;187;16m██[38;2;255;187;16m██[38;2;90;165;120m██[38;2;190;223;255m██[38;2;190;223;255m██[38;2;138;173;214m██[38;2;138;173;214m██[38;2;138;173;214m██[38;2;0;0;0m██
  [38;2;0;0;0m██[38;2;190;223;255m██[38;2;65;65;65m██[38;2;190;223;255m██[38;2;190;223;255m██[38;2;190;223;255m██[38;2;190;223;255m██[38;2;90;165;120m██[38;2;90;165;120m██[38;2;190;223;255m██[38;2;190;223;255m██[38;2;92;129;181m██[38;2;138;173;214m██[38;2;138;173;214m██[38;2;0;0;0m██  
    [38;2;0;0;0m██[38;2;215;201;57m██[38;2;0;0;0m██[38;2;92;129;181m██[38;2;92;129;181m██[38;2;190;223;255m██[38;2;190;223;255m██[38;2;92;129;181m██[38;2;92;129;181m██[38;2;92;129;181m██[38;2;138;173;214m██[38;2;0;0;0m██[38;2;0;0;0m██    
    [38;2;0;0;0m██[38;2;0;0;0m██  [38;2;0;0;0m██[38;2;255;243;139m██[38;2;92;129;181m██[38;2;92;129;181m██[38;2;215;201;57m██[38;2;215;201;57m██[38;2;0;0;0m██[38;2;0;0;0m██[38;2;215;201;57m██[38;2;0;0;0m██    
            [38;2;0;0;0m██[38;2;0;0;0m██[38;2;65;65;65m██[38;2;215;201;57m██[38;2;0;0;0m██    [38;2;0;0;0m██[38;2;0;0;0m██    
                [38;2;0;0;0m██[38;2;0;0;0m██              
