      [38;2;0;0;0m██[38;2;0;0;0m██                        
    [38;2;0;0;0m██[38;2;255;255;255m██[38;2;0;0;0m██                        
    [38;2;0;0;0m██[38;2;255;255;255m██[38;2;0;0;0m██  [38;2;0;0;0m██[38;2;0;0;0m██                  
  [38;2;0;0;0m██[38;2;255;255;255m██[38;2;255;255;255m██[38;2;0;0;0m██[38;2;0;0;0m██[38;2;146;178;217m██[38;2;0;0;0m██                  
  [38;2;0;0;0m██[38;2;255;255;255m██[38;2;255;255;255m██[38;2;255;255;255m██[38;2;72;103;135m██[38;2;146;178;217m██[38;2;146;178;217m██[38;2;0;0;0m██[38;2;0;0;0m██              
[38;2;0;0;0m██[38;2;255;255;255m██[38;2;255;255;255m██[38;2;255;255;255m██[38;2;255;255;255m██[38;2;146;178;217m██[38;2;65;65;65m██[38;2;65;65;65m██[38;2;146;178;217m██[38;2;0;0;0m██              
[38;2;0;0;0m██[38;2;255;255;255m██[38;2;65;65;65m██[38;2;255;255;255m██[38;2;65;65;65m██[38;2;65;65;65m██[38;2;1;220;86m██[38;2;65;65;65m██[38;2;65;65;65m██[38;2;0;0;0m██              
[38;2;0;0;0m██[38;2;0;0;0m██[38;2;65;65;65m██[38;2;255;255;255m██[38;2;72;103;135m██[38;2;65;65;65m██[38;2;44;255;126m██[38;2;65;65;65m██[38;2;0;0;0m██          [38;2;0;0;0m██[38;2;0;0;0m██  
  [38;2;0;0;0m██[38;2;72;103;135m██[38;2;65;65;65m██[38;2;72;103;135m██[38;2;72;103;135m██[38;2;65;65;65m██[38;2;72;103;135m██[38;2;65;65;65m██[38;2;0;0;0m██      [38;2;0;0;0m██[38;2;255;255;255m██[38;2;0;0;0m██  
  [38;2;0;0;0m██[38;2;72;103;135m██[38;2;72;103;135m██[38;2;72;103;135m██[38;2;247;247;41m██[38;2;72;103;135m██[38;2;72;103;135m██[38;2;72;103;135m██[38;2;0;0;0m██  [38;2;0;0;0m██[38;2;0;0;0m██[38;2;255;255;255m██[38;2;255;255;255m██[38;2;0;0;0m██[38;2;0;0;0m██
[38;2;0;0;0m██[38;2;72;103;135m██[38;2;72;103;135m██[38;2;72;103;135m██[38;2;72;103;135m██[38;2;44;255;126m██[38;2;247;247;41m██[38;2;72;103;135m██[38;2;72;103;135m██[38;2;0;0;0m██[38;2;0;0;0m██[38;2;146;178;217m██[38;2;72;103;135m██[38;2;65;65;65m██[38;2;255;255;255m██[38;2;255;255;255m██[38;2;0;0;0m██
[38;2;0;0;0m██[38;2;65;65;65m██[38;2;65;65;65m██[38;2;72;103;135m██[38;2;72;103;135m██[38;2;0;0;0m██[38;2;247;247;41m██[38;2;72;103;135m██[38;2;146;178;217m██[38;2;146;178;217m██[38;2;72;103;135m██[38;2;146;178;217m██[38;2;146;178;217m██[38;2;72;103;135m██[38;2;65;65;65m██[38;2;146;178;217m██[38;2;0;0;0m██
[38;2;0;0;0m██[38;2;65;65;65m██[38;2;65;65;65m██[38;2;72;103;135m██[38;2;72;103;135m██[38;2;206;165;41m██[38;2;72;103;135m██[38;2;72;103;135m██[38;2;72;103;135m██[38;2;146;178;217m██[38;2;72;103;135m██[38;2;72;103;135m██[38;2;146;178;217m██[38;2;72;103;135m██[38;2;72;103;135m██[38;2;0;0;0m██  
  [38;2;0;0;0m██[38;2;0;0;0m██[38;2;0;0;0m██[38;2;65;65;65m██[38;2;72;103;135m██[38;2;72;103;135m██[38;2;72;103;135m██[38;2;72;103;135m██[38;2;72;103;135m██[38;2;72;103;135m██[38;2;72;103;135m██[38;2;72;103;135m██[38;2;72;103;135m██[38;2;146;178;217m██[38;2;0;0;0m██  
      [38;2;0;0;0m██[38;2;72;103;135m██[38;2;72;103;135m██[38;2;72;103;135m██[38;2;146;178;217m██[38;2;255;255;255m██[38;2;72;103;135m██[38;2;72;103;135m██[38;2;72;103;135m██[38;2;72;103;135m██[38;2;146;178;217m██[38;2;146;178;217m██[38;2;0;0;0m██  
      [38;2;0;0;0m██[38;2;146;178;217m██[38;2;255;255;255m██[38;2;255;255;255m██[38;2;255;255;255m██[38;2;72;103;135m██[38;2;72;103;135m██[38;2;72;103;135m██[38;2;65;65;65m██[38;2;0;0;0m██[38;2;72;103;135m██[38;2;72;103;135m██[38;2;0;0;0m██  
      [38;2;0;0;0m██[38;2;65;65;65m██[38;2;146;178;217m██[38;2;146;178;217m██[38;2;72;103;135m██[38;2;72;103;135m██[38;2;72;103;135m██[38;2;72;103;135m██[38;2;0;0;0m██  [38;2;0;0;0m██[38;2;146;178;217m██[38;2;0;0;0m██  
        [38;2;0;0;0m██[38;2;65;65;65m██[38;2;0;0;0m██[38;2;0;0;0m██[38;2;72;103;135m██[38;2;72;103;135m██[38;2;0;0;0m██    [38;2;0;0;0m██[38;2;72;103;135m██[38;2;0;0;0m██  
        [38;2;0;0;0m██[38;2;146;178;217m██[38;2;0;0;0m██  [38;2;0;0;0m██[38;2;72;103;135m██[38;2;0;0;0m██    [38;2;0;0;0m██[38;2;0;0;0m██    
        [38;2;0;0;0m██[38;2;72;103;135m██[38;2;0;0;0m██  [38;2;0;0;0m██[38;2;146;178;217m██[38;2;0;0;0m██            
        [38;2;0;0;0m██[38;2;0;0;0m██    [38;2;0;0;0m██[38;2;72;103;135m██[38;2;0;0;0m██            
                [38;2;0;0;0m██[38;2;0;0;0m██              
