            [38;2;0;0;0m██[38;2;0;0;0m██[38;2;0;0;0m██                            
          [38;2;0;0;0m██[38;2;139;139;139m██[38;2;197;197;197m██[38;2;139;139;139m██[38;2;0;0;0m██      [38;2;0;0;0m██[38;2;0;0;0m██[38;2;0;0;0m██              
          [38;2;0;0;0m██[38;2;197;197;197m██[38;2;197;197;197m██[38;2;197;197;197m██[38;2;0;0;0m██    [38;2;0;0;0m██[38;2;172;172;172m██[38;2;255;255;255m██[38;2;172;172;172m██[38;2;0;0;0m██            
          [38;2;0;0;0m██[38;2;139;139;139m██[38;2;197;197;197m██[38;2;139;139;139m██[38;2;0;0;0m██    [38;2;0;0;0m██[38;2;255;255;255m██[38;2;255;255;255m██[38;2;255;255;255m██[38;2;0;0;0m██            
            [38;2;0;0;0m██[38;2;204;154;146m██[38;2;0;0;0m██      [38;2;0;0;0m██[38;2;172;172;172m██[38;2;255;255;255m██[38;2;172;172;172m██[38;2;0;0;0m██            
          [38;2;0;0;0m██[38;2;105;106;185m██[38;2;74;74;74m██[38;2;0;0;0m██[38;2;0;0;0m██[38;2;0;0;0m██  [38;2;0;0;0m██[38;2;244;202;194m██[38;2;244;202;194m██[38;2;0;0;0m██              
          [38;2;0;0;0m██[38;2;74;74;74m██[38;2;141;142;221m██[38;2;141;142;221m██[38;2;141;142;221m██[38;2;74;74;74m██[38;2;0;0;0m██[38;2;141;142;221m██[38;2;244;202;194m██[38;2;244;202;194m██[38;2;0;0;0m██              
  [38;2;0;0;0m██[38;2;0;0;0m██  [38;2;0;0;0m██[38;2;141;142;221m██[38;2;141;142;221m██[38;2;141;142;221m██[38;2;141;142;221m██[38;2;141;142;221m██[38;2;141;142;221m██[38;2;105;106;185m██[38;2;141;142;221m██[38;2;141;142;221m██[38;2;0;0;0m██                
[38;2;0;0;0m██[38;2;238;139;180m██[38;2;238;139;180m██[38;2;0;0;0m██[38;2;74;74;74m██[38;2;105;106;185m██[38;2;141;142;221m██[38;2;141;142;221m██[38;2;141;142;221m██[38;2;255;255;255m██[38;2;74;74;74m██[38;2;141;142;221m██[38;2;105;106;185m██[38;2;0;0;0m██                  
[38;2;0;0;0m██[38;2;238;139;180m██[38;2;238;139;180m██[38;2;213;106;156m██[38;2;255;255;255m██[38;2;255;255;255m██[38;2;141;142;221m██[38;2;141;142;221m██[38;2;74;74;74m██[38;2;0;0;0m██[38;2;255;255;255m██[38;2;141;142;221m██[38;2;141;142;221m██[38;2;0;0;0m██                  
  [38;2;0;0;0m██[38;2;213;106;156m██[38;2;255;255;255m██[38;2;255;255;255m██[38;2;244;202;194m██[38;2;141;142;221m██[38;2;141;142;221m██[38;2;0;0;0m██[38;2;213;106;156m██[38;2;255;255;255m██[38;2;141;142;221m██[38;2;105;106;185m██[38;2;0;0;0m██                  
    [38;2;0;0;0m██[38;2;244;202;194m██[38;2;255;255;255m██[38;2;141;142;221m██[38;2;141;142;221m██[38;2;141;142;221m██[38;2;74;74;74m██[38;2;0;0;0m██[38;2;141;142;221m██[38;2;141;142;221m██[38;2;0;0;0m██                    
      [38;2;0;0;0m██[38;2;141;142;221m██[38;2;141;142;221m██[38;2;141;142;221m██[38;2;141;142;221m██[38;2;141;142;221m██[38;2;141;142;221m██[38;2;141;142;221m██[38;2;105;106;185m██[38;2;0;0;0m██                    
        [38;2;0;0;0m██[38;2;0;0;0m██[38;2;141;142;221m██[38;2;141;142;221m██[38;2;141;142;221m██[38;2;105;106;185m██[38;2;105;106;185m██[38;2;105;106;185m██[38;2;105;106;185m██[38;2;0;0;0m██[38;2;0;0;0m██                
            [38;2;0;0;0m██[38;2;105;106;185m██[38;2;105;106;185m██[38;2;105;106;185m██[38;2;105;106;185m██[38;2;105;106;185m██[38;2;105;106;185m██[38;2;105;106;185m██[38;2;255;255;255m██[38;2;0;0;0m██              
            [38;2;0;0;0m██[38;2;105;106;185m██[38;2;105;106;185m██[38;2;74;74;74m██[38;2;105;106;185m██[38;2;105;106;185m██[38;2;74;74;74m██[38;2;255;255;255m██[38;2;255;255;255m██[38;2;74;74;74m██[38;2;0;0;0m██            
            [38;2;0;0;0m██[38;2;105;106;185m██[38;2;197;197;197m██[38;2;74;74;74m██[38;2;105;106;185m██[38;2;105;106;185m██[38;2;74;74;74m██[38;2;255;255;255m██[38;2;244;202;194m██[38;2;244;202;194m██[38;2;255;255;255m██[38;2;0;0;0m██          
          [38;2;0;0;0m██[38;2;105;106;185m██[38;2;105;106;185m██[38;2;74;74;74m██[38;2;141;142;221m██[38;2;141;142;221m██[38;2;74;74;74m██[38;2;255;255;255m██[38;2;255;255;255m██[38;2;244;202;194m██[38;2;244;202;194m██[38;2;255;255;255m██[38;2;0;0;0m██          
        [38;2;0;0;0m██[38;2;105;106;185m██[38;2;105;106;185m██[38;2;204;154;146m██[38;2;74;74;74m██[38;2;141;142;221m██[38;2;141;142;221m██[38;2;74;74;74m██[38;2;244;202;194m██[38;2;244;202;194m██[38;2;255;255;255m██[38;2;255;255;255m██[38;2;74;74;74m██[38;2;105;106;185m██[38;2;0;0;0m██[38;2;0;0;0m██[38;2;0;0;0m██[38;2;0;0;0m██  
    [38;2;0;0;0m██[38;2;0;0;0m██[38;2;197;197;197m██[38;2;105;106;185m██[38;2;0;0;0m██[38;2;74;74;74m██[38;2;141;142;221m██[38;2;141;142;221m██[38;2;141;142;221m██[38;2;74;74;74m██[38;2;244;202;194m██[38;2;244;202;194m██[38;2;255;255;255m██[38;2;255;255;255m██[38;2;74;74;74m██[38;2;105;106;185m██[38;2;74;74;74m██[38;2;105;106;185m██[38;2;197;197;197m██[38;2;197;197;197m██[38;2;0;0;0m██
  [38;2;0;0;0m██[38;2;197;197;197m██[38;2;197;197;197m██[38;2;105;106;185m██[38;2;0;0;0m██  [38;2;0;0;0m██[38;2;255;255;255m██[38;2;141;142;221m██[38;2;105;106;185m██[38;2;74;74;74m██[38;2;255;255;255m██[38;2;255;255;255m██[38;2;255;255;255m██[38;2;74;74;74m██[38;2;0;0;0m██[38;2;0;0;0m██[38;2;0;0;0m██[38;2;0;0;0m██[38;2;0;0;0m██[38;2;0;0;0m██  
    [38;2;0;0;0m██[38;2;0;0;0m██[38;2;0;0;0m██  [38;2;0;0;0m██[38;2;255;255;255m██[38;2;172;172;172m██[38;2;255;255;255m██[38;2;0;0;0m██[38;2;0;0;0m██[38;2;0;0;0m██[38;2;0;0;0m██[38;2;0;0;0m██[38;2;0;0;0m██              
            [38;2;0;0;0m██[38;2;172;172;172m██[38;2;255;255;255m██[38;2;74;74;74m██[38;2;0;0;0m██                        
              [38;2;0;0;0m██[38;2;0;0;0m██[38;2;0;0;0m██                          
