          [38;2;0;0;0m██[38;2;0;0;0m██            
  [38;2;0;0;0m██[38;2;0;0;0m██  [38;2;0;0;0m██[38;2;72;158;65m██[38;2;40;125;64m██[38;2;0;0;0m██          
[38;2;0;0;0m██[38;2;72;158;65m██[38;2;40;125;64m██[38;2;0;0;0m██[38;2;0;0;0m██[38;2;40;125;64m██[38;2;40;125;64m██[38;2;0;0;0m██[38;2;0;0;0m██  [38;2;0;0;0m██[38;2;0;0;0m██  
[38;2;0;0;0m██[38;2;40;125;64m██[38;2;65;65;65m██[38;2;100;186;93m██[38;2;100;186;93m██[38;2;65;65;65m██[38;2;65;65;65m██[38;2;72;158;65m██[38;2;72;158;65m██[38;2;0;0;0m██[38;2;72;158;65m██[38;2;40;125;64m██[38;2;0;0;0m██
  [38;2;0;0;0m██[38;2;100;186;93m██[38;2;40;125;64m██[38;2;40;125;64m██[38;2;40;125;64m██[38;2;40;125;64m██[38;2;100;186;93m██[38;2;100;186;93m██[38;2;65;65;65m██[38;2;40;125;64m██[38;2;40;125;64m██[38;2;0;0;0m██
  [38;2;0;0;0m██[38;2;72;158;65m██[38;2;72;158;65m██[38;2;72;158;65m██[38;2;72;158;65m██[38;2;72;158;65m██[38;2;40;125;64m██[38;2;100;186;93m██[38;2;100;186;93m██[38;2;65;65;65m██[38;2;0;0;0m██  
[38;2;0;0;0m██[38;2;247;247;41m██[38;2;100;186;93m██[38;2;40;125;64m██[38;2;72;158;65m██[38;2;100;186;93m██[38;2;40;125;64m██[38;2;72;158;65m██[38;2;40;125;64m██[38;2;100;186;93m██[38;2;100;186;93m██[38;2;72;158;65m██[38;2;0;0;0m██
[38;2;0;0;0m██[38;2;0;0;0m██[38;2;40;125;64m██[38;2;65;65;65m██[38;2;65;65;65m██[38;2;72;158;65m██[38;2;247;247;41m██[38;2;189;165;66m██[38;2;40;125;64m██[38;2;100;186;93m██[38;2;100;186;93m██[38;2;72;158;65m██[38;2;0;0;0m██
[38;2;0;0;0m██[38;2;247;247;41m██[38;2;65;65;65m██[38;2;100;186;93m██[38;2;72;158;65m██[38;2;65;65;65m██[38;2;0;0;0m██[38;2;247;247;41m██[38;2;40;125;64m██[38;2;100;186;93m██[38;2;100;186;93m██[38;2;72;158;65m██[38;2;0;0;0m██
  [38;2;0;0;0m██[38;2;65;65;65m██[38;2;72;158;65m██[38;2;72;158;65m██[38;2;65;65;65m██[38;2;247;247;41m██[38;2;189;165;66m██[38;2;40;125;64m██[38;2;100;186;93m██[38;2;65;65;65m██[38;2;0;0;0m██  
[38;2;0;0;0m██[38;2;40;125;64m██[38;2;65;65;65m██[38;2;65;65;65m██[38;2;65;65;65m██[38;2;100;186;93m██[38;2;40;125;64m██[38;2;40;125;64m██[38;2;100;186;93m██[38;2;65;65;65m██[38;2;72;158;65m██[38;2;40;125;64m██[38;2;0;0;0m██
[38;2;0;0;0m██[38;2;40;125;64m██[38;2;65;65;65m██[38;2;72;158;65m██[38;2;72;158;65m██[38;2;40;125;64m██[38;2;40;125;64m██[38;2;100;186;93m██[38;2;100;186;93m██[38;2;65;65;65m██[38;2;40;125;64m██[38;2;40;125;64m██[38;2;0;0;0m██
  [38;2;0;0;0m██[38;2;0;0;0m██[38;2;65;65;65m██[38;2;65;65;65m██[38;2;72;158;65m██[38;2;72;158;65m██[38;2;72;158;65m██[38;2;72;158;65m██[38;2;72;158;65m██[38;2;0;0;0m██[38;2;0;0;0m██  
      [38;2;0;0;0m██[38;2;0;0;0m██[38;2;65;65;65m██[38;2;65;65;65m██[38;2;65;65;65m██[38;2;0;0;0m██[38;2;0;0;0m██      
        [38;2;0;0;0m██[38;2;40;125;64m██[38;2;40;125;64m██[38;2;0;0;0m██          
          [38;2;0;0;0m██[38;2;0;0;0m██            
