                  [38;2;0;0;0m██[38;2;0;0;0m██          
                [38;2;0;0;0m██[38;2;107;137;156m██[38;2;0;0;0m██          
              [38;2;0;0;0m██[38;2;107;137;156m██[38;2;107;137;156m██[38;2;0;0;0m██          
              [38;2;0;0;0m██[38;2;65;65;65m██[38;2;65;65;65m██[38;2;0;0;0m██          
              [38;2;0;0;0m██[38;2;107;137;156m██[38;2;107;137;156m██[38;2;0;0;0m██          
            [38;2;0;0;0m██[38;2;107;137;156m██[38;2;65;65;65m██[38;2;65;65;65m██[38;2;107;137;156m██[38;2;0;0;0m██        
          [38;2;0;0;0m██[38;2;0;0;0m██[38;2;65;65;65m██[38;2;107;137;156m██[38;2;107;137;156m██[38;2;65;65;65m██[38;2;0;0;0m██        
        [38;2;0;0;0m██[38;2;255;156;148m██[38;2;255;156;148m██[38;2;214;115;123m██[38;2;65;65;65m██[38;2;65;65;65m██[38;2;214;115;123m██[38;2;255;156;148m██[38;2;0;0;0m██      
      [38;2;0;0;0m██[38;2;255;156;148m██[38;2;255;156;148m██[38;2;255;156;148m██[38;2;255;156;148m██[38;2;255;156;148m██[38;2;255;156;148m██[38;2;255;156;148m██[38;2;255;156;148m██[38;2;255;156;148m██[38;2;0;0;0m██    
    [38;2;0;0;0m██[38;2;255;156;148m██[38;2;255;156;148m██[38;2;65;65;65m██[38;2;65;65;65m██[38;2;65;65;65m██[38;2;214;115;123m██[38;2;255;156;148m██[38;2;255;156;148m██[38;2;255;156;148m██[38;2;255;156;148m██[38;2;255;156;148m██[38;2;0;0;0m██  
    [38;2;0;0;0m██[38;2;255;156;148m██[38;2;65;65;65m██[38;2;107;137;156m██[38;2;107;137;156m██[38;2;107;137;156m██[38;2;65;65;65m██[38;2;65;65;65m██[38;2;255;156;148m██[38;2;255;156;148m██[38;2;255;156;148m██[38;2;255;156;148m██[38;2;0;0;0m██  
  [38;2;0;0;0m██[38;2;255;156;148m██[38;2;65;65;65m██[38;2;255;206;58m██[38;2;65;65;65m██[38;2;107;137;156m██[38;2;107;137;156m██[38;2;107;137;156m██[38;2;255;206;58m██[38;2;65;65;65m██[38;2;255;156;148m██[38;2;255;156;148m██[38;2;255;156;148m██[38;2;255;156;148m██[38;2;0;0;0m██
  [38;2;0;0;0m██[38;2;255;156;148m██[38;2;65;65;65m██[38;2;107;137;156m██[38;2;0;0;0m██[38;2;65;65;65m██[38;2;107;137;156m██[38;2;107;137;156m██[38;2;0;0;0m██[38;2;189;165;66m██[38;2;65;65;65m██[38;2;255;156;148m██[38;2;255;156;148m██[38;2;255;156;148m██[38;2;0;0;0m██
  [38;2;0;0;0m██[38;2;255;156;148m██[38;2;181;82;90m██[38;2;0;0;0m██[38;2;107;137;156m██[38;2;107;137;156m██[38;2;107;137;156m██[38;2;107;137;156m██[38;2;255;206;58m██[38;2;107;137;156m██[38;2;65;65;65m██[38;2;255;156;148m██[38;2;255;156;148m██[38;2;0;0;0m██  
  [38;2;0;0;0m██[38;2;255;156;148m██[38;2;181;82;90m██[38;2;255;156;148m██[38;2;0;0;0m██[38;2;65;65;65m██[38;2;107;137;156m██[38;2;107;137;156m██[38;2;107;137;156m██[38;2;65;65;65m██[38;2;255;156;148m██[38;2;255;156;148m██[38;2;255;156;148m██[38;2;181;82;90m██[38;2;0;0;0m██
    [38;2;0;0;0m██[38;2;255;156;148m██[38;2;255;156;148m██[38;2;181;82;90m██[38;2;255;156;148m██[38;2;65;65;65m██[38;2;65;65;65m██[38;2;65;65;65m██[38;2;255;156;148m██[38;2;181;82;90m██[38;2;255;156;148m██[38;2;255;156;148m██[38;2;214;115;123m██[38;2;0;0;0m██
    [38;2;0;0;0m██[38;2;65;65;65m██[38;2;214;115;123m██[38;2;255;156;148m██[38;2;255;156;148m██[38;2;255;156;148m██[38;2;255;156;148m██[38;2;181;82;90m██[38;2;255;156;148m██[38;2;181;82;90m██[38;2;255;156;148m██[38;2;214;115;123m██[38;2;181;82;90m██[38;2;0;0;0m██
  [38;2;0;0;0m██[38;2;65;65;65m██[38;2;189;189;189m██[38;2;65;65;65m██[38;2;255;156;148m██[38;2;255;156;148m██[38;2;255;156;148m██[38;2;255;156;148m██[38;2;181;82;90m██[38;2;255;156;148m██[38;2;255;156;148m██[38;2;214;115;123m██[38;2;214;115;123m██[38;2;0;0;0m██  
[38;2;0;0;0m██[38;2;65;65;65m██[38;2;189;189;189m██[38;2;65;65;65m██[38;2;181;82;90m██[38;2;214;115;123m██[38;2;255;156;148m██[38;2;255;156;148m██[38;2;214;115;123m██[38;2;214;115;123m██[38;2;65;65;65m██[38;2;181;82;90m██[38;2;214;115;123m██[38;2;0;0;0m██    
[38;2;0;0;0m██[38;2;189;189;189m██[38;2;65;65;65m██[38;2;0;0;0m██[38;2;65;65;65m██[38;2;214;115;123m██[38;2;214;115;123m██[38;2;214;115;123m██[38;2;214;115;123m██[38;2;65;65;65m██[38;2;189;189;189m██[38;2;65;65;65m██[38;2;0;0;0m██      
[38;2;0;0;0m██[38;2;0;0;0m██[38;2;0;0;0m██  [38;2;0;0;0m██[38;2;214;115;123m██[38;2;214;115;123m██[38;2;214;115;123m██[38;2;214;115;123m██[38;2;214;115;123m██[38;2;65;65;65m██[38;2;189;189;189m██[38;2;65;65;65m██[38;2;0;0;0m██    
          [38;2;0;0;0m██[38;2;214;115;123m██[38;2;214;115;123m██[38;2;214;115;123m██[38;2;0;0;0m██[38;2;0;0;0m██[38;2;65;65;65m██[38;2;189;189;189m██[38;2;0;0;0m██    
            [38;2;0;0;0m██[38;2;0;0;0m██[38;2;0;0;0m██    [38;2;0;0;0m██[38;2;0;0;0m██[38;2;0;0;0m██    
