                                [38;2;0;0;0m██[38;2;0;0;0m██[38;2;0;0;0m██[38;2;0;0;0m██                      
                            [38;2;0;0;0m██[38;2;0;0;0m██[38;2;255;172;1m██[38;2;255;226;0m██[38;2;255;226;0m██[38;2;255;226;0m██[38;2;0;0;0m██                    
                          [38;2;0;0;0m██[38;2;209;118;1m██[38;2;255;226;0m██[38;2;255;226;0m██[38;2;255;226;0m██[38;2;255;226;0m██[38;2;255;172;1m██[38;2;255;226;0m██[38;2;0;0;0m██                  
                          [38;2;0;0;0m██[38;2;255;172;1m██[38;2;255;172;1m██[38;2;255;226;0m██[38;2;255;172;1m██[38;2;255;226;0m██[38;2;255;226;0m██[38;2;255;141;1m██[38;2;0;0;0m██                  
                          [38;2;0;0;0m██[38;2;219;193;145m██[38;2;255;118;0m██[38;2;255;118;0m██[38;2;219;193;145m██[38;2;255;172;1m██[38;2;255;172;1m██[38;2;164;138;90m██[38;2;0;0;0m██                  
              [38;2;0;0;0m██[38;2;0;0;0m██      [38;2;0;0;0m██[38;2;219;193;145m██[38;2;219;193;145m██[38;2;219;193;145m██[38;2;164;138;90m██[38;2;219;193;145m██[38;2;164;138;90m██[38;2;255;118;0m██[38;2;164;138;90m██[38;2;164;138;90m██[38;2;0;0;0m██                
            [38;2;0;0;0m██[38;2;127;126;161m██[38;2;0;0;0m██    [38;2;0;0;0m██[38;2;219;193;145m██[38;2;164;138;90m██[38;2;219;193;145m██[38;2;219;193;145m██[38;2;164;138;90m██[38;2;219;193;145m██[38;2;219;193;145m██[38;2;255;118;0m██[38;2;255;118;0m██[38;2;219;193;145m██[38;2;0;0;0m██                
      [38;2;0;0;0m██  [38;2;0;0;0m██[38;2;127;126;161m██[38;2;127;126;161m██[38;2;0;0;0m██  [38;2;0;0;0m██[38;2;65;65;65m██[38;2;65;65;65m██[38;2;219;193;145m██[38;2;219;193;145m██[38;2;164;138;90m██[38;2;219;193;145m██[38;2;219;193;145m██[38;2;219;193;145m██[38;2;164;138;90m██[38;2;255;118;0m██[38;2;164;138;90m██[38;2;164;138;90m██[38;2;0;0;0m██              
    [38;2;0;0;0m██[38;2;102;100;133m██[38;2;0;0;0m██[38;2;0;0;0m██[38;2;127;126;161m██[38;2;127;126;161m██[38;2;127;126;161m██[38;2;0;0;0m██[38;2;79;78;103m██[38;2;127;126;161m██[38;2;65;65;65m██[38;2;219;193;145m██[38;2;219;193;145m██[38;2;219;193;145m██[38;2;219;193;145m██[38;2;164;138;90m██[38;2;219;193;145m██[38;2;164;138;90m██[38;2;255;118;0m██[38;2;255;118;0m██[38;2;219;193;145m██[38;2;164;138;90m██[38;2;0;0;0m██            
    [38;2;0;0;0m██[38;2;102;100;133m██[38;2;102;100;133m██[38;2;79;78;103m██[38;2;127;126;161m██[38;2;127;126;161m██[38;2;127;126;161m██[38;2;79;78;103m██[38;2;127;126;161m██[38;2;127;126;161m██[38;2;65;65;65m██[38;2;164;138;90m██[38;2;219;193;145m██[38;2;219;193;145m██[38;2;219;193;145m██[38;2;164;138;90m██[38;2;219;193;145m██[38;2;255;118;0m██[38;2;255;118;0m██[38;2;255;118;0m██[38;2;255;118;0m██[38;2;65;65;65m██[38;2;0;0;0m██[38;2;0;0;0m██          
[38;2;0;0;0m██[38;2;0;0;0m██[38;2;79;78;103m██[38;2;102;100;133m██[38;2;102;100;133m██[38;2;79;78;103m██[38;2;102;100;133m██[38;2;127;126;161m██[38;2;79;78;103m██[38;2;127;126;161m██[38;2;127;126;161m██[38;2;102;100;133m██[38;2;65;65;65m██[38;2;65;65;65m██[38;2;65;65;65m██[38;2;65;65;65m██[38;2;219;193;145m██[38;2;164;138;90m██[38;2;255;118;0m██[38;2;65;65;65m██[38;2;65;65;65m██[38;2;255;118;0m██[38;2;65;65;65m██[38;2;65;65;65m██[38;2;123;123;106m██[38;2;123;123;106m██[38;2;0;0;0m██        
[38;2;0;0;0m██[38;2;102;100;133m██[38;2;102;100;133m██[38;2;79;78;103m██[38;2;79;78;103m██[38;2;127;126;161m██[38;2;79;78;103m██[38;2;127;126;161m██[38;2;79;78;103m██[38;2;127;126;161m██[38;2;127;126;161m██[38;2;79;78;103m██[38;2;65;65;65m██[38;2;127;126;161m██[38;2;127;126;161m██[38;2;127;126;161m██[38;2;65;65;65m██[38;2;255;118;0m██[38;2;65;65;65m██[38;2;123;123;106m██[38;2;65;65;65m██[38;2;65;65;65m██[38;2;123;123;106m██[38;2;123;123;106m██[38;2;65;65;65m██[38;2;123;123;106m██[38;2;123;123;106m██[38;2;0;0;0m██      
  [38;2;0;0;0m██[38;2;102;100;133m██[38;2;79;78;103m██[38;2;127;126;161m██[38;2;127;126;161m██[38;2;127;126;161m██[38;2;127;126;161m██[38;2;127;126;161m██[38;2;127;126;161m██[38;2;102;100;133m██[38;2;65;65;65m██[38;2;127;126;161m██[38;2;127;126;161m██[38;2;127;126;161m██[38;2;65;65;65m██[38;2;255;118;0m██[38;2;65;65;65m██[38;2;123;123;106m██[38;2;123;123;106m██[38;2;123;123;106m██[38;2;65;65;65m██[38;2;65;65;65m██[38;2;123;123;106m██[38;2;65;65;65m██[38;2;65;65;65m██[38;2;65;65;65m██[38;2;0;0;0m██      
    [38;2;0;0;0m██[38;2;127;126;161m██[38;2;65;65;65m██[38;2;127;126;161m██[38;2;65;65;65m██[38;2;127;126;161m██[38;2;127;126;161m██[38;2;127;126;161m██[38;2;127;126;161m██[38;2;127;126;161m██[38;2;127;126;161m██[38;2;102;100;133m██[38;2;65;65;65m██[38;2;255;118;0m██[38;2;65;65;65m██[38;2;65;65;65m██[38;2;65;65;65m██[38;2;123;123;106m██[38;2;123;123;106m██[38;2;65;65;65m██[38;2;65;65;65m██[38;2;65;65;65m██[38;2;127;126;161m██[38;2;65;65;65m██[38;2;127;126;161m██[38;2;65;65;65m██[38;2;0;0;0m██    
    [38;2;0;0;0m██[38;2;115;106;74m██[38;2;65;65;65m██[38;2;65;65;65m██[38;2;65;65;65m██[38;2;115;106;74m██[38;2;127;126;161m██[38;2;127;126;161m██[38;2;127;126;161m██[38;2;65;65;65m██[38;2;65;65;65m██[38;2;65;65;65m██[38;2;65;65;65m██[38;2;255;118;0m██[38;2;65;65;65m██[38;2;65;65;65m██[38;2;65;65;65m██[38;2;65;65;65m██[38;2;65;65;65m██[38;2;255;118;0m██[38;2;65;65;65m██[38;2;65;65;65m██[38;2;255;226;0m██[38;2;65;65;65m██[38;2;255;226;0m██[38;2;65;65;65m██[38;2;0;0;0m██    
    [38;2;0;0;0m██[38;2;65;65;65m██[38;2;102;100;133m██[38;2;65;65;65m██[38;2;127;126;161m██[38;2;65;65;65m██[38;2;127;126;161m██[38;2;102;100;133m██[38;2;127;126;161m██[38;2;102;100;133m██[38;2;65;65;65m██[38;2;102;100;133m██[38;2;65;65;65m██[38;2;127;126;161m██[38;2;65;65;65m██[38;2;65;65;65m██[38;2;65;65;65m██[38;2;65;65;65m██[38;2;65;65;65m██[38;2;127;126;161m██[38;2;65;65;65m██[38;2;255;226;0m██[38;2;65;65;65m██[38;2;255;226;0m██[38;2;65;65;65m██[38;2;123;123;106m██[38;2;102;100;133m██[38;2;0;0;0m██  
    [38;2;0;0;0m██[38;2;255;255;255m██[38;2;219;193;145m██[38;2;102;100;133m██[38;2;219;193;145m██[38;2;164;138;90m██[38;2;127;126;161m██[38;2;0;0;0m██[38;2;255;255;255m██[38;2;65;65;65m██[38;2;102;100;133m██[38;2;65;65;65m██[38;2;123;123;106m██[38;2;65;65;65m██[38;2;255;226;0m██[38;2;65;65;65m██[38;2;65;65;65m██[38;2;65;65;65m██[38;2;255;226;0m██[38;2;255;226;0m██[38;2;255;226;0m██[38;2;65;65;65m██[38;2;65;65;65m██[38;2;65;65;65m██[38;2;65;65;65m██[38;2;65;65;65m██[38;2;102;100;133m██[38;2;79;78;103m██[38;2;0;0;0m██
      [38;2;0;0;0m██[38;2;219;193;145m██[38;2;219;193;145m██[38;2;219;193;145m██[38;2;164;138;90m██[38;2;255;255;255m██[38;2;255;255;255m██[38;2;255;255;255m██[38;2;164;138;90m██[38;2;65;65;65m██[38;2;65;65;65m██[38;2;65;65;65m██[38;2;65;65;65m██[38;2;65;65;65m██[38;2;255;226;0m██[38;2;255;226;0m██[38;2;255;226;0m██[38;2;123;123;106m██[38;2;65;65;65m██[38;2;65;65;65m██[38;2;65;65;65m██[38;2;123;123;106m██[38;2;65;65;65m██[38;2;102;100;133m██[38;2;102;100;133m██[38;2;79;78;103m██[38;2;102;100;133m██[38;2;0;0;0m██
    [38;2;0;0;0m██[38;2;219;193;145m██[38;2;219;193;145m██[38;2;219;193;145m██[38;2;219;193;145m██[38;2;219;193;145m██[38;2;164;138;90m██[38;2;255;255;255m██[38;2;164;138;90m██[38;2;164;138;90m██[38;2;65;65;65m██[38;2;102;100;133m██[38;2;65;65;65m██[38;2;65;65;65m██[38;2;123;123;106m██[38;2;65;65;65m██[38;2;65;65;65m██[38;2;123;123;106m██[38;2;65;65;65m██[38;2;123;123;106m██[38;2;123;123;106m██[38;2;65;65;65m██[38;2;65;65;65m██[38;2;102;100;133m██[38;2;102;100;133m██[38;2;79;78;103m██[38;2;102;100;133m██[38;2;0;0;0m██  
    [38;2;0;0;0m██[38;2;219;193;145m██[38;2;219;193;145m██[38;2;219;193;145m██[38;2;219;193;145m██[38;2;219;193;145m██[38;2;219;193;145m██[38;2;164;138;90m██[38;2;115;106;74m██[38;2;255;255;255m██[38;2;65;65;65m██[38;2;102;100;133m██[38;2;102;100;133m██[38;2;127;126;161m██[38;2;65;65;65m██[38;2;123;123;106m██[38;2;123;123;106m██[38;2;65;65;65m██[38;2;127;126;161m██[38;2;65;65;65m██[38;2;65;65;65m██[38;2;102;100;133m██[38;2;102;100;133m██[38;2;102;100;133m██[38;2;102;100;133m██[38;2;102;100;133m██[38;2;0;0;0m██[38;2;0;0;0m██  
    [38;2;0;0;0m██[38;2;65;65;65m██[38;2;219;193;145m██[38;2;219;193;145m██[38;2;219;193;145m██[38;2;65;65;65m██[38;2;164;138;90m██[38;2;115;106;74m██[38;2;219;193;145m██[38;2;219;193;145m██[38;2;65;65;65m██[38;2;102;100;133m██[38;2;102;100;133m██[38;2;127;126;161m██[38;2;127;126;161m██[38;2;65;65;65m██[38;2;65;65;65m██[38;2;127;126;161m██[38;2;127;126;161m██[38;2;127;126;161m██[38;2;127;126;161m██[38;2;102;100;133m██[38;2;102;100;133m██[38;2;102;100;133m██[38;2;79;78;103m██[38;2;102;100;133m██[38;2;0;0;0m██    
      [38;2;0;0;0m██[38;2;0;0;0m██[38;2;164;138;90m██[38;2;115;106;74m██[38;2;164;138;90m██[38;2;115;106;74m██[38;2;255;255;255m██[38;2;255;255;255m██[38;2;65;65;65m██[38;2;102;100;133m██[38;2;102;100;133m██[38;2;127;126;161m██[38;2;127;126;161m██[38;2;127;126;161m██[38;2;127;126;161m██[38;2;127;126;161m██[38;2;127;126;161m██[38;2;127;126;161m██[38;2;127;126;161m██[38;2;127;126;161m██[38;2;79;78;103m██[38;2;79;78;103m██[38;2;102;100;133m██[38;2;102;100;133m██[38;2;0;0;0m██      
          [38;2;0;0;0m██[38;2;65;65;65m██[38;2;65;65;65m██[38;2;65;65;65m██[38;2;65;65;65m██[38;2;65;65;65m██[38;2;102;100;133m██[38;2;102;100;133m██[38;2;127;126;161m██[38;2;127;126;161m██[38;2;127;126;161m██[38;2;127;126;161m██[38;2;127;126;161m██[38;2;127;126;161m██[38;2;127;126;161m██[38;2;102;100;133m██[38;2;127;126;161m██[38;2;127;126;161m██[38;2;127;126;161m██[38;2;65;65;65m██[38;2;65;65;65m██[38;2;65;65;65m██[38;2;0;0;0m██      
        [38;2;0;0;0m██[38;2;102;100;133m██[38;2;102;100;133m██[38;2;102;100;133m██[38;2;102;100;133m██[38;2;102;100;133m██[38;2;102;100;133m██[38;2;102;100;133m██[38;2;127;126;161m██[38;2;127;126;161m██[38;2;127;126;161m██[38;2;127;126;161m██[38;2;127;126;161m██[38;2;127;126;161m██[38;2;79;78;103m██[38;2;127;126;161m██[38;2;127;126;161m██[38;2;79;78;103m██[38;2;127;126;161m██[38;2;127;126;161m██[38;2;0;0;0m██[38;2;0;0;0m██[38;2;0;0;0m██        
          [38;2;0;0;0m██[38;2;0;0;0m██[38;2;102;100;133m██[38;2;102;100;133m██[38;2;102;100;133m██[38;2;127;126;161m██[38;2;127;126;161m██[38;2;127;126;161m██[38;2;127;126;161m██[38;2;127;126;161m██[38;2;127;126;161m██[38;2;79;78;103m██[38;2;127;126;161m██[38;2;127;126;161m██[38;2;79;78;103m██[38;2;0;0;0m██[38;2;0;0;0m██[38;2;0;0;0m██[38;2;0;0;0m██              
              [38;2;0;0;0m██[38;2;102;100;133m██[38;2;0;0;0m██[38;2;79;78;103m██[38;2;127;126;161m██[38;2;79;78;103m██[38;2;127;126;161m██[38;2;0;0;0m██[38;2;127;126;161m██[38;2;65;65;65m██[38;2;65;65;65m██[38;2;65;65;65m██[38;2;0;0;0m██                      
                [38;2;0;0;0m██  [38;2;0;0;0m██[38;2;79;78;103m██[38;2;0;0;0m██[38;2;0;0;0m██  [38;2;0;0;0m██[38;2;0;0;0m██[38;2;0;0;0m██[38;2;0;0;0m██                        
                      [38;2;0;0;0m██                                      
