[38;2;0;0;0m██[38;2;0;0;0m██[38;2;0;0;0m██      [38;2;0;0;0m██[38;2;0;0;0m██            
[38;2;0;0;0m██[38;2;116;116;118m██[38;2;116;116;118m██[38;2;0;0;0m██  [38;2;0;0;0m██[38;2;255;255;255m██[38;2;107;165;206m██[38;2;0;0;0m██          
  [38;2;0;0;0m██[38;2;84;84;86m██[38;2;84;84;86m██[38;2;0;0;0m██[38;2;156;239;255m██[38;2;156;239;255m██[38;2;84;84;86m██[38;2;0;0;0m██  [38;2;0;0;0m██[38;2;0;0;0m██[38;2;0;0;0m██[38;2;0;0;0m██
    [38;2;0;0;0m██[38;2;148;197;255m██[38;2;116;116;118m██[38;2;156;239;255m██[38;2;116;116;118m██[38;2;116;116;118m██[38;2;84;84;86m██[38;2;0;0;0m██[38;2;84;84;86m██[38;2;116;116;118m██[38;2;116;116;118m██[38;2;0;0;0m██
  [38;2;0;0;0m██[38;2;152;245;255m██[38;2;8;74;173m██[38;2;116;116;118m██[38;2;116;116;118m██[38;2;148;197;255m██[38;2;116;116;118m██[38;2;116;116;118m██[38;2;84;84;86m██[38;2;84;84;86m██[38;2;65;65;65m██[38;2;0;0;0m██  
[38;2;0;0;0m██[38;2;152;245;255m██[38;2;117;189;197m██[38;2;152;245;255m██[38;2;152;245;255m██[38;2;116;116;118m██[38;2;8;74;173m██[38;2;116;116;118m██[38;2;152;245;255m██[38;2;152;245;255m██[38;2;65;65;65m██[38;2;0;0;0m██    
[38;2;0;0;0m██[38;2;65;65;65m██[38;2;152;245;255m██[38;2;152;245;255m██[38;2;152;245;255m██[38;2;152;245;255m██[38;2;152;245;255m██[38;2;152;245;255m██[38;2;152;245;255m██[38;2;152;245;255m██[38;2;152;245;255m██[38;2;117;189;197m██[38;2;0;0;0m██  
[38;2;0;0;0m██[38;2;84;84;86m██[38;2;84;84;86m██[38;2;152;245;255m██[38;2;152;245;255m██[38;2;117;189;197m██[38;2;84;84;86m██[38;2;152;245;255m██[38;2;152;245;255m██[38;2;117;189;197m██[38;2;84;84;86m██[38;2;65;65;65m██[38;2;0;0;0m██  
[38;2;0;0;0m██[38;2;65;65;65m██[38;2;84;84;86m██[38;2;84;84;86m██[38;2;116;116;118m██[38;2;116;116;118m██[38;2;116;116;118m██[38;2;116;116;118m██[38;2;116;116;118m██[38;2;84;84;86m██[38;2;107;165;206m██[38;2;84;84;86m██[38;2;0;0;0m██  
  [38;2;0;0;0m██[38;2;156;239;255m██[38;2;107;165;206m██[38;2;84;84;86m██[38;2;84;84;86m██[38;2;84;84;86m██[38;2;84;84;86m██[38;2;84;84;86m██[38;2;84;84;86m██[38;2;156;239;255m██[38;2;0;0;0m██    
    [38;2;0;0;0m██[38;2;65;65;65m██[38;2;84;84;86m██[38;2;84;84;86m██[38;2;84;84;86m██[38;2;107;165;206m██[38;2;107;165;206m██[38;2;65;65;65m██[38;2;0;0;0m██      
      [38;2;0;0;0m██[38;2;0;0;0m██[38;2;107;165;206m██[38;2;156;239;255m██[38;2;156;239;255m██[38;2;0;0;0m██[38;2;0;0;0m██        
          [38;2;0;0;0m██[38;2;0;0;0m██[38;2;0;0;0m██            
