    [38;2;0;0;0m██[38;2;0;0;0m██          [38;2;0;0;0m██[38;2;0;0;0m██        [38;2;0;0;0m██[38;2;0;0;0m██    
    [38;2;0;0;0m██[38;2;247;222;66m██[38;2;0;0;0m██      [38;2;0;0;0m██[38;2;247;222;66m██[38;2;0;0;0m██      [38;2;0;0;0m██[38;2;69;204;186m██[38;2;0;0;0m██    
    [38;2;0;0;0m██[38;2;247;222;66m██[38;2;189;165;66m██[38;2;0;0;0m██    [38;2;0;0;0m██[38;2;247;222;66m██[38;2;0;0;0m██    [38;2;0;0;0m██[38;2;69;204;186m██[38;2;247;222;66m██[38;2;0;0;0m██    
    [38;2;0;0;0m██[38;2;247;222;66m██[38;2;189;165;66m██[38;2;0;0;0m██  [38;2;0;0;0m██[38;2;247;222;66m██[38;2;189;165;66m██[38;2;0;0;0m██[38;2;0;0;0m██  [38;2;0;0;0m██[38;2;69;204;186m██[38;2;247;222;66m██[38;2;0;0;0m██    
    [38;2;0;0;0m██[38;2;247;222;66m██[38;2;189;165;66m██[38;2;189;165;66m██[38;2;0;0;0m██[38;2;0;0;0m██[38;2;247;222;66m██[38;2;189;165;66m██[38;2;0;0;0m██[38;2;93;145;1m██[38;2;0;0;0m██[38;2;69;204;186m██[38;2;247;222;66m██[38;2;247;222;66m██[38;2;189;165;66m██[38;2;0;0;0m██  
      [38;2;0;0;0m██[38;2;189;165;66m██[38;2;189;165;66m██[38;2;93;145;1m██[38;2;247;222;66m██[38;2;189;165;66m██[38;2;189;165;66m██[38;2;189;165;66m██[38;2;93;145;1m██[38;2;93;145;1m██[38;2;0;0;0m██[38;2;247;222;66m██[38;2;189;165;66m██[38;2;65;65;65m██[38;2;0;0;0m██  
      [38;2;0;0;0m██[38;2;189;165;66m██[38;2;93;145;1m██[38;2;140;195;1m██[38;2;247;222;66m██[38;2;189;165;66m██[38;2;140;195;1m██[38;2;140;195;1m██[38;2;93;145;1m██[38;2;93;145;1m██[38;2;93;145;1m██[38;2;0;0;0m██[38;2;189;165;66m██[38;2;0;0;0m██    
  [38;2;0;0;0m██[38;2;0;0;0m██[38;2;140;195;1m██[38;2;189;165;66m██[38;2;140;195;1m██[38;2;140;195;1m██[38;2;189;165;66m██[38;2;140;195;1m██[38;2;140;195;1m██[38;2;93;145;1m██[38;2;93;145;1m██[38;2;93;145;1m██[38;2;93;145;1m██[38;2;0;0;0m██[38;2;65;65;65m██[38;2;0;0;0m██    
[38;2;0;0;0m██[38;2;189;165;66m██[38;2;65;65;65m██[38;2;65;65;65m██[38;2;140;195;1m██[38;2;140;195;1m██[38;2;140;195;1m██[38;2;93;145;1m██[38;2;140;195;1m██[38;2;0;0;0m██[38;2;0;0;0m██[38;2;93;145;1m██[38;2;93;145;1m██[38;2;93;145;1m██[38;2;189;165;66m██[38;2;189;165;66m██[38;2;0;0;0m██[38;2;0;0;0m██  
  [38;2;0;0;0m██[38;2;65;65;65m██[38;2;255;255;255m██[38;2;65;65;65m██[38;2;140;195;1m██[38;2;65;65;65m██[38;2;93;145;1m██[38;2;0;0;0m██[38;2;255;255;255m██[38;2;0;0;0m██[38;2;93;145;1m██[38;2;189;165;66m██[38;2;247;222;66m██[38;2;247;222;66m██[38;2;247;222;66m██[38;2;247;222;66m██[38;2;247;222;66m██[38;2;0;0;0m██
    [38;2;0;0;0m██[38;2;255;255;255m██[38;2;65;65;65m██[38;2;69;204;186m██[38;2;255;255;255m██[38;2;65;65;65m██[38;2;69;204;186m██[38;2;255;255;255m██[38;2;0;0;0m██[38;2;69;204;186m██[38;2;65;65;65m██[38;2;189;165;66m██[38;2;247;222;66m██[38;2;247;222;66m██[38;2;65;65;65m██[38;2;0;0;0m██  
    [38;2;0;0;0m██[38;2;69;204;186m██[38;2;69;204;186m██[38;2;69;204;186m██[38;2;255;255;255m██[38;2;65;65;65m██[38;2;255;255;255m██[38;2;69;204;186m██[38;2;31;167;144m██[38;2;69;204;186m██[38;2;31;167;144m██[38;2;65;65;65m██[38;2;65;65;65m██[38;2;65;65;65m██[38;2;0;0;0m██    
      [38;2;0;0;0m██[38;2;69;204;186m██[38;2;69;204;186m██[38;2;69;204;186m██[38;2;69;204;186m██[38;2;69;204;186m██[38;2;69;204;186m██[38;2;69;204;186m██[38;2;31;167;144m██[38;2;31;167;144m██[38;2;31;167;144m██[38;2;65;65;65m██[38;2;189;165;66m██[38;2;189;165;66m██[38;2;0;0;0m██  
      [38;2;0;0;0m██[38;2;65;65;65m██[38;2;247;222;66m██[38;2;69;204;186m██[38;2;69;204;186m██[38;2;69;204;186m██[38;2;69;204;186m██[38;2;31;167;144m██[38;2;31;167;144m██[38;2;31;167;144m██[38;2;65;65;65m██[38;2;31;167;144m██[38;2;189;165;66m██[38;2;65;65;65m██[38;2;0;0;0m██  
        [38;2;0;0;0m██[38;2;0;0;0m██[38;2;189;165;66m██[38;2;189;165;66m██[38;2;31;167;144m██[38;2;31;167;144m██[38;2;31;167;144m██[38;2;0;0;0m██[38;2;0;0;0m██[38;2;0;0;0m██[38;2;31;167;144m██[38;2;189;165;66m██[38;2;0;0;0m██    
            [38;2;0;0;0m██[38;2;0;0;0m██[38;2;65;65;65m██[38;2;65;65;65m██[38;2;0;0;0m██      [38;2;0;0;0m██[38;2;31;167;144m██[38;2;0;0;0m██    
              [38;2;0;0;0m██[38;2;247;222;66m██[38;2;189;165;66m██[38;2;0;0;0m██        [38;2;0;0;0m██[38;2;0;0;0m██    
              [38;2;0;0;0m██[38;2;247;222;66m██[38;2;0;0;0m██                  
                [38;2;0;0;0m██                    
