              [38;2;0;0;0m██              [38;2;0;0;0m██[38;2;0;0;0m██        
            [38;2;0;0;0m██[38;2;191;255;134m██[38;2;0;0;0m██        [38;2;0;0;0m██[38;2;0;0;0m██[38;2;191;255;134m██[38;2;0;0;0m██        
            [38;2;0;0;0m██[38;2;191;255;134m██[38;2;0;0;0m██    [38;2;0;0;0m██[38;2;0;0;0m██[38;2;191;255;134m██[38;2;191;255;134m██[38;2;0;0;0m██          
  [38;2;0;0;0m██[38;2;0;0;0m██      [38;2;0;0;0m██[38;2;191;255;134m██[38;2;191;255;134m██[38;2;0;0;0m██[38;2;0;0;0m██[38;2;148;223;82m██[38;2;191;255;134m██[38;2;191;255;134m██[38;2;100;175;34m██[38;2;0;0;0m██[38;2;0;0;0m██        
  [38;2;0;0;0m██[38;2;176;251;110m██[38;2;0;0;0m██[38;2;0;0;0m██[38;2;0;0;0m██[38;2;100;175;34m██[38;2;191;255;134m██[38;2;191;255;134m██[38;2;100;175;34m██[38;2;191;255;134m██[38;2;191;255;134m██[38;2;148;223;82m██[38;2;148;223;82m██[38;2;148;223;82m██[38;2;148;223;82m██[38;2;100;175;34m██[38;2;0;0;0m██      
    [38;2;0;0;0m██[38;2;176;251;110m██[38;2;100;175;34m██[38;2;191;255;134m██[38;2;100;175;34m██[38;2;191;255;134m██[38;2;191;255;134m██[38;2;191;255;134m██[38;2;191;255;134m██[38;2;191;255;134m██[38;2;191;255;134m██[38;2;191;255;134m██[38;2;148;223;82m██[38;2;191;255;134m██[38;2;148;223;82m██[38;2;148;223;82m██[38;2;0;0;0m██    
    [38;2;0;0;0m██[38;2;100;175;34m██[38;2;191;255;134m██[38;2;148;223;82m██[38;2;100;175;34m██[38;2;191;255;134m██[38;2;191;255;134m██[38;2;191;255;134m██[38;2;191;255;134m██[38;2;148;223;82m██[38;2;191;255;134m██[38;2;191;255;134m██[38;2;191;255;134m██[38;2;148;223;82m██[38;2;191;255;134m██[38;2;176;251;110m██[38;2;100;175;34m██[38;2;0;0;0m██  
    [38;2;0;0;0m██[38;2;191;255;134m██[38;2;191;255;134m██[38;2;148;223;82m██[38;2;191;255;134m██[38;2;191;255;134m██[38;2;191;255;134m██[38;2;191;255;134m██[38;2;191;255;134m██[38;2;191;255;134m██[38;2;148;223;82m██[38;2;191;255;134m██[38;2;191;255;134m██[38;2;176;251;110m██[38;2;100;175;34m██[38;2;176;251;110m██[38;2;148;223;82m██[38;2;0;0;0m██  
    [38;2;0;0;0m██[38;2;191;255;134m██[38;2;148;223;82m██[38;2;191;255;134m██[38;2;191;255;134m██[38;2;191;255;134m██[38;2;191;255;134m██[38;2;191;255;134m██[38;2;191;255;134m██[38;2;191;255;134m██[38;2;191;255;134m██[38;2;100;175;34m██[38;2;176;251;110m██[38;2;148;223;82m██[38;2;148;223;82m██[38;2;100;175;34m██[38;2;148;223;82m██[38;2;0;0;0m██  
  [38;2;0;0;0m██[38;2;176;251;110m██[38;2;191;255;134m██[38;2;148;223;82m██[38;2;191;255;134m██[38;2;191;255;134m██[38;2;191;255;134m██[38;2;191;255;134m██[38;2;100;175;34m██[38;2;100;175;34m██[38;2;191;255;134m██[38;2;191;255;134m██[38;2;100;175;34m██[38;2;148;223;82m██[38;2;148;223;82m██[38;2;148;223;82m██[38;2;100;175;34m██[38;2;148;223;82m██[38;2;0;0;0m██  
  [38;2;0;0;0m██[38;2;176;251;110m██[38;2;148;223;82m██[38;2;191;255;134m██[38;2;191;255;134m██[38;2;191;255;134m██[38;2;191;255;134m██[38;2;187;56;61m██[38;2;247;82;87m██[38;2;187;56;61m██[38;2;65;65;65m██[38;2;176;251;110m██[38;2;148;223;82m██[38;2;100;175;34m██[38;2;148;223;82m██[38;2;148;223;82m██[38;2;100;175;34m██[38;2;0;0;0m██    
  [38;2;0;0;0m██[38;2;148;223;82m██[38;2;100;175;34m██[38;2;176;251;110m██[38;2;191;255;134m██[38;2;191;255;134m██[38;2;187;56;61m██[38;2;230;214;206m██[38;2;247;82;87m██[38;2;187;56;61m██[38;2;65;65;65m██[38;2;148;223;82m██[38;2;148;223;82m██[38;2;100;175;34m██[38;2;148;223;82m██[38;2;148;223;82m██[38;2;100;175;34m██[38;2;0;0;0m██    
  [38;2;0;0;0m██[38;2;100;175;34m██[38;2;100;175;34m██[38;2;148;223;82m██[38;2;176;251;110m██[38;2;176;251;110m██[38;2;65;65;65m██[38;2;247;82;87m██[38;2;247;82;87m██[38;2;187;56;61m██[38;2;65;65;65m██[38;2;148;223;82m██[38;2;148;223;82m██[38;2;100;175;34m██[38;2;148;223;82m██[38;2;100;175;34m██[38;2;148;223;82m██[38;2;148;223;82m██[38;2;0;0;0m██  
[38;2;0;0;0m██[38;2;148;223;82m██[38;2;148;223;82m██[38;2;65;65;65m██[38;2;148;223;82m██[38;2;148;223;82m██[38;2;148;223;82m██[38;2;148;223;82m██[38;2;65;65;65m██[38;2;65;65;65m██[38;2;65;65;65m██[38;2;148;223;82m██[38;2;148;223;82m██[38;2;100;175;34m██[38;2;148;223;82m██[38;2;0;0;0m██[38;2;0;0;0m██[38;2;0;0;0m██[38;2;148;223;82m██[38;2;148;223;82m██[38;2;0;0;0m██
[38;2;0;0;0m██[38;2;0;0;0m██[38;2;0;0;0m██[38;2;0;0;0m██[38;2;0;0;0m██[38;2;148;223;82m██[38;2;148;223;82m██[38;2;148;223;82m██[38;2;148;223;82m██[38;2;148;223;82m██[38;2;148;223;82m██[38;2;148;223;82m██[38;2;100;175;34m██[38;2;0;0;0m██[38;2;0;0;0m██      [38;2;0;0;0m██[38;2;0;0;0m██[38;2;0;0;0m██
          [38;2;0;0;0m██[38;2;0;0;0m██[38;2;100;175;34m██[38;2;148;223;82m██[38;2;0;0;0m██[38;2;0;0;0m██[38;2;0;0;0m██[38;2;0;0;0m██                
            [38;2;0;0;0m██[38;2;148;223;82m██[38;2;0;0;0m██                        
            [38;2;0;0;0m██[38;2;0;0;0m██                          
