                            [38;2;0;0;0m██[38;2;0;0;0m██                                                
                          [38;2;0;0;0m██[38;2;0;0;0m██[38;2;43;105;120m██[38;2;0;0;0m██                      [38;2;0;0;0m██[38;2;0;0;0m██[38;2;0;0;0m██[38;2;0;0;0m██                
                        [38;2;0;0;0m██[38;2;60;134;135m██[38;2;60;134;135m██[38;2;43;105;120m██[38;2;43;105;120m██[38;2;0;0;0m██[38;2;0;0;0m██  [38;2;0;0;0m██[38;2;0;0;0m██    [38;2;0;0;0m██[38;2;0;0;0m██[38;2;0;0;0m██[38;2;0;0;0m██[38;2;83;170;174m██[38;2;83;170;174m██[38;2;83;170;174m██[38;2;83;170;174m██[38;2;0;0;0m██              
                        [38;2;0;0;0m██[38;2;60;134;135m██[38;2;43;105;120m██[38;2;0;0;0m██[38;2;43;105;120m██[38;2;43;105;120m██[38;2;43;105;120m██[38;2;0;0;0m██[38;2;83;170;174m██[38;2;83;170;174m██[38;2;0;0;0m██[38;2;0;0;0m██[38;2;83;170;174m██[38;2;83;170;174m██[38;2;83;170;174m██[38;2;83;170;174m██[38;2;151;5;7m██[38;2;151;5;7m██[38;2;0;0;0m██[38;2;0;0;0m██                
                        [38;2;0;0;0m██[38;2;0;0;0m██[38;2;0;0;0m██[38;2;43;105;120m██[38;2;43;105;120m██[38;2;43;105;120m██[38;2;0;0;0m██[38;2;83;170;174m██[38;2;83;170;174m██[38;2;83;170;174m██[38;2;43;105;120m██[38;2;83;170;174m██[38;2;83;170;174m██[38;2;151;5;7m██[38;2;151;5;7m██[38;2;151;5;7m██[38;2;176;30;32m██[38;2;0;0;0m██                    
      [38;2;58;116;156m██[38;2;58;116;156m██      [38;2;0;0;0m██            [38;2;0;0;0m██[38;2;43;105;120m██[38;2;43;105;120m██[38;2;0;0;0m██[38;2;0;0;0m██[38;2;83;170;174m██[38;2;43;105;120m██[38;2;83;170;174m██[38;2;83;170;174m██[38;2;151;5;7m██[38;2;176;30;32m██[38;2;176;30;32m██[38;2;176;30;32m██[38;2;176;30;32m██[38;2;176;30;32m██[38;2;0;0;0m██[38;2;0;0;0m██            [38;2;58;116;156m██  
    [38;2;58;116;156m██[38;2;58;225;255m██[38;2;58;116;156m██    [38;2;0;0;0m██[38;2;176;30;32m██[38;2;0;0;0m██      [38;2;0;0;0m██[38;2;0;0;0m██  [38;2;0;0;0m██[38;2;43;105;120m██[38;2;43;105;120m██[38;2;43;105;120m██[38;2;0;0;0m██[38;2;43;105;120m██[38;2;83;170;174m██[38;2;43;105;120m██[38;2;176;30;32m██[38;2;176;30;32m██[38;2;176;30;32m██[38;2;176;30;32m██[38;2;176;30;32m██[38;2;176;30;32m██[38;2;176;30;32m██[38;2;176;30;32m██[38;2;0;0;0m██        [38;2;58;116;156m██[38;2;107;245;255m██[38;2;58;116;156m██
    [38;2;58;116;156m██[38;2;58;225;255m██[38;2;58;225;255m██[38;2;58;116;156m██  [38;2;0;0;0m██[38;2;176;30;32m██[38;2;0;0;0m██  [38;2;0;0;0m██[38;2;0;0;0m██[38;2;176;30;32m██[38;2;0;0;0m██  [38;2;0;0;0m██[38;2;58;116;156m██[38;2;58;116;156m██[38;2;43;105;120m██[38;2;43;105;120m██[38;2;0;0;0m██[38;2;83;170;174m██[38;2;43;105;120m██[38;2;176;30;32m██[38;2;176;30;32m██[38;2;176;30;32m██[38;2;176;30;32m██[38;2;0;0;0m██[38;2;0;0;0m██[38;2;0;0;0m██[38;2;0;0;0m██      [38;2;58;116;156m██[38;2;58;116;156m██[38;2;58;225;255m██[38;2;107;245;255m██[38;2;58;116;156m██
      [38;2;58;116;156m██[38;2;58;225;255m██[38;2;58;116;156m██[38;2;0;0;0m██[38;2;60;134;135m██[38;2;60;134;135m██[38;2;0;0;0m██  [38;2;0;0;0m██[38;2;176;30;32m██[38;2;0;0;0m██    [38;2;58;116;156m██[38;2;58;225;255m██[38;2;58;116;156m██[38;2;43;105;120m██[38;2;0;0;0m██[38;2;60;134;135m██[38;2;43;105;120m██[38;2;176;30;32m██[38;2;176;30;32m██[38;2;176;30;32m██[38;2;151;5;7m██[38;2;151;5;7m██[38;2;151;5;7m██[38;2;0;0;0m██        [38;2;58;116;156m██[38;2;58;225;255m██[38;2;165;254;255m██[38;2;107;245;255m██[38;2;58;116;156m██  
    [38;2;58;116;156m██[38;2;165;254;255m██[38;2;58;225;255m██[38;2;58;225;255m██[38;2;0;0;0m██[38;2;60;134;135m██[38;2;43;105;120m██[38;2;0;0;0m██[38;2;0;0;0m██[38;2;83;170;174m██[38;2;83;170;174m██[38;2;43;105;120m██[38;2;0;0;0m██[38;2;58;116;156m██[38;2;58;225;255m██[38;2;58;116;156m██[38;2;43;105;120m██[38;2;43;105;120m██[38;2;0;0;0m██[38;2;60;134;135m██[38;2;43;105;120m██[38;2;151;5;7m██[38;2;151;5;7m██[38;2;151;5;7m██[38;2;151;5;7m██[38;2;151;5;7m██[38;2;151;5;7m██[38;2;151;5;7m██[38;2;0;0;0m██      [38;2;58;116;156m██[38;2;165;254;255m██[38;2;58;225;255m██[38;2;58;225;255m██[38;2;58;116;156m██  
    [38;2;58;116;156m██[38;2;58;225;255m██[38;2;165;254;255m██[38;2;0;0;0m██[38;2;43;105;120m██[38;2;43;105;120m██[38;2;83;170;174m██[38;2;43;105;120m██[38;2;83;170;174m██[38;2;83;170;174m██[38;2;43;105;120m██[38;2;83;170;174m██[38;2;0;0;0m██[38;2;58;116;156m██[38;2;58;225;255m██[38;2;58;116;156m██[38;2;43;105;120m██[38;2;0;0;0m██[38;2;60;134;135m██[38;2;60;134;135m██[38;2;43;105;120m██[38;2;151;5;7m██[38;2;151;5;7m██[38;2;151;5;7m██[38;2;0;0;0m██[38;2;0;0;0m██[38;2;151;5;7m██[38;2;151;5;7m██[38;2;151;5;7m██[38;2;0;0;0m██      [38;2;58;116;156m██[38;2;107;245;255m██[38;2;58;116;156m██    
      [38;2;58;116;156m██[38;2;165;254;255m██[38;2;0;0;0m██[38;2;83;170;174m██[38;2;83;170;174m██[38;2;83;170;174m██[38;2;83;170;174m██[38;2;83;170;174m██[38;2;83;170;174m██[38;2;43;105;120m██[38;2;0;0;0m██  [38;2;58;116;156m██[38;2;58;225;255m██[38;2;58;225;255m██[38;2;58;116;156m██[38;2;60;134;135m██[38;2;60;134;135m██[38;2;43;105;120m██[38;2;151;5;7m██[38;2;151;5;7m██[38;2;151;5;7m██[38;2;151;5;7m██[38;2;0;0;0m██  [38;2;0;0;0m██[38;2;0;0;0m██[38;2;0;0;0m██[38;2;0;0;0m██      [38;2;58;116;156m██[38;2;165;254;255m██[38;2;58;116;156m██    
        [38;2;0;0;0m██[38;2;83;170;174m██[38;2;83;170;174m██[38;2;83;170;174m██[38;2;83;170;174m██[38;2;83;170;174m██[38;2;60;134;135m██[38;2;83;170;174m██[38;2;60;134;135m██[38;2;0;0;0m██[38;2;58;116;156m██[38;2;58;225;255m██[38;2;58;225;255m██[38;2;58;225;255m██[38;2;58;116;156m██[38;2;60;134;135m██[38;2;43;105;120m██[38;2;176;30;32m██[38;2;43;105;120m██[38;2;151;5;7m██[38;2;151;5;7m██[38;2;151;5;7m██[38;2;151;5;7m██[38;2;0;0;0m██            [38;2;58;116;156m██[38;2;107;245;255m██[38;2;165;254;255m██[38;2;58;225;255m██[38;2;58;116;156m██  
    [38;2;58;116;156m██[38;2;58;116;156m██[38;2;0;0;0m██[38;2;83;170;174m██[38;2;83;170;174m██[38;2;83;170;174m██[38;2;83;170;174m██[38;2;60;134;135m██[38;2;255;255;255m██[38;2;60;134;135m██[38;2;60;134;135m██[38;2;60;134;135m██[38;2;58;116;156m██[38;2;165;254;255m██[38;2;58;225;255m██[38;2;58;116;156m██[38;2;83;170;174m██[38;2;83;170;174m██[38;2;43;105;120m██[38;2;83;170;174m██[38;2;43;105;120m██[38;2;43;105;120m██[38;2;43;105;120m██[38;2;151;5;7m██[38;2;151;5;7m██[38;2;0;0;0m██            [38;2;58;116;156m██[38;2;165;254;255m██[38;2;165;254;255m██[38;2;107;245;255m██[38;2;58;116;156m██  
  [38;2;58;116;156m██[38;2;58;225;255m██[38;2;58;225;255m██[38;2;0;0;0m██[38;2;60;134;135m██[38;2;83;170;174m██[38;2;43;105;120m██[38;2;83;170;174m██[38;2;197;74;58m██[38;2;255;255;255m██[38;2;60;134;135m██[38;2;58;116;156m██[38;2;58;116;156m██[38;2;58;225;255m██[38;2;165;254;255m██[38;2;58;116;156m██[38;2;43;105;120m██[38;2;43;105;120m██[38;2;83;170;174m██[38;2;83;170;174m██[38;2;83;170;174m██[38;2;83;170;174m██[38;2;43;105;120m██[38;2;60;134;135m██[38;2;43;105;120m██[38;2;151;5;7m██[38;2;0;0;0m██              [38;2;58;116;156m██[38;2;107;245;255m██[38;2;58;116;156m██    
[38;2;58;116;156m██[38;2;165;254;255m██[38;2;165;254;255m██[38;2;0;0;0m██[38;2;83;170;174m██[38;2;83;170;174m██[38;2;60;134;135m██[38;2;60;134;135m██[38;2;0;0;0m██[38;2;197;74;58m██[38;2;60;134;135m██[38;2;60;134;135m██[38;2;58;225;255m██[38;2;165;254;255m██[38;2;165;254;255m██[38;2;58;225;255m██[38;2;58;116;156m██[38;2;43;105;120m██[38;2;176;30;32m██[38;2;83;170;174m██[38;2;43;105;120m██[38;2;83;170;174m██[38;2;83;170;174m██[38;2;43;105;120m██[38;2;60;134;135m██[38;2;60;134;135m██[38;2;0;0;0m██              [38;2;0;0;0m██[38;2;83;170;174m██[38;2;0;0;0m██      
[38;2;58;116;156m██[38;2;58;225;255m██[38;2;0;0;0m██[38;2;83;170;174m██[38;2;83;170;174m██[38;2;83;170;174m██[38;2;83;170;174m██[38;2;83;170;174m██[38;2;83;170;174m██[38;2;60;134;135m██[38;2;60;134;135m██[38;2;58;225;255m██[38;2;165;254;255m██[38;2;58;225;255m██[38;2;58;116;156m██[38;2;58;116;156m██[38;2;58;116;156m██[38;2;156;222;255m██[38;2;43;105;120m██[38;2;43;105;120m██[38;2;156;222;255m██[38;2;43;105;120m██[38;2;83;170;174m██[38;2;83;170;174m██[38;2;43;105;120m██[38;2;60;134;135m██[38;2;60;134;135m██[38;2;0;0;0m██[38;2;0;0;0m██      [38;2;0;0;0m██[38;2;0;0;0m██[38;2;83;170;174m██[38;2;60;134;135m██[38;2;0;0;0m██      
  [38;2;58;116;156m██[38;2;0;0;0m██[38;2;83;170;174m██[38;2;83;170;174m██[38;2;43;105;120m██[38;2;43;105;120m██[38;2;83;170;174m██[38;2;60;134;135m██[38;2;43;105;120m██[38;2;43;105;120m██[38;2;165;254;255m██[38;2;165;254;255m██[38;2;58;116;156m██[38;2;255;255;255m██[38;2;0;0;0m██[38;2;115;181;222m██[38;2;156;222;255m██[38;2;156;222;255m██[38;2;156;222;255m██[38;2;43;105;120m██[38;2;43;105;120m██[38;2;83;170;174m██[38;2;43;105;120m██[38;2;60;134;135m██[38;2;60;134;135m██[38;2;60;134;135m██[38;2;43;105;120m██[38;2;60;134;135m██[38;2;0;0;0m██[38;2;0;0;0m██[38;2;0;0;0m██[38;2;83;170;174m██[38;2;83;170;174m██[38;2;83;170;174m██[38;2;0;0;0m██        
      [38;2;0;0;0m██[38;2;60;134;135m██[38;2;83;170;174m██[38;2;60;134;135m██[38;2;43;105;120m██[38;2;0;0;0m██[38;2;165;254;255m██[38;2;165;254;255m██[38;2;58;225;255m██[38;2;58;225;255m██[38;2;58;116;156m██[38;2;0;0;0m██[38;2;60;134;135m██[38;2;43;105;120m██[38;2;115;181;222m██[38;2;156;222;255m██[38;2;43;105;120m██[38;2;43;105;120m██[38;2;83;170;174m██[38;2;83;170;174m██[38;2;43;105;120m██[38;2;83;170;174m██[38;2;60;134;135m██[38;2;60;134;135m██[38;2;60;134;135m██[38;2;43;105;120m██[38;2;60;134;135m██[38;2;60;134;135m██[38;2;60;134;135m██[38;2;83;170;174m██[38;2;83;170;174m██[38;2;0;0;0m██          
        [38;2;0;0;0m██[38;2;0;0;0m██[38;2;255;255;255m██[38;2;0;0;0m██[38;2;58;116;156m██[38;2;58;225;255m██[38;2;58;225;255m██[38;2;58;116;156m██[38;2;58;116;156m██  [38;2;0;0;0m██[38;2;60;134;135m██[38;2;60;134;135m██[38;2;60;134;135m██[38;2;43;105;120m██[38;2;255;255;255m██[38;2;83;170;174m██[38;2;83;170;174m██[38;2;43;105;120m██[38;2;83;170;174m██[38;2;83;170;174m██[38;2;83;170;174m██[38;2;60;134;135m██[38;2;60;134;135m██[38;2;43;105;120m██[38;2;60;134;135m██[38;2;60;134;135m██[38;2;60;134;135m██[38;2;0;0;0m██[38;2;0;0;0m██            
            [38;2;0;0;0m██    [38;2;58;116;156m██[38;2;58;116;156m██        [38;2;0;0;0m██[38;2;60;134;135m██[38;2;60;134;135m██[38;2;60;134;135m██[38;2;43;105;120m██[38;2;43;105;120m██[38;2;255;255;255m██[38;2;43;105;120m██[38;2;83;170;174m██[38;2;83;170;174m██[38;2;83;170;174m██[38;2;60;134;135m██[38;2;60;134;135m██[38;2;0;0;0m██[38;2;0;0;0m██[38;2;0;0;0m██[38;2;0;0;0m██                
                                [38;2;0;0;0m██[38;2;0;0;0m██[38;2;0;0;0m██[38;2;0;0;0m██[38;2;115;181;222m██[38;2;43;105;120m██[38;2;83;170;174m██[38;2;83;170;174m██[38;2;83;170;174m██[38;2;60;134;135m██[38;2;60;134;135m██[38;2;0;0;0m██                        
                                        [38;2;0;0;0m██[38;2;0;0;0m██[38;2;60;134;135m██[38;2;60;134;135m██[38;2;60;134;135m██[38;2;60;134;135m██[38;2;60;134;135m██[38;2;0;0;0m██                        
                                            [38;2;0;0;0m██[38;2;255;255;255m██[38;2;43;105;120m██[38;2;189;189;189m██[38;2;0;0;0m██                          
                                              [38;2;0;0;0m██[38;2;0;0;0m██[38;2;0;0;0m██                            
