                                  [38;2;0;0;0m██[38;2;0;0;0m██                                      
                    [38;2;0;0;0m██      [38;2;0;0;0m██[38;2;0;0;0m██  [38;2;0;0;0m██[38;2;135;124;154m██[38;2;0;0;0m██                        [38;2;0;0;0m██[38;2;0;0;0m██        
                  [38;2;0;0;0m██[38;2;135;124;154m██[38;2;0;0;0m██  [38;2;0;0;0m██[38;2;76;68;91m██[38;2;0;0;0m██  [38;2;0;0;0m██[38;2;135;124;154m██[38;2;135;124;154m██[38;2;0;0;0m██                      [38;2;0;0;0m██[38;2;255;74;58m██[38;2;0;0;0m██      
                  [38;2;0;0;0m██[38;2;135;124;154m██[38;2;0;0;0m██[38;2;0;0;0m██[38;2;76;68;91m██[38;2;76;68;91m██[38;2;0;0;0m██    [38;2;0;0;0m██[38;2;135;124;154m██[38;2;0;0;0m██                      [38;2;0;0;0m██[38;2;255;74;58m██[38;2;255;74;58m██[38;2;0;0;0m██    
                [38;2;0;0;0m██[38;2;135;124;154m██[38;2;135;124;154m██[38;2;53;53;53m██[38;2;76;68;91m██[38;2;76;68;91m██[38;2;76;68;91m██[38;2;0;0;0m██    [38;2;0;0;0m██[38;2;135;124;154m██[38;2;101;92;117m██[38;2;0;0;0m██[38;2;0;0;0m██                    [38;2;0;0;0m██[38;2;255;74;58m██[38;2;0;0;0m██    
            [38;2;0;0;0m██  [38;2;0;0;0m██[38;2;135;124;154m██[38;2;53;53;53m██[38;2;76;68;91m██[38;2;76;68;91m██[38;2;76;68;91m██[38;2;0;0;0m██      [38;2;0;0;0m██[38;2;135;124;154m██[38;2;135;124;154m██[38;2;101;92;117m██[38;2;135;124;154m██[38;2;0;0;0m██                  [38;2;0;0;0m██[38;2;255;74;58m██[38;2;255;74;58m██[38;2;0;0;0m██  
          [38;2;0;0;0m██[38;2;101;92;117m██[38;2;0;0;0m██[38;2;135;124;154m██[38;2;135;124;154m██[38;2;53;53;53m██[38;2;53;53;53m██[38;2;76;68;91m██[38;2;76;68;91m██[38;2;0;0;0m██      [38;2;0;0;0m██[38;2;101;92;117m██[38;2;135;124;154m██[38;2;101;92;117m██[38;2;135;124;154m██[38;2;135;124;154m██[38;2;0;0;0m██[38;2;0;0;0m██            [38;2;0;0;0m██[38;2;255;74;58m██[38;2;255;74;58m██[38;2;255;74;58m██[38;2;0;0;0m██  
          [38;2;0;0;0m██[38;2;76;68;91m██[38;2;135;124;154m██[38;2;135;124;154m██[38;2;135;124;154m██[38;2;53;53;53m██[38;2;135;124;154m██[38;2;53;53;53m██[38;2;76;68;91m██[38;2;0;0;0m██        [38;2;0;0;0m██[38;2;135;124;154m██[38;2;135;124;154m██[38;2;101;92;117m██[38;2;135;124;154m██[38;2;135;124;154m██[38;2;135;124;154m██[38;2;0;0;0m██[38;2;0;0;0m██        [38;2;0;0;0m██[38;2;255;74;58m██[38;2;255;74;58m██[38;2;0;0;0m██    
        [38;2;0;0;0m██[38;2;101;92;117m██[38;2;53;53;53m██[38;2;135;124;154m██[38;2;135;124;154m██[38;2;53;53;53m██[38;2;135;124;154m██[38;2;135;124;154m██[38;2;53;53;53m██[38;2;76;68;91m██[38;2;0;0;0m██      [38;2;0;0;0m██[38;2;101;92;117m██[38;2;53;53;53m██[38;2;135;124;154m██[38;2;135;124;154m██[38;2;135;124;154m██[38;2;135;124;154m██[38;2;135;124;154m██[38;2;135;124;154m██[38;2;135;124;154m██[38;2;0;0;0m██    [38;2;0;0;0m██[38;2;255;156;49m██[38;2;255;74;58m██[38;2;255;74;58m██[38;2;0;0;0m██    
        [38;2;0;0;0m██[38;2;76;68;91m██[38;2;135;124;154m██[38;2;135;124;154m██[38;2;135;124;154m██[38;2;53;53;53m██[38;2;135;124;154m██[38;2;53;53;53m██[38;2;151;5;7m██[38;2;76;68;91m██[38;2;76;68;91m██[38;2;0;0;0m██    [38;2;0;0;0m██[38;2;101;92;117m██[38;2;53;53;53m██[38;2;135;124;154m██[38;2;135;124;154m██[38;2;135;124;154m██[38;2;101;92;117m██[38;2;135;124;154m██[38;2;135;124;154m██[38;2;135;124;154m██[38;2;101;92;117m██[38;2;0;0;0m██  [38;2;0;0;0m██[38;2;255;230;41m██[38;2;255;74;58m██[38;2;255;74;58m██[38;2;0;0;0m██    
      [38;2;0;0;0m██[38;2;76;68;91m██[38;2;135;124;154m██[38;2;135;124;154m██[38;2;135;124;154m██[38;2;53;53;53m██[38;2;135;124;154m██[38;2;135;124;154m██[38;2;53;53;53m██[38;2;151;5;7m██[38;2;76;68;91m██[38;2;76;68;91m██[38;2;0;0;0m██  [38;2;0;0;0m██[38;2;101;92;117m██[38;2;101;92;117m██[38;2;151;5;7m██[38;2;53;53;53m██[38;2;135;124;154m██[38;2;135;124;154m██[38;2;135;124;154m██[38;2;101;92;117m██[38;2;135;124;154m██[38;2;135;124;154m██[38;2;101;92;117m██[38;2;0;0;0m██  [38;2;0;0;0m██[38;2;255;156;49m██[38;2;255;230;41m██[38;2;255;230;41m██[38;2;0;0;0m██    
      [38;2;0;0;0m██[38;2;135;124;154m██[38;2;135;124;154m██[38;2;135;124;154m██[38;2;101;92;117m██[38;2;135;124;154m██[38;2;135;124;154m██[38;2;53;53;53m██[38;2;53;53;53m██[38;2;53;53;53m██[38;2;151;5;7m██[38;2;76;68;91m██[38;2;53;53;53m██[38;2;0;0;0m██[38;2;101;92;117m██[38;2;101;92;117m██[38;2;53;53;53m██[38;2;176;30;32m██[38;2;176;30;32m██[38;2;53;53;53m██[38;2;53;53;53m██[38;2;135;124;154m██[38;2;135;124;154m██[38;2;101;92;117m██[38;2;76;68;91m██[38;2;101;92;117m██[38;2;101;92;117m██[38;2;0;0;0m██  [38;2;0;0;0m██[38;2;255;156;49m██[38;2;255;230;41m██[38;2;255;156;49m██[38;2;0;0;0m██  
    [38;2;0;0;0m██[38;2;135;124;154m██[38;2;135;124;154m██[38;2;135;124;154m██[38;2;135;124;154m██[38;2;135;124;154m██[38;2;135;124;154m██[38;2;135;124;154m██[38;2;101;92;117m██[38;2;101;92;117m██[38;2;101;92;117m██[38;2;53;53;53m██[38;2;53;53;53m██[38;2;101;92;117m██[38;2;135;124;154m██[38;2;101;92;117m██[38;2;53;53;53m██[38;2;151;5;7m██[38;2;151;5;7m██[38;2;176;30;32m██[38;2;176;30;32m██[38;2;0;0;0m██[38;2;0;0;0m██[38;2;0;0;0m██[38;2;135;124;154m██[38;2;135;124;154m██[38;2;76;68;91m██[38;2;101;92;117m██[38;2;0;0;0m██  [38;2;0;0;0m██[38;2;255;74;58m██[38;2;255;156;49m██[38;2;255;230;41m██[38;2;0;0;0m██  
    [38;2;0;0;0m██[38;2;135;124;154m██[38;2;135;124;154m██[38;2;135;124;154m██[38;2;101;92;117m██[38;2;135;124;154m██[38;2;255;255;255m██[38;2;101;92;117m██[38;2;101;92;117m██[38;2;101;92;117m██[38;2;101;92;117m██[38;2;101;92;117m██[38;2;101;92;117m██[38;2;135;124;154m██[38;2;135;124;154m██[38;2;135;124;154m██[38;2;76;68;91m██[38;2;76;68;91m██[38;2;101;92;117m██[38;2;151;5;7m██[38;2;0;0;0m██      [38;2;0;0;0m██[38;2;101;92;117m██[38;2;101;92;117m██[38;2;76;68;91m██[38;2;101;92;117m██[38;2;0;0;0m██  [38;2;0;0;0m██[38;2;255;74;58m██[38;2;255;230;41m██[38;2;255;230;41m██[38;2;0;0;0m██
    [38;2;0;0;0m██[38;2;101;92;117m██[38;2;135;124;154m██[38;2;76;68;91m██[38;2;135;124;154m██[38;2;0;0;0m██[38;2;255;255;255m██[38;2;101;92;117m██[38;2;53;53;53m██[38;2;53;53;53m██[38;2;187;189;134m██[38;2;187;189;134m██[38;2;101;92;117m██[38;2;135;124;154m██[38;2;76;68;91m██[38;2;135;124;154m██[38;2;135;124;154m██[38;2;135;124;154m██[38;2;53;53;53m██[38;2;101;92;117m██[38;2;101;92;117m██[38;2;0;0;0m██      [38;2;0;0;0m██[38;2;101;92;117m██[38;2;76;68;91m██[38;2;76;68;91m██[38;2;101;92;117m██[38;2;0;0;0m██[38;2;255;74;58m██[38;2;255;156;49m██[38;2;255;230;41m██[38;2;255;156;49m██[38;2;0;0;0m██
  [38;2;0;0;0m██[38;2;135;124;154m██[38;2;135;124;154m██[38;2;101;92;117m██[38;2;101;92;117m██[38;2;0;0;0m██[38;2;176;30;32m██[38;2;101;92;117m██[38;2;101;92;117m██[38;2;53;53;53m██[38;2;76;68;91m██[38;2;0;0;0m██[38;2;187;189;134m██[38;2;217;219;164m██[38;2;217;219;164m██[38;2;217;219;164m██[38;2;65;65;65m██[38;2;65;65;65m██[38;2;135;124;154m██[38;2;135;124;154m██[38;2;53;53;53m██[38;2;101;92;117m██[38;2;101;92;117m██[38;2;0;0;0m██    [38;2;0;0;0m██[38;2;101;92;117m██[38;2;101;92;117m██[38;2;0;0;0m██[38;2;0;0;0m██[38;2;53;53;53m██[38;2;255;74;58m██[38;2;255;230;41m██[38;2;255;230;41m██[38;2;255;74;58m██[38;2;0;0;0m██
[38;2;0;0;0m██[38;2;135;124;154m██[38;2;135;124;154m██[38;2;135;124;154m██[38;2;135;124;154m██[38;2;135;124;154m██[38;2;135;124;154m██[38;2;101;92;117m██[38;2;101;92;117m██[38;2;53;53;53m██[38;2;76;68;91m██[38;2;0;0;0m██  [38;2;0;0;0m██[38;2;217;219;164m██[38;2;217;219;164m██[38;2;217;219;164m██[38;2;217;219;164m██[38;2;217;219;164m██[38;2;65;65;65m██[38;2;135;124;154m██[38;2;135;124;154m██[38;2;53;53;53m██[38;2;53;53;53m██[38;2;101;92;117m██[38;2;0;0;0m██    [38;2;0;0;0m██[38;2;101;92;117m██[38;2;0;0;0m██  [38;2;0;0;0m██[38;2;255;156;49m██[38;2;255;230;41m██[38;2;255;230;41m██[38;2;255;74;58m██[38;2;0;0;0m██
[38;2;0;0;0m██[38;2;135;124;154m██[38;2;135;124;154m██[38;2;76;68;91m██[38;2;135;124;154m██[38;2;135;124;154m██[38;2;101;92;117m██[38;2;0;0;0m██[38;2;53;53;53m██[38;2;76;68;91m██[38;2;76;68;91m██[38;2;0;0;0m██  [38;2;0;0;0m██[38;2;187;189;134m██[38;2;217;219;164m██[38;2;217;219;164m██[38;2;217;219;164m██[38;2;65;65;65m██[38;2;65;65;65m██[38;2;135;124;154m██[38;2;101;92;117m██[38;2;135;124;154m██[38;2;135;124;154m██[38;2;53;53;53m██[38;2;0;0;0m██    [38;2;0;0;0m██[38;2;76;68;91m██[38;2;101;92;117m██[38;2;0;0;0m██  [38;2;0;0;0m██[38;2;255;156;49m██[38;2;255;230;41m██[38;2;0;0;0m██  
  [38;2;0;0;0m██[38;2;101;92;117m██[38;2;135;124;154m██[38;2;101;92;117m██[38;2;53;53;53m██[38;2;0;0;0m██  [38;2;0;0;0m██[38;2;189;189;189m██[38;2;76;68;91m██[38;2;189;189;189m██[38;2;0;0;0m██[38;2;101;92;117m██[38;2;65;65;65m██[38;2;187;189;134m██[38;2;217;219;164m██[38;2;65;65;65m██[38;2;65;65;65m██[38;2;135;124;154m██[38;2;135;124;154m██[38;2;76;68;91m██[38;2;135;124;154m██[38;2;53;53;53m██[38;2;101;92;117m██[38;2;101;92;117m██[38;2;0;0;0m██    [38;2;0;0;0m██[38;2;101;92;117m██[38;2;0;0;0m██  [38;2;0;0;0m██[38;2;101;92;117m██[38;2;0;0;0m██    
    [38;2;0;0;0m██[38;2;0;0;0m██[38;2;255;255;255m██[38;2;0;0;0m██      [38;2;0;0;0m██[38;2;0;0;0m██[38;2;0;0;0m██[38;2;0;0;0m██[38;2;101;92;117m██[38;2;101;92;117m██[38;2;101;92;117m██[38;2;65;65;65m██[38;2;255;255;255m██[38;2;135;124;154m██[38;2;135;124;154m██[38;2;76;68;91m██[38;2;135;124;154m██[38;2;76;68;91m██[38;2;53;53;53m██[38;2;101;92;117m██[38;2;101;92;117m██[38;2;53;53;53m██[38;2;0;0;0m██  [38;2;0;0;0m██[38;2;101;92;117m██[38;2;53;53;53m██[38;2;0;0;0m██[38;2;135;124;154m██[38;2;135;124;154m██[38;2;0;0;0m██    
        [38;2;0;0;0m██                [38;2;0;0;0m██[38;2;101;92;117m██[38;2;101;92;117m██[38;2;101;92;117m██[38;2;65;65;65m██[38;2;65;65;65m██[38;2;255;255;255m██[38;2;76;68;91m██[38;2;53;53;53m██[38;2;53;53;53m██[38;2;135;124;154m██[38;2;101;92;117m██[38;2;101;92;117m██[38;2;53;53;53m██[38;2;101;92;117m██[38;2;0;0;0m██[38;2;0;0;0m██[38;2;53;53;53m██[38;2;135;124;154m██[38;2;135;124;154m██[38;2;135;124;154m██[38;2;0;0;0m██      
                            [38;2;0;0;0m██[38;2;0;0;0m██[38;2;0;0;0m██[38;2;0;0;0m██[38;2;187;189;134m██[38;2;53;53;53m██[38;2;53;53;53m██[38;2;135;124;154m██[38;2;135;124;154m██[38;2;101;92;117m██[38;2;101;92;117m██[38;2;53;53;53m██[38;2;101;92;117m██[38;2;101;92;117m██[38;2;101;92;117m██[38;2;101;92;117m██[38;2;135;124;154m██[38;2;135;124;154m██[38;2;135;124;154m██[38;2;0;0;0m██        
                                    [38;2;0;0;0m██[38;2;0;0;0m██[38;2;101;92;117m██[38;2;101;92;117m██[38;2;101;92;117m██[38;2;101;92;117m██[38;2;101;92;117m██[38;2;0;0;0m██[38;2;0;0;0m██[38;2;101;92;117m██[38;2;101;92;117m██[38;2;101;92;117m██[38;2;101;92;117m██[38;2;0;0;0m██[38;2;0;0;0m██          
                                        [38;2;0;0;0m██[38;2;255;255;255m██[38;2;76;68;91m██[38;2;189;189;189m██[38;2;0;0;0m██    [38;2;0;0;0m██[38;2;0;0;0m██[38;2;0;0;0m██[38;2;0;0;0m██              
                                          [38;2;0;0;0m██[38;2;0;0;0m██[38;2;0;0;0m██                            
