                      [38;2;0;0;0m██                
                    [38;2;0;0;0m██[38;2;98;113;155m██[38;2;0;0;0m██[38;2;0;0;0m██            
                    [38;2;0;0;0m██[38;2;98;113;155m██[38;2;98;113;155m██[38;2;98;113;155m██[38;2;0;0;0m██[38;2;0;0;0m██        
                    [38;2;0;0;0m██[38;2;98;113;155m██[38;2;98;113;155m██[38;2;98;113;155m██[38;2;98;113;155m██[38;2;98;113;155m██[38;2;0;0;0m██      
                  [38;2;0;0;0m██[38;2;67;82;124m██[38;2;98;113;155m██[38;2;0;0;0m██[38;2;98;113;155m██[38;2;98;113;155m██[38;2;67;82;124m██[38;2;0;0;0m██      
                  [38;2;0;0;0m██[38;2;98;113;155m██[38;2;98;113;155m██[38;2;0;0;0m██[38;2;0;0;0m██[38;2;0;0;0m██[38;2;67;82;124m██[38;2;67;82;124m██[38;2;0;0;0m██    
                  [38;2;0;0;0m██[38;2;98;113;155m██[38;2;67;82;124m██[38;2;0;0;0m██    [38;2;0;0;0m██[38;2;67;82;124m██[38;2;0;0;0m██    
            [38;2;0;0;0m██[38;2;0;0;0m██[38;2;0;0;0m██[38;2;0;0;0m██[38;2;98;113;155m██[38;2;0;0;0m██      [38;2;0;0;0m██[38;2;0;0;0m██      
        [38;2;0;0;0m██[38;2;0;0;0m██[38;2;98;113;155m██[38;2;67;82;124m██[38;2;67;82;124m██[38;2;67;82;124m██[38;2;67;82;124m██[38;2;0;0;0m██              [38;2;0;0;0m██
      [38;2;0;0;0m██[38;2;98;113;155m██[38;2;98;113;155m██[38;2;98;113;155m██[38;2;98;113;155m██[38;2;67;82;124m██[38;2;67;82;124m██[38;2;67;82;124m██[38;2;0;0;0m██[38;2;0;0;0m██          [38;2;0;0;0m██[38;2;0;0;0m██
    [38;2;0;0;0m██[38;2;67;82;124m██[38;2;67;82;124m██[38;2;98;113;155m██[38;2;98;113;155m██[38;2;67;82;124m██[38;2;67;82;124m██[38;2;67;82;124m██[38;2;67;82;124m██[38;2;67;82;124m██[38;2;255;255;255m██[38;2;0;0;0m██    [38;2;0;0;0m██[38;2;0;0;0m██[38;2;0;0;0m██  
  [38;2;0;0;0m██[38;2;236;211;93m██[38;2;224;162;48m██[38;2;67;82;124m██[38;2;67;82;124m██[38;2;212;136;0m██[38;2;226;192;30m██[38;2;212;136;0m██[38;2;67;82;124m██[38;2;67;82;124m██[38;2;67;82;124m██[38;2;255;255;255m██[38;2;255;255;255m██[38;2;0;0;0m██  [38;2;0;0;0m██[38;2;67;82;124m██[38;2;0;0;0m██  
[38;2;0;0;0m██[38;2;224;162;48m██[38;2;236;211;93m██[38;2;236;211;93m██[38;2;224;162;48m██[38;2;67;82;124m██[38;2;255;255;255m██[38;2;0;0;0m██[38;2;255;255;255m██[38;2;67;82;124m██[38;2;67;82;124m██[38;2;67;82;124m██[38;2;255;255;255m██[38;2;67;82;124m██[38;2;0;0;0m██  [38;2;0;0;0m██[38;2;0;0;0m██[38;2;0;0;0m██  
[38;2;0;0;0m██[38;2;224;162;48m██[38;2;236;211;93m██[38;2;236;211;93m██[38;2;224;162;48m██[38;2;67;82;124m██[38;2;255;255;255m██[38;2;0;0;0m██[38;2;255;255;255m██[38;2;67;82;124m██[38;2;67;82;124m██[38;2;255;255;255m██[38;2;255;255;255m██[38;2;255;255;255m██[38;2;189;189;189m██[38;2;0;0;0m██[38;2;0;0;0m██      
  [38;2;0;0;0m██[38;2;236;211;93m██[38;2;153;112;21m██[38;2;153;112;21m██[38;2;67;82;124m██[38;2;212;136;0m██[38;2;226;192;30m██[38;2;212;136;0m██[38;2;67;82;124m██[38;2;67;82;124m██[38;2;255;255;255m██[38;2;255;255;255m██[38;2;67;82;124m██[38;2;67;82;124m██[38;2;235;90;106m██[38;2;0;0;0m██      
  [38;2;0;0;0m██[38;2;0;0;0m██[38;2;224;162;48m██[38;2;224;162;48m██[38;2;67;82;124m██[38;2;67;82;124m██[38;2;67;82;124m██[38;2;67;82;124m██[38;2;67;82;124m██[38;2;189;189;189m██[38;2;189;189;189m██[38;2;255;255;255m██[38;2;255;255;255m██[38;2;67;82;124m██[38;2;235;90;106m██[38;2;0;0;0m██      
      [38;2;0;0;0m██[38;2;0;0;0m██[38;2;0;0;0m██[38;2;67;82;124m██[38;2;67;82;124m██[38;2;67;82;124m██[38;2;189;189;189m██[38;2;189;189;189m██[38;2;189;189;189m██[38;2;67;82;124m██[38;2;67;82;124m██[38;2;235;90;106m██[38;2;0;0;0m██        
            [38;2;0;0;0m██[38;2;189;189;189m██[38;2;98;113;155m██[38;2;189;189;189m██[38;2;67;82;124m██[38;2;189;189;189m██[38;2;67;82;124m██[38;2;207;62;78m██[38;2;207;62;78m██[38;2;0;0;0m██        
              [38;2;0;0;0m██[38;2;13;129;210m██[38;2;67;82;124m██[38;2;13;129;210m██[38;2;67;82;124m██[38;2;207;62;78m██[38;2;207;62;78m██[38;2;0;0;0m██          
            [38;2;0;0;0m██[38;2;255;230;58m██[38;2;189;165;66m██[38;2;13;129;210m██[38;2;13;129;210m██[38;2;13;129;210m██[38;2;67;82;124m██[38;2;0;0;0m██            
              [38;2;0;0;0m██[38;2;0;0;0m██[38;2;0;0;0m██[38;2;255;230;58m██[38;2;189;165;66m██[38;2;255;230;58m██[38;2;0;0;0m██            
                    [38;2;0;0;0m██[38;2;0;0;0m██[38;2;0;0;0m██              
