          [38;2;0;0;0m██[38;2;0;0;0m██[38;2;0;0;0m██    [38;2;0;0;0m██[38;2;0;0;0m██[38;2;0;0;0m██          
        [38;2;0;0;0m██[38;2;197;227;52m██[38;2;197;227;52m██[38;2;197;227;52m██[38;2;0;0;0m██[38;2;0;0;0m██[38;2;108;167;54m██[38;2;197;227;52m██[38;2;197;227;52m██[38;2;0;0;0m██        
      [38;2;0;0;0m██[38;2;197;227;52m██[38;2;197;227;52m██[38;2;197;227;52m██[38;2;197;227;52m██[38;2;197;227;52m██[38;2;65;65;65m██[38;2;108;167;54m██[38;2;108;167;54m██[38;2;197;227;52m██[38;2;197;227;52m██[38;2;0;0;0m██      
    [38;2;0;0;0m██[38;2;197;227;52m██[38;2;197;227;52m██[38;2;197;227;52m██[38;2;197;227;52m██[38;2;197;227;52m██[38;2;108;167;54m██[38;2;108;167;54m██[38;2;108;167;54m██[38;2;0;0;0m██[38;2;0;0;0m██[38;2;197;227;52m██[38;2;0;0;0m██      
      [38;2;0;0;0m██[38;2;0;0;0m██[38;2;197;227;52m██[38;2;197;227;52m██[38;2;65;65;65m██[38;2;65;65;65m██[38;2;108;167;54m██[38;2;0;0;0m██    [38;2;0;0;0m██[38;2;0;0;0m██      
          [38;2;0;0;0m██[38;2;65;65;65m██[38;2;87;130;43m██[38;2;87;130;43m██[38;2;65;65;65m██[38;2;87;130;43m██[38;2;0;0;0m██            
            [38;2;0;0;0m██[38;2;87;130;43m██[38;2;87;130;43m██[38;2;0;0;0m██[38;2;87;130;43m██[38;2;87;130;43m██[38;2;0;0;0m██[38;2;0;0;0m██[38;2;0;0;0m██[38;2;0;0;0m██    
        [38;2;0;0;0m██[38;2;0;0;0m██[38;2;0;0;0m██[38;2;87;130;43m██[38;2;0;0;0m██  [38;2;0;0;0m██[38;2;87;130;43m██[38;2;87;130;43m██[38;2;65;65;65m██[38;2;253;142;106m██[38;2;253;142;106m██[38;2;0;0;0m██  
    [38;2;0;0;0m██[38;2;0;0;0m██[38;2;253;142;106m██[38;2;182;87;93m██[38;2;182;87;93m██[38;2;0;0;0m██[38;2;0;0;0m██    [38;2;0;0;0m██[38;2;65;65;65m██[38;2;253;142;106m██[38;2;253;142;106m██[38;2;253;142;106m██[38;2;253;142;106m██[38;2;0;0;0m██
  [38;2;0;0;0m██[38;2;253;142;106m██[38;2;253;142;106m██[38;2;182;87;93m██[38;2;253;142;106m██[38;2;253;142;106m██[38;2;253;142;106m██[38;2;253;142;106m██[38;2;0;0;0m██  [38;2;0;0;0m██[38;2;236;90;77m██[38;2;253;142;106m██[38;2;253;142;106m██[38;2;253;142;106m██[38;2;236;90;77m██[38;2;0;0;0m██
  [38;2;0;0;0m██[38;2;253;142;106m██[38;2;182;87;93m██[38;2;253;142;106m██[38;2;253;142;106m██[38;2;253;142;106m██[38;2;253;142;106m██[38;2;253;142;106m██[38;2;0;0;0m██  [38;2;0;0;0m██[38;2;236;90;77m██[38;2;236;90;77m██[38;2;236;90;77m██[38;2;236;90;77m██[38;2;236;90;77m██[38;2;0;0;0m██
[38;2;0;0;0m██[38;2;255;255;255m██[38;2;253;142;106m██[38;2;182;87;93m██[38;2;253;142;106m██[38;2;253;142;106m██[38;2;253;142;106m██[38;2;253;142;106m██[38;2;253;142;106m██[38;2;253;142;106m██[38;2;0;0;0m██  [38;2;0;0;0m██[38;2;236;90;77m██[38;2;236;90;77m██[38;2;236;90;77m██[38;2;0;0;0m██  
[38;2;0;0;0m██[38;2;0;0;0m██[38;2;253;142;106m██[38;2;253;142;106m██[38;2;253;142;106m██[38;2;255;255;255m██[38;2;253;142;106m██[38;2;253;142;106m██[38;2;253;142;106m██[38;2;236;90;77m██[38;2;0;0;0m██    [38;2;0;0;0m██[38;2;0;0;0m██[38;2;0;0;0m██    
[38;2;0;0;0m██[38;2;236;90;77m██[38;2;182;87;93m██[38;2;182;87;93m██[38;2;253;142;106m██[38;2;0;0;0m██[38;2;253;142;106m██[38;2;236;90;77m██[38;2;236;90;77m██[38;2;236;90;77m██[38;2;0;0;0m██              
  [38;2;0;0;0m██[38;2;236;90;77m██[38;2;236;90;77m██[38;2;236;90;77m██[38;2;236;90;77m██[38;2;236;90;77m██[38;2;236;90;77m██[38;2;236;90;77m██[38;2;0;0;0m██                
  [38;2;0;0;0m██[38;2;0;0;0m██[38;2;0;0;0m██[38;2;236;90;77m██[38;2;236;90;77m██[38;2;236;90;77m██[38;2;236;90;77m██[38;2;236;90;77m██[38;2;0;0;0m██                
        [38;2;0;0;0m██[38;2;0;0;0m██[38;2;65;65;65m██[38;2;236;90;77m██[38;2;0;0;0m██                  
            [38;2;0;0;0m██[38;2;0;0;0m██                    
