            [38;2;0;0;0m██[38;2;0;0;0m██[38;2;0;0;0m██            
          [38;2;0;0;0m██[38;2;197;173;74m██[38;2;247;222;82m██[38;2;197;173;74m██[38;2;0;0;0m██          
        [38;2;0;0;0m██[38;2;197;173;74m██[38;2;247;222;82m██[38;2;247;222;82m██[38;2;247;222;82m██[38;2;197;173;74m██[38;2;0;0;0m██        
      [38;2;0;0;0m██[38;2;209;255;211m██[38;2;65;65;65m██[38;2;197;173;74m██[38;2;247;222;82m██[38;2;197;173;74m██[38;2;65;65;65m██[38;2;209;255;211m██[38;2;0;0;0m██      
    [38;2;0;0;0m██[38;2;209;255;211m██[38;2;209;255;211m██[38;2;209;255;211m██[38;2;65;65;65m██[38;2;65;65;65m██[38;2;65;65;65m██[38;2;209;255;211m██[38;2;209;255;211m██[38;2;209;255;211m██[38;2;0;0;0m██    
  [38;2;0;0;0m██[38;2;139;232;142m██[38;2;209;255;211m██[38;2;209;255;211m██[38;2;209;255;211m██[38;2;209;255;211m██[38;2;209;255;211m██[38;2;209;255;211m██[38;2;209;255;211m██[38;2;209;255;211m██[38;2;209;255;211m██[38;2;139;232;142m██[38;2;0;0;0m██  
  [38;2;0;0;0m██[38;2;247;222;82m██[38;2;139;232;142m██[38;2;209;255;211m██[38;2;209;255;211m██[38;2;209;255;211m██[38;2;139;232;142m██[38;2;209;255;211m██[38;2;209;255;211m██[38;2;209;255;211m██[38;2;139;232;142m██[38;2;139;232;142m██[38;2;0;0;0m██  
  [38;2;0;0;0m██[38;2;65;65;65m██[38;2;209;255;211m██[38;2;209;255;211m██[38;2;209;255;211m██[38;2;139;232;142m██[38;2;247;222;82m██[38;2;139;232;142m██[38;2;209;255;211m██[38;2;139;232;142m██[38;2;255;192;0m██[38;2;139;232;142m██[38;2;0;0;0m██  
[38;2;0;0;0m██[38;2;139;232;142m██[38;2;79;172;82m██[38;2;123;123;123m██[38;2;209;255;211m██[38;2;209;255;211m██[38;2;209;255;211m██[38;2;65;65;65m██[38;2;139;232;142m██[38;2;255;192;0m██[38;2;255;192;0m██[38;2;255;192;0m██[38;2;255;192;0m██[38;2;0;0;0m██  
  [38;2;0;0;0m██[38;2;0;0;0m██[38;2;139;232;142m██[38;2;123;123;123m██[38;2;123;123;123m██[38;2;123;123;123m██[38;2;139;232;142m██[38;2;255;192;0m██[38;2;79;172;82m██[38;2;79;172;82m██[38;2;255;192;0m██[38;2;0;0;0m██    
      [38;2;0;0;0m██[38;2;0;0;0m██[38;2;139;232;142m██[38;2;139;232;142m██[38;2;139;232;142m██[38;2;139;232;142m██[38;2;79;172;82m██[38;2;139;232;142m██[38;2;0;0;0m██      
          [38;2;0;0;0m██[38;2;0;0;0m██[38;2;0;0;0m██[38;2;0;0;0m██[38;2;0;0;0m██[38;2;0;0;0m██        
              [38;2;0;0;0m██[38;2;139;232;142m██[38;2;0;0;0m██          
              [38;2;0;0;0m██[38;2;139;232;142m██[38;2;0;0;0m██[38;2;0;0;0m██        
            [38;2;0;0;0m██[38;2;139;232;142m██[38;2;209;255;211m██[38;2;209;255;211m██[38;2;209;255;211m██[38;2;0;0;0m██      
            [38;2;0;0;0m██[38;2;209;255;211m██[38;2;209;255;211m██[38;2;209;255;211m██[38;2;209;255;211m██[38;2;0;0;0m██      
              [38;2;0;0;0m██[38;2;209;255;211m██[38;2;209;255;211m██[38;2;255;192;0m██[38;2;255;192;0m██[38;2;0;0;0m██[38;2;0;0;0m██  
              [38;2;0;0;0m██[38;2;209;255;211m██[38;2;209;255;211m██[38;2;209;255;211m██[38;2;255;192;0m██[38;2;255;192;0m██[38;2;255;192;0m██[38;2;0;0;0m██
                [38;2;0;0;0m██[38;2;255;192;0m██[38;2;255;192;0m██[38;2;255;192;0m██[38;2;255;192;0m██[38;2;0;0;0m██  
                  [38;2;0;0;0m██[38;2;255;192;0m██[38;2;255;192;0m██[38;2;0;0;0m██[38;2;0;0;0m██  
                    [38;2;0;0;0m██[38;2;0;0;0m██      
