                    [38;2;0;0;0m██[38;2;0;0;0m██                        
                  [38;2;0;0;0m██[38;2;104;197;245m██[38;2;0;0;0m██  [38;2;0;0;0m██[38;2;0;0;0m██                  
                [38;2;0;0;0m██[38;2;104;197;245m██[38;2;0;0;0m██  [38;2;0;0;0m██[38;2;104;197;245m██[38;2;0;0;0m██                  
          [38;2;0;0;0m██[38;2;0;0;0m██  [38;2;0;0;0m██[38;2;104;197;245m██[38;2;0;0;0m██[38;2;0;0;0m██[38;2;104;197;245m██[38;2;0;0;0m██                    
      [38;2;0;0;0m██[38;2;0;0;0m██[38;2;243;108;81m██[38;2;243;108;81m██[38;2;0;0;0m██[38;2;104;197;245m██[38;2;65;65;65m██[38;2;65;65;65m██[38;2;104;197;245m██[38;2;65;65;65m██[38;2;0;0;0m██                    
    [38;2;0;0;0m██[38;2;243;108;81m██[38;2;99;99;99m██[38;2;99;99;99m██[38;2;243;108;81m██[38;2;65;65;65m██[38;2;104;197;245m██[38;2;65;65;65m██[38;2;104;197;245m██[38;2;38;131;179m██[38;2;243;108;81m██[38;2;65;65;65m██[38;2;0;0;0m██[38;2;0;0;0m██                
  [38;2;0;0;0m██[38;2;240;156;138m██[38;2;243;108;81m██[38;2;243;108;81m██[38;2;99;99;99m██[38;2;65;65;65m██[38;2;104;197;245m██[38;2;38;131;179m██[38;2;243;108;81m██[38;2;104;197;245m██[38;2;198;76;48m██[38;2;243;108;81m██[38;2;240;156;138m██[38;2;99;99;99m██[38;2;243;108;81m██[38;2;0;0;0m██      [38;2;0;0;0m██[38;2;0;0;0m██    
  [38;2;0;0;0m██[38;2;243;108;81m██[38;2;243;108;81m██[38;2;243;108;81m██[38;2;243;108;81m██[38;2;65;65;65m██[38;2;104;197;245m██[38;2;243;108;81m██[38;2;104;197;245m██[38;2;38;131;179m██[38;2;243;108;81m██[38;2;198;76;48m██[38;2;243;108;81m██[38;2;243;108;81m██[38;2;99;99;99m██[38;2;243;108;81m██[38;2;0;0;0m██  [38;2;0;0;0m██[38;2;99;99;99m██[38;2;0;0;0m██[38;2;0;0;0m██[38;2;0;0;0m██
[38;2;0;0;0m██[38;2;243;108;81m██[38;2;243;108;81m██[38;2;243;108;81m██[38;2;243;108;81m██[38;2;198;76;48m██[38;2;65;65;65m██[38;2;243;108;81m██[38;2;243;108;81m██[38;2;104;197;245m██[38;2;243;108;81m██[38;2;243;108;81m██[38;2;243;108;81m██[38;2;198;76;48m██[38;2;243;108;81m██[38;2;99;99;99m██[38;2;243;108;81m██[38;2;198;76;48m██[38;2;0;0;0m██[38;2;65;65;65m██[38;2;99;99;99m██[38;2;99;99;99m██[38;2;99;99;99m██[38;2;0;0;0m██
[38;2;0;0;0m██[38;2;243;108;81m██[38;2;243;108;81m██[38;2;198;76;48m██[38;2;65;65;65m██[38;2;65;65;65m██[38;2;243;108;81m██[38;2;240;156;138m██[38;2;243;108;81m██[38;2;38;131;179m██[38;2;198;76;48m██[38;2;243;108;81m██[38;2;243;108;81m██[38;2;198;76;48m██[38;2;243;108;81m██[38;2;243;108;81m██[38;2;99;99;99m██[38;2;243;108;81m██[38;2;99;99;99m██[38;2;65;65;65m██[38;2;65;65;65m██[38;2;0;0;0m██[38;2;0;0;0m██  
[38;2;0;0;0m██[38;2;243;108;81m██[38;2;0;0;0m██[38;2;0;0;0m██[38;2;38;131;179m██[38;2;65;65;65m██[38;2;243;108;81m██[38;2;243;108;81m██[38;2;243;108;81m██[38;2;198;76;48m██[38;2;243;108;81m██[38;2;243;108;81m██[38;2;104;197;245m██[38;2;243;108;81m██[38;2;198;76;48m██[38;2;243;108;81m██[38;2;99;99;99m██[38;2;243;108;81m██[38;2;99;99;99m██[38;2;198;76;48m██[38;2;0;0;0m██      
  [38;2;0;0;0m██    [38;2;0;0;0m██[38;2;65;65;65m██[38;2;198;76;48m██[38;2;243;108;81m██[38;2;243;108;81m██[38;2;198;76;48m██[38;2;104;197;245m██[38;2;0;0;0m██[38;2;104;197;245m██[38;2;243;108;81m██[38;2;198;76;48m██[38;2;198;76;48m██[38;2;99;99;99m██[38;2;99;99;99m██[38;2;65;65;65m██[38;2;65;65;65m██[38;2;198;76;48m██[38;2;0;0;0m██    
        [38;2;0;0;0m██[38;2;243;108;81m██[38;2;198;76;48m██[38;2;198;76;48m██[38;2;198;76;48m██[38;2;243;108;81m██[38;2;243;108;81m██[38;2;104;197;245m██[38;2;38;131;179m██[38;2;198;76;48m██[38;2;65;65;65m██[38;2;65;65;65m██[38;2;0;0;0m██[38;2;0;0;0m██[38;2;198;76;48m██[38;2;0;0;0m██[38;2;0;0;0m██[38;2;0;0;0m██    
        [38;2;0;0;0m██[38;2;0;0;0m██[38;2;243;108;81m██[38;2;0;0;0m██[38;2;243;108;81m██[38;2;0;0;0m██[38;2;0;0;0m██[38;2;0;0;0m██[38;2;198;76;48m██[38;2;65;65;65m██[38;2;243;108;81m██[38;2;243;108;81m██[38;2;0;0;0m██  [38;2;0;0;0m██[38;2;0;0;0m██        
          [38;2;0;0;0m██[38;2;0;0;0m██  [38;2;0;0;0m██      [38;2;0;0;0m██[38;2;243;108;81m██[38;2;240;156;138m██[38;2;243;108;81m██[38;2;0;0;0m██              
                        [38;2;0;0;0m██[38;2;243;108;81m██[38;2;243;108;81m██[38;2;0;0;0m██                
                        [38;2;0;0;0m██[38;2;0;0;0m██[38;2;0;0;0m██                  
