              [38;2;0;0;0m██[38;2;0;0;0m██                                
              [38;2;0;0;0m██[38;2;0;0;0m██        [38;2;0;0;0m██[38;2;0;0;0m██                    
            [38;2;0;0;0m██            [38;2;0;0;0m██[38;2;0;0;0m██                    
  [38;2;0;0;0m██[38;2;0;0;0m██      [38;2;0;0;0m██          [38;2;0;0;0m██                        
[38;2;0;0;0m██[38;2;189;197;239m██[38;2;189;197;239m██[38;2;0;0;0m██  [38;2;0;0;0m██[38;2;0;0;0m██[38;2;0;0;0m██[38;2;0;0;0m██[38;2;0;0;0m██    [38;2;0;0;0m██                        
[38;2;0;0;0m██[38;2;189;197;239m██[38;2;189;197;239m██[38;2;189;197;239m██[38;2;0;0;0m██[38;2;247;48;41m██[38;2;247;48;41m██[38;2;65;65;65m██[38;2;212;103;76m██[38;2;212;103;76m██[38;2;0;0;0m██[38;2;0;0;0m██[38;2;0;0;0m██[38;2;0;0;0m██[38;2;0;0;0m██[38;2;0;0;0m██                  
  [38;2;0;0;0m██[38;2;189;197;239m██[38;2;65;65;65m██[38;2;247;48;41m██[38;2;252;138;47m██[38;2;252;138;47m██[38;2;247;48;41m██[38;2;65;65;65m██[38;2;212;103;76m██[38;2;65;65;65m██[38;2;247;48;41m██[38;2;247;48;41m██[38;2;65;65;65m██[38;2;252;138;47m██[38;2;252;138;47m██[38;2;0;0;0m██      [38;2;0;0;0m██[38;2;0;0;0m██[38;2;0;0;0m██[38;2;0;0;0m██  
  [38;2;0;0;0m██[38;2;65;65;65m██[38;2;247;48;41m██[38;2;0;0;0m██[38;2;252;138;47m██[38;2;252;138;47m██[38;2;0;0;0m██[38;2;247;48;41m██[38;2;65;65;65m██[38;2;247;48;41m██[38;2;252;138;47m██[38;2;252;138;47m██[38;2;247;48;41m██[38;2;65;65;65m██[38;2;252;138;47m██[38;2;252;138;47m██[38;2;0;0;0m██  [38;2;0;0;0m██[38;2;156;156;156m██[38;2;230;247;255m██[38;2;230;247;255m██[38;2;156;156;156m██[38;2;0;0;0m██
    [38;2;0;0;0m██[38;2;247;48;41m██[38;2;252;138;47m██[38;2;181;129;108m██[38;2;181;129;108m██[38;2;252;138;47m██[38;2;65;65;65m██[38;2;247;48;41m██[38;2;0;0;0m██[38;2;252;138;47m██[38;2;252;138;47m██[38;2;0;0;0m██[38;2;247;48;41m██[38;2;65;65;65m██[38;2;181;129;108m██[38;2;181;129;108m██[38;2;0;0;0m██[38;2;230;247;255m██[38;2;230;247;255m██[38;2;230;247;255m██[38;2;230;247;255m██[38;2;230;247;255m██[38;2;0;0;0m██
      [38;2;0;0;0m██[38;2;247;48;41m██[38;2;252;138;47m██[38;2;252;138;47m██[38;2;247;48;41m██[38;2;65;65;65m██[38;2;247;48;41m██[38;2;252;138;47m██[38;2;181;129;108m██[38;2;181;129;108m██[38;2;252;138;47m██[38;2;247;48;41m██[38;2;65;65;65m██[38;2;212;103;76m██[38;2;65;65;65m██[38;2;230;247;255m██[38;2;230;247;255m██[38;2;230;247;255m██[38;2;230;247;255m██[38;2;230;247;255m██[38;2;0;0;0m██  
        [38;2;0;0;0m██[38;2;247;48;41m██[38;2;247;48;41m██[38;2;65;65;65m██[38;2;65;65;65m██[38;2;65;65;65m██[38;2;247;48;41m██[38;2;252;138;47m██[38;2;252;138;47m██[38;2;247;48;41m██[38;2;65;65;65m██[38;2;212;103;76m██[38;2;212;103;76m██[38;2;0;0;0m██[38;2;0;0;0m██[38;2;230;247;255m██[38;2;230;247;255m██[38;2;156;156;156m██[38;2;0;0;0m██    
          [38;2;0;0;0m██[38;2;65;65;65m██[38;2;247;48;41m██[38;2;230;90;66m██[38;2;230;90;66m██[38;2;65;65;65m██[38;2;247;48;41m██[38;2;247;48;41m██[38;2;65;65;65m██[38;2;212;103;76m██[38;2;212;103;76m██[38;2;0;0;0m██[38;2;0;0;0m██  [38;2;0;0;0m██[38;2;0;0;0m██[38;2;0;0;0m██      
          [38;2;0;0;0m██[38;2;247;48;41m██[38;2;252;138;47m██[38;2;230;90;66m██[38;2;252;138;47m██[38;2;247;48;41m██[38;2;65;65;65m██[38;2;65;65;65m██[38;2;212;103;76m██[38;2;212;103;76m██[38;2;65;65;65m██[38;2;0;0;0m██                
          [38;2;0;0;0m██[38;2;247;48;41m██[38;2;0;0;0m██[38;2;252;138;47m██[38;2;252;138;47m██[38;2;0;0;0m██[38;2;247;48;41m██[38;2;65;65;65m██[38;2;212;103;76m██[38;2;65;65;65m██[38;2;65;65;65m██[38;2;212;103;76m██[38;2;0;0;0m██              
          [38;2;0;0;0m██[38;2;247;48;41m██[38;2;252;138;47m██[38;2;181;129;108m██[38;2;181;129;108m██[38;2;252;138;47m██[38;2;247;48;41m██[38;2;65;65;65m██[38;2;212;103;76m██[38;2;65;65;65m██[38;2;65;65;65m██[38;2;212;103;76m██[38;2;0;0;0m██              
            [38;2;0;0;0m██[38;2;247;48;41m██[38;2;252;138;47m██[38;2;252;138;47m██[38;2;247;48;41m██[38;2;65;65;65m██[38;2;212;103;76m██[38;2;212;103;76m██[38;2;65;65;65m██[38;2;212;103;76m██[38;2;0;0;0m██                
              [38;2;0;0;0m██[38;2;247;48;41m██[38;2;247;48;41m██[38;2;65;65;65m██[38;2;212;103;76m██[38;2;212;103;76m██[38;2;65;65;65m██[38;2;0;0;0m██[38;2;0;0;0m██                  
                [38;2;0;0;0m██[38;2;0;0;0m██[38;2;0;0;0m██[38;2;0;0;0m██[38;2;0;0;0m██[38;2;0;0;0m██                      
