      [38;2;0;0;0m██                                  
    [38;2;0;0;0m██[38;2;113;240;254m██[38;2;0;0;0m██[38;2;0;0;0m██                              
  [38;2;0;0;0m██[38;2;0;0;0m██[38;2;113;240;254m██[38;2;25;169;196m██[38;2;69;209;231m██[38;2;0;0;0m██                            
  [38;2;0;0;0m██[38;2;113;240;254m██[38;2;69;209;231m██[38;2;113;240;254m██[38;2;0;0;0m██                  [38;2;0;0;0m██          
    [38;2;0;0;0m██[38;2;25;169;196m██[38;2;113;240;254m██[38;2;113;240;254m██[38;2;0;0;0m██        [38;2;0;0;0m██[38;2;0;0;0m██  [38;2;0;0;0m██[38;2;194;249;255m██[38;2;0;0;0m██        
      [38;2;0;0;0m██[38;2;69;209;231m██[38;2;113;240;254m██[38;2;69;209;231m██[38;2;0;0;0m██[38;2;0;0;0m██[38;2;0;0;0m██[38;2;0;0;0m██[38;2;0;0;0m██[38;2;113;240;254m██[38;2;0;0;0m██[38;2;194;249;255m██[38;2;69;209;231m██[38;2;0;0;0m██        
      [38;2;0;0;0m██[38;2;69;209;231m██[38;2;65;65;65m██[38;2;65;65;65m██[38;2;69;209;231m██[38;2;113;240;254m██[38;2;113;240;254m██[38;2;69;209;231m██[38;2;65;65;65m██[38;2;69;209;231m██[38;2;113;240;254m██[38;2;113;240;254m██[38;2;25;169;196m██[38;2;0;0;0m██        
  [38;2;0;0;0m██[38;2;0;0;0m██[38;2;0;0;0m██[38;2;65;65;65m██[38;2;69;209;231m██[38;2;113;240;254m██[38;2;113;240;254m██[38;2;113;240;254m██[38;2;113;240;254m██[38;2;113;240;254m██[38;2;65;65;65m██[38;2;113;240;254m██[38;2;113;240;254m██[38;2;69;209;231m██[38;2;113;240;254m██[38;2;113;240;254m██[38;2;0;0;0m██      
  [38;2;0;0;0m██[38;2;194;249;255m██[38;2;194;249;255m██[38;2;25;169;196m██[38;2;65;65;65m██[38;2;113;240;254m██[38;2;113;240;254m██[38;2;113;240;254m██[38;2;113;240;254m██[38;2;65;65;65m██[38;2;113;240;254m██[38;2;113;240;254m██[38;2;113;240;254m██[38;2;65;65;65m██[38;2;0;0;0m██[38;2;0;0;0m██  [38;2;0;0;0m██    
    [38;2;0;0;0m██[38;2;113;240;254m██[38;2;113;240;254m██[38;2;69;209;231m██[38;2;69;209;231m██[38;2;113;240;254m██[38;2;69;209;231m██[38;2;25;169;196m██[38;2;113;240;254m██[38;2;113;240;254m██[38;2;113;240;254m██[38;2;65;65;65m██[38;2;113;240;254m██[38;2;69;209;231m██[38;2;0;0;0m██[38;2;0;0;0m██[38;2;69;209;231m██[38;2;0;0;0m██  
      [38;2;0;0;0m██[38;2;69;209;231m██[38;2;69;209;231m██[38;2;113;240;254m██[38;2;113;240;254m██[38;2;113;240;254m██[38;2;113;240;254m██[38;2;113;240;254m██[38;2;113;240;254m██[38;2;25;169;196m██[38;2;113;240;254m██[38;2;113;240;254m██[38;2;113;240;254m██[38;2;25;169;196m██[38;2;69;209;231m██[38;2;113;240;254m██[38;2;113;240;254m██[38;2;0;0;0m██
    [38;2;0;0;0m██[38;2;255;255;255m██[38;2;25;169;196m██[38;2;113;240;254m██[38;2;113;240;254m██[38;2;113;240;254m██[38;2;113;240;254m██[38;2;113;240;254m██[38;2;113;240;254m██[38;2;113;240;254m██[38;2;25;169;196m██[38;2;113;240;254m██[38;2;113;240;254m██[38;2;113;240;254m██[38;2;69;209;231m██[38;2;25;169;196m██[38;2;0;0;0m██[38;2;69;209;231m██[38;2;0;0;0m██
  [38;2;0;0;0m██[38;2;65;65;65m██[38;2;0;0;0m██[38;2;113;240;254m██[38;2;113;240;254m██[38;2;255;255;255m██[38;2;113;240;254m██[38;2;113;240;254m██[38;2;113;240;254m██[38;2;113;240;254m██[38;2;113;240;254m██[38;2;113;240;254m██[38;2;113;240;254m██[38;2;113;240;254m██[38;2;69;209;231m██[38;2;69;209;231m██[38;2;0;0;0m██  [38;2;0;0;0m██  
[38;2;0;0;0m██[38;2;69;209;231m██[38;2;25;169;196m██[38;2;113;240;254m██[38;2;214;99;66m██[38;2;214;99;66m██[38;2;0;0;0m██[38;2;113;240;254m██[38;2;69;209;231m██[38;2;113;240;254m██[38;2;113;240;254m██[38;2;113;240;254m██[38;2;212;212;221m██[38;2;69;209;231m██[38;2;212;212;221m██[38;2;212;212;221m██[38;2;69;209;231m██[38;2;0;0;0m██      
  [38;2;0;0;0m██[38;2;0;0;0m██[38;2;25;169;196m██[38;2;113;240;254m██[38;2;214;99;66m██[38;2;113;240;254m██[38;2;113;240;254m██[38;2;25;169;196m██[38;2;113;240;254m██[38;2;69;209;231m██[38;2;25;169;196m██[38;2;69;209;231m██[38;2;69;209;231m██[38;2;212;212;221m██[38;2;212;212;221m██[38;2;0;0;0m██        
      [38;2;0;0;0m██[38;2;65;65;65m██[38;2;113;240;254m██[38;2;113;240;254m██[38;2;25;169;196m██[38;2;113;240;254m██[38;2;113;240;254m██[38;2;65;65;65m██[38;2;212;212;221m██[38;2;212;212;221m██[38;2;212;212;221m██[38;2;212;212;221m██[38;2;65;65;65m██[38;2;0;0;0m██        
      [38;2;0;0;0m██[38;2;212;212;221m██[38;2;123;148;165m██[38;2;0;0;0m██[38;2;65;65;65m██[38;2;113;240;254m██[38;2;25;169;196m██[38;2;123;148;165m██[38;2;212;212;221m██[38;2;212;212;221m██[38;2;0;0;0m██[38;2;123;148;165m██[38;2;212;212;221m██[38;2;0;0;0m██        
        [38;2;0;0;0m██[38;2;0;0;0m██  [38;2;0;0;0m██[38;2;65;65;65m██[38;2;65;65;65m██[38;2;212;212;221m██[38;2;0;0;0m██[38;2;0;0;0m██  [38;2;0;0;0m██[38;2;0;0;0m██          
                [38;2;0;0;0m██[38;2;212;212;221m██[38;2;212;212;221m██[38;2;0;0;0m██                  
                  [38;2;0;0;0m██[38;2;0;0;0m██                    
