    [38;2;0;0;0m██[38;2;0;0;0m██[38;2;0;0;0m██                                    
  [38;2;0;0;0m██[38;2;90;172;255m██[38;2;90;172;255m██[38;2;65;90;180m██[38;2;0;0;0m██                                  
[38;2;0;0;0m██[38;2;90;172;255m██[38;2;255;255;255m██[38;2;90;172;255m██[38;2;90;172;255m██[38;2;90;172;255m██[38;2;0;0;0m██                                
[38;2;0;0;0m██[38;2;90;172;255m██[38;2;90;172;255m██[38;2;90;172;255m██[38;2;255;255;255m██[38;2;90;172;255m██[38;2;0;0;0m██                                
[38;2;0;0;0m██[38;2;65;90;180m██[38;2;90;172;255m██[38;2;90;172;255m██[38;2;90;172;255m██[38;2;0;0;0m██      [38;2;0;0;0m██[38;2;0;0;0m██[38;2;0;0;0m██                      
  [38;2;0;0;0m██[38;2;0;0;0m██[38;2;65;90;180m██[38;2;90;172;255m██[38;2;0;0;0m██  [38;2;0;0;0m██[38;2;0;0;0m██[38;2;246;238;131m██[38;2;189;172;98m██[38;2;74;74;82m██[38;2;0;0;0m██          [38;2;0;0;0m██[38;2;0;0;0m██[38;2;0;0;0m██    
      [38;2;0;0;0m██[38;2;65;90;180m██[38;2;65;90;180m██[38;2;0;0;0m██[38;2;65;90;180m██[38;2;246;238;131m██[38;2;246;238;131m██[38;2;246;238;131m██[38;2;189;172;98m██[38;2;0;0;0m██[38;2;0;0;0m██      [38;2;0;0;0m██[38;2;65;90;180m██[38;2;90;172;255m██[38;2;65;90;180m██[38;2;0;0;0m██  
        [38;2;0;0;0m██[38;2;65;90;180m██[38;2;65;90;180m██[38;2;246;238;131m██[38;2;246;238;131m██[38;2;74;74;82m██[38;2;74;74;82m██[38;2;65;90;180m██[38;2;65;90;180m██[38;2;65;90;180m██[38;2;0;0;0m██    [38;2;0;0;0m██[38;2;255;255;255m██[38;2;90;172;255m██[38;2;90;172;255m██[38;2;65;90;180m██[38;2;0;0;0m██
        [38;2;0;0;0m██[38;2;65;90;180m██[38;2;189;172;98m██[38;2;246;238;131m██[38;2;74;74;82m██[38;2;65;90;180m██[38;2;65;90;180m██[38;2;65;90;180m██[38;2;65;90;180m██[38;2;65;90;180m██[38;2;65;90;180m██[38;2;0;0;0m██[38;2;0;0;0m██[38;2;90;172;255m██[38;2;90;172;255m██[38;2;90;172;255m██[38;2;255;255;255m██[38;2;90;172;255m██[38;2;0;0;0m██
      [38;2;0;0;0m██[38;2;74;74;82m██[38;2;65;90;180m██[38;2;246;238;131m██[38;2;65;90;180m██[38;2;65;90;180m██[38;2;65;90;180m██[38;2;65;90;180m██[38;2;65;90;180m██[38;2;65;90;180m██[38;2;74;74;82m██[38;2;74;74;82m██[38;2;65;90;180m██[38;2;65;90;180m██[38;2;90;172;255m██[38;2;90;172;255m██[38;2;90;172;255m██[38;2;90;172;255m██[38;2;90;172;255m██[38;2;0;0;0m██
    [38;2;0;0;0m██[38;2;65;90;180m██[38;2;106;90;197m██[38;2;74;74;82m██[38;2;74;74;82m██[38;2;74;74;82m██[38;2;65;90;180m██[38;2;74;74;82m██[38;2;74;74;82m██[38;2;65;90;180m██[38;2;65;90;180m██[38;2;65;90;180m██[38;2;65;90;180m██[38;2;0;0;0m██[38;2;0;0;0m██[38;2;0;0;0m██[38;2;255;255;255m██[38;2;90;172;255m██[38;2;0;0;0m██[38;2;0;0;0m██  
    [38;2;0;0;0m██[38;2;106;90;197m██[38;2;74;74;82m██[38;2;246;238;131m██[38;2;74;74;82m██[38;2;74;74;82m██[38;2;74;74;82m██[38;2;74;74;82m██[38;2;74;74;82m██[38;2;74;74;82m██[38;2;65;90;180m██[38;2;65;90;180m██[38;2;0;0;0m██      [38;2;0;0;0m██[38;2;0;0;0m██      
    [38;2;0;0;0m██[38;2;106;90;197m██[38;2;237;173;175m██[38;2;246;238;131m██[38;2;74;74;82m██[38;2;74;74;82m██[38;2;74;74;82m██[38;2;74;74;82m██[38;2;74;74;82m██[38;2;74;74;82m██[38;2;65;90;180m██[38;2;106;90;197m██[38;2;106;90;197m██[38;2;0;0;0m██              
      [38;2;0;0;0m██[38;2;74;74;82m██[38;2;74;74;82m██[38;2;74;74;82m██[38;2;74;74;82m██[38;2;246;238;131m██[38;2;74;74;82m██[38;2;74;74;82m██[38;2;74;74;82m██[38;2;106;90;197m██[38;2;106;90;197m██[38;2;106;90;197m██[38;2;0;0;0m██              
      [38;2;0;0;0m██[38;2;180;82;164m██[38;2;74;74;82m██[38;2;74;74;82m██[38;2;74;74;82m██[38;2;246;238;131m██[38;2;74;74;82m██[38;2;74;74;82m██[38;2;74;74;82m██[38;2;74;74;82m██[38;2;106;90;197m██[38;2;106;90;197m██[38;2;0;0;0m██              
      [38;2;0;0;0m██[38;2;180;82;164m██[38;2;74;74;82m██[38;2;255;82;123m██[38;2;74;74;82m██[38;2;74;74;82m██[38;2;74;74;82m██[38;2;237;173;175m██[38;2;74;74;82m██[38;2;180;82;164m██[38;2;180;82;164m██[38;2;0;0;0m██                
        [38;2;0;0;0m██[38;2;180;82;164m██[38;2;74;74;82m██[38;2;74;74;82m██[38;2;74;74;82m██[38;2;74;74;82m██[38;2;180;82;164m██[38;2;180;82;164m██[38;2;180;82;164m██[38;2;106;90;197m██[38;2;0;0;0m██                
          [38;2;0;0;0m██[38;2;0;0;0m██[38;2;246;238;131m██[38;2;180;82;164m██[38;2;180;82;164m██[38;2;180;82;164m██[38;2;0;0;0m██[38;2;0;0;0m██[38;2;0;0;0m██                  
              [38;2;0;0;0m██[38;2;189;172;98m██[38;2;189;172;98m██[38;2;0;0;0m██                        
                [38;2;0;0;0m██[38;2;0;0;0m██                          
