        [38;2;0;0;0m██                              
      [38;2;0;0;0m██[38;2;255;203;157m██[38;2;0;0;0m██                            
      [38;2;0;0;0m██[38;2;255;203;157m██[38;2;0;0;0m██                            
      [38;2;0;0;0m██[38;2;255;203;157m██[38;2;255;203;157m██[38;2;0;0;0m██                          
      [38;2;0;0;0m██[38;2;205;156;102m██[38;2;255;203;157m██[38;2;0;0;0m██                          
      [38;2;0;0;0m██[38;2;205;156;102m██[38;2;255;203;157m██[38;2;255;203;157m██[38;2;0;0;0m██[38;2;0;0;0m██                      
        [38;2;0;0;0m██[38;2;205;156;102m██[38;2;255;203;157m██[38;2;255;203;157m██[38;2;65;65;65m██[38;2;0;0;0m██                    
        [38;2;0;0;0m██[38;2;255;203;157m██[38;2;205;156;102m██[38;2;255;203;157m██[38;2;205;156;102m██[38;2;65;65;65m██[38;2;0;0;0m██                  
          [38;2;0;0;0m██[38;2;183;36;21m██[38;2;65;65;65m██[38;2;0;0;0m██[38;2;255;255;255m██[38;2;139;106;189m██[38;2;0;0;0m██                
        [38;2;0;0;0m██[38;2;65;65;65m██[38;2;65;65;65m██[38;2;65;65;65m██[38;2;255;255;255m██[38;2;255;255;255m██[38;2;139;106;189m██[38;2;139;106;189m██[38;2;0;0;0m██              
      [38;2;0;0;0m██[38;2;214;67;52m██[38;2;214;67;52m██[38;2;214;67;52m██[38;2;65;65;65m██[38;2;65;65;65m██[38;2;65;65;65m██[38;2;139;106;189m██[38;2;106;82;156m██[38;2;65;65;65m██[38;2;0;0;0m██[38;2;0;0;0m██          
    [38;2;0;0;0m██[38;2;214;67;52m██[38;2;255;136;123m██[38;2;214;67;52m██[38;2;65;65;65m██[38;2;65;65;65m██[38;2;214;67;52m██[38;2;214;67;52m██[38;2;65;65;65m██[38;2;139;106;189m██[38;2;139;106;189m██[38;2;139;106;189m██[38;2;65;65;65m██[38;2;0;0;0m██        
    [38;2;0;0;0m██[38;2;214;67;52m██[38;2;214;67;52m██[38;2;214;67;52m██[38;2;65;65;65m██[38;2;214;67;52m██[38;2;255;136;123m██[38;2;214;67;52m██[38;2;214;67;52m██[38;2;65;65;65m██[38;2;139;106;189m██[38;2;139;106;189m██[38;2;139;106;189m██[38;2;0;0;0m██        
    [38;2;0;0;0m██[38;2;183;36;21m██[38;2;214;67;52m██[38;2;214;67;52m██[38;2;65;65;65m██[38;2;214;67;52m██[38;2;214;67;52m██[38;2;214;67;52m██[38;2;214;67;52m██[38;2;65;65;65m██[38;2;65;65;65m██[38;2;139;106;189m██[38;2;139;106;189m██[38;2;0;0;0m██[38;2;0;0;0m██[38;2;0;0;0m██    
  [38;2;0;0;0m██[38;2;205;156;102m██[38;2;65;65;65m██[38;2;183;36;21m██[38;2;183;36;21m██[38;2;65;65;65m██[38;2;183;36;21m██[38;2;214;67;52m██[38;2;214;67;52m██[38;2;183;36;21m██[38;2;65;65;65m██[38;2;205;156;102m██[38;2;65;65;65m██[38;2;106;82;156m██[38;2;65;65;65m██[38;2;205;156;102m██[38;2;65;65;65m██[38;2;0;0;0m██  
  [38;2;0;0;0m██[38;2;106;82;156m██[38;2;65;65;65m██[38;2;65;65;65m██[38;2;65;65;65m██[38;2;65;65;65m██[38;2;65;65;65m██[38;2;183;36;21m██[38;2;183;36;21m██[38;2;65;65;65m██[38;2;205;156;102m██[38;2;65;65;65m██[38;2;65;65;65m██[38;2;65;65;65m██[38;2;106;82;156m██[38;2;65;65;65m██[38;2;106;82;156m██[38;2;183;36;21m██[38;2;0;0;0m██
[38;2;0;0;0m██[38;2;183;36;21m██[38;2;106;82;156m██[38;2;0;0;0m██[38;2;139;106;189m██[38;2;65;65;65m██[38;2;205;156;102m██[38;2;205;156;102m██[38;2;65;65;65m██[38;2;139;106;189m██[38;2;139;106;189m██[38;2;65;65;65m██[38;2;139;106;189m██[38;2;139;106;189m██[38;2;255;203;157m██[38;2;65;65;65m██[38;2;0;0;0m██[38;2;0;0;0m██[38;2;183;36;21m██[38;2;0;0;0m██
[38;2;0;0;0m██[38;2;183;36;21m██[38;2;0;0;0m██  [38;2;0;0;0m██[38;2;0;0;0m██[38;2;65;65;65m██[38;2;205;156;102m██[38;2;205;156;102m██[38;2;65;65;65m██[38;2;65;65;65m██[38;2;183;36;21m██[38;2;0;0;0m██[38;2;65;65;65m██[38;2;139;106;189m██[38;2;139;106;189m██[38;2;0;0;0m██  [38;2;0;0;0m██  
  [38;2;0;0;0m██        [38;2;0;0;0m██[38;2;65;65;65m██[38;2;106;82;156m██[38;2;106;82;156m██[38;2;183;36;21m██[38;2;0;0;0m██  [38;2;0;0;0m██[38;2;139;106;189m██[38;2;214;67;52m██[38;2;0;0;0m██      
              [38;2;0;0;0m██[38;2;0;0;0m██[38;2;0;0;0m██[38;2;0;0;0m██      [38;2;0;0;0m██[38;2;214;67;52m██[38;2;0;0;0m██      
                              [38;2;0;0;0m██        
