          [38;2;0;0;0m██[38;2;0;0;0m██  [38;2;0;0;0m██[38;2;0;0;0m██[38;2;0;0;0m██[38;2;0;0;0m██          
        [38;2;0;0;0m██[38;2;247;209;41m██[38;2;247;209;41m██[38;2;0;0;0m██[38;2;234;138;155m██[38;2;234;138;155m██[38;2;234;138;155m██[38;2;234;138;155m██[38;2;0;0;0m██[38;2;0;0;0m██      
    [38;2;0;0;0m██  [38;2;0;0;0m██[38;2;247;209;41m██[38;2;189;135;66m██[38;2;247;209;41m██[38;2;234;138;155m██[38;2;234;138;155m██[38;2;187;98;121m██[38;2;187;98;121m██[38;2;234;138;155m██[38;2;234;138;155m██[38;2;0;0;0m██    
  [38;2;0;0;0m██[38;2;249;186;75m██[38;2;0;0;0m██[38;2;234;138;155m██[38;2;247;209;41m██[38;2;247;209;41m██[38;2;247;209;41m██[38;2;249;186;75m██[38;2;234;138;155m██[38;2;247;209;41m██[38;2;247;209;41m██[38;2;187;98;121m██[38;2;234;138;155m██[38;2;234;138;155m██[38;2;0;0;0m██  
[38;2;0;0;0m██[38;2;249;186;75m██[38;2;249;186;75m██[38;2;0;0;0m██[38;2;234;138;155m██[38;2;0;0;0m██[38;2;255;255;255m██[38;2;249;186;75m██[38;2;249;186;75m██[38;2;247;209;41m██[38;2;189;135;66m██[38;2;247;209;41m██[38;2;187;98;121m██[38;2;234;138;155m██[38;2;234;138;155m██[38;2;0;0;0m██  
  [38;2;0;0;0m██[38;2;234;138;155m██[38;2;234;138;155m██[38;2;187;98;121m██[38;2;255;255;255m██[38;2;255;255;255m██[38;2;249;186;75m██[38;2;249;186;75m██[38;2;247;209;41m██[38;2;247;209;41m██[38;2;247;209;41m██[38;2;187;98;121m██[38;2;234;138;155m██[38;2;234;138;155m██[38;2;234;138;155m██[38;2;0;0;0m██
  [38;2;0;0;0m██[38;2;187;98;121m██[38;2;234;138;155m██[38;2;234;138;155m██[38;2;234;138;155m██[38;2;234;138;155m██[38;2;249;186;75m██[38;2;249;186;75m██[38;2;0;0;0m██[38;2;255;255;255m██[38;2;187;98;121m██[38;2;234;138;155m██[38;2;234;138;155m██[38;2;65;65;65m██[38;2;234;138;155m██[38;2;0;0;0m██
    [38;2;0;0;0m██[38;2;234;138;155m██[38;2;234;138;155m██[38;2;234;138;155m██[38;2;234;138;155m██[38;2;234;138;155m██[38;2;234;138;155m██[38;2;255;255;255m██[38;2;255;255;255m██[38;2;234;138;155m██[38;2;234;138;155m██[38;2;65;65;65m██[38;2;249;186;75m██[38;2;65;65;65m██[38;2;0;0;0m██
    [38;2;0;0;0m██[38;2;234;138;155m██[38;2;247;209;41m██[38;2;234;138;155m██[38;2;234;138;155m██[38;2;234;138;155m██[38;2;234;138;155m██[38;2;234;138;155m██[38;2;234;138;155m██[38;2;234;138;155m██[38;2;187;98;121m██[38;2;234;138;155m██[38;2;249;186;75m██[38;2;249;186;75m██[38;2;0;0;0m██
      [38;2;0;0;0m██[38;2;189;135;66m██[38;2;234;138;155m██[38;2;247;209;41m██[38;2;234;138;155m██[38;2;247;209;41m██[38;2;234;138;155m██[38;2;234;138;155m██[38;2;234;138;155m██[38;2;187;98;121m██[38;2;234;138;155m██[38;2;234;138;155m██[38;2;249;186;75m██[38;2;0;0;0m██
    [38;2;0;0;0m██[38;2;249;186;75m██[38;2;187;98;121m██[38;2;234;138;155m██[38;2;189;135;66m██[38;2;234;138;155m██[38;2;189;135;66m██[38;2;234;138;155m██[38;2;234;138;155m██[38;2;234;138;155m██[38;2;234;138;155m██[38;2;234;138;155m██[38;2;187;98;121m██[38;2;0;0;0m██  
      [38;2;0;0;0m██[38;2;0;0;0m██[38;2;187;98;121m██[38;2;187;98;121m██[38;2;234;138;155m██[38;2;234;138;155m██[38;2;234;138;155m██[38;2;234;138;155m██[38;2;234;138;155m██[38;2;187;98;121m██[38;2;187;98;121m██[38;2;187;98;121m██[38;2;0;0;0m██  
          [38;2;0;0;0m██[38;2;0;0;0m██[38;2;187;98;121m██[38;2;187;98;121m██[38;2;187;98;121m██[38;2;187;98;121m██[38;2;187;98;121m██[38;2;187;98;121m██[38;2;0;0;0m██[38;2;0;0;0m██    
              [38;2;0;0;0m██[38;2;0;0;0m██[38;2;0;0;0m██[38;2;0;0;0m██[38;2;249;186;75m██[38;2;249;186;75m██[38;2;0;0;0m██      
                      [38;2;0;0;0m██[38;2;0;0;0m██        
