                      [38;2;7;7;7m██[38;2;7;7;7m██                      
              [38;2;7;7;7m██[38;2;7;7;7m██  [38;2;7;7;7m██[38;2;248;248;248m██[38;2;7;7;7m██  [38;2;7;7;7m██                  
              [38;2;7;7;7m██[38;2;248;248;248m██[38;2;7;7;7m██[38;2;248;248;248m██[38;2;248;248;248m██[38;2;7;7;7m██[38;2;7;7;7m██[38;2;248;248;248m██[38;2;7;7;7m██                
              [38;2;7;7;7m██[38;2;248;248;248m██[38;2;248;248;248m██[38;2;248;248;248m██[38;2;248;248;248m██[38;2;248;248;248m██[38;2;248;248;248m██[38;2;248;248;248m██[38;2;7;7;7m██[38;2;7;7;7m██              
                [38;2;7;7;7m██[38;2;248;248;248m██[38;2;248;248;248m██[38;2;245;109;81m██[38;2;248;248;248m██[38;2;248;248;248m██[38;2;248;248;248m██[38;2;248;248;248m██[38;2;7;7;7m██              
                [38;2;7;7;7m██[38;2;245;109;81m██[38;2;248;248;248m██[38;2;245;109;81m██[38;2;245;109;81m██[38;2;248;248;248m██[38;2;245;109;81m██[38;2;7;7;7m██                
              [38;2;7;7;7m██[38;2;7;7;7m██[38;2;245;109;81m██[38;2;245;109;81m██[38;2;245;109;81m██[38;2;245;109;81m██[38;2;245;109;81m██[38;2;66;66;66m██[38;2;66;66;66m██[38;2;7;7;7m██              
          [38;2;7;7;7m██[38;2;7;7;7m██[38;2;245;109;81m██[38;2;245;109;81m██[38;2;174;38;10m██[38;2;174;38;10m██[38;2;245;109;81m██[38;2;66;66;66m██[38;2;66;66;66m██[38;2;245;109;81m██[38;2;245;109;81m██[38;2;245;109;81m██[38;2;7;7;7m██[38;2;7;7;7m██          
        [38;2;7;7;7m██[38;2;92;139;102m██[38;2;245;109;81m██[38;2;245;109;81m██[38;2;245;109;81m██[38;2;245;109;81m██[38;2;174;38;10m██[38;2;66;66;66m██[38;2;245;109;81m██[38;2;245;109;81m██[38;2;245;109;81m██[38;2;245;109;81m██[38;2;245;109;81m██[38;2;245;109;81m██[38;2;92;139;102m██[38;2;7;7;7m██        
      [38;2;7;7;7m██[38;2;55;102;65m██[38;2;92;139;102m██[38;2;92;139;102m██[38;2;245;109;81m██[38;2;245;109;81m██[38;2;174;38;10m██[38;2;245;109;81m██[38;2;245;109;81m██[38;2;245;109;81m██[38;2;245;109;81m██[38;2;245;109;81m██[38;2;245;109;81m██[38;2;245;109;81m██[38;2;92;139;102m██[38;2;92;139;102m██[38;2;92;139;102m██[38;2;7;7;7m██      
      [38;2;7;7;7m██[38;2;92;139;102m██[38;2;92;139;102m██[38;2;92;139;102m██[38;2;92;139;102m██[38;2;245;109;81m██[38;2;245;109;81m██[38;2;245;109;81m██[38;2;245;109;81m██[38;2;245;109;81m██[38;2;245;109;81m██[38;2;245;109;81m██[38;2;245;109;81m██[38;2;92;139;102m██[38;2;92;139;102m██[38;2;92;139;102m██[38;2;92;139;102m██[38;2;55;102;65m██[38;2;7;7;7m██    
    [38;2;7;7;7m██[38;2;92;139;102m██[38;2;92;139;102m██[38;2;92;139;102m██[38;2;55;102;65m██[38;2;92;139;102m██[38;2;92;139;102m██[38;2;92;139;102m██[38;2;245;109;81m██[38;2;245;109;81m██[38;2;245;109;81m██[38;2;245;109;81m██[38;2;92;139;102m██[38;2;92;139;102m██[38;2;92;139;102m██[38;2;92;139;102m██[38;2;92;139;102m██[38;2;92;139;102m██[38;2;92;139;102m██[38;2;7;7;7m██    
    [38;2;7;7;7m██[38;2;92;139;102m██[38;2;55;102;65m██[38;2;55;102;65m██[38;2;92;139;102m██[38;2;92;139;102m██[38;2;92;139;102m██[38;2;92;139;102m██[38;2;92;139;102m██[38;2;92;139;102m██[38;2;92;139;102m██[38;2;92;139;102m██[38;2;92;139;102m██[38;2;92;139;102m██[38;2;92;139;102m██[38;2;92;139;102m██[38;2;92;139;102m██[38;2;92;139;102m██[38;2;92;139;102m██[38;2;92;139;102m██[38;2;7;7;7m██  
  [38;2;7;7;7m██[38;2;92;139;102m██[38;2;66;66;66m██[38;2;66;66;66m██[38;2;92;139;102m██[38;2;92;139;102m██[38;2;92;139;102m██[38;2;55;102;65m██[38;2;92;139;102m██[38;2;92;139;102m██[38;2;92;139;102m██[38;2;92;139;102m██[38;2;92;139;102m██[38;2;92;139;102m██[38;2;92;139;102m██[38;2;92;139;102m██[38;2;92;139;102m██[38;2;92;139;102m██[38;2;55;102;65m██[38;2;92;139;102m██[38;2;92;139;102m██[38;2;7;7;7m██  
  [38;2;7;7;7m██[38;2;7;7;7m██  [38;2;66;66;66m██[38;2;92;139;102m██[38;2;66;66;66m██[38;2;66;66;66m██[38;2;66;66;66m██[38;2;92;139;102m██[38;2;92;139;102m██[38;2;55;102;65m██[38;2;92;139;102m██[38;2;92;139;102m██[38;2;55;102;65m██[38;2;92;139;102m██[38;2;92;139;102m██[38;2;55;102;65m██[38;2;92;139;102m██[38;2;92;139;102m██[38;2;55;102;65m██[38;2;92;139;102m██[38;2;92;139;102m██[38;2;7;7;7m██
      [38;2;7;7;7m██[38;2;92;139;102m██[38;2;66;66;66m██[38;2;87;96;91m██[38;2;66;66;66m██[38;2;92;139;102m██[38;2;92;139;102m██[38;2;66;66;66m██[38;2;92;139;102m██[38;2;92;139;102m██[38;2;92;139;102m██[38;2;66;66;66m██[38;2;92;139;102m██[38;2;92;139;102m██[38;2;66;66;66m██[38;2;66;66;66m██[38;2;92;139;102m██[38;2;92;139;102m██[38;2;7;7;7m██[38;2;7;7;7m██[38;2;7;7;7m██
      [38;2;7;7;7m██[38;2;66;66;66m██[38;2;248;248;248m██[38;2;66;66;66m██[38;2;92;139;102m██[38;2;92;139;102m██[38;2;66;66;66m██[38;2;206;143;108m██[38;2;66;66;66m██[38;2;92;139;102m██[38;2;66;66;66m██[38;2;206;143;108m██[38;2;66;66;66m██[38;2;92;139;102m██[38;2;92;139;102m██[38;2;66;66;66m██[38;2;92;139;102m██[38;2;7;7;7m██      
    [38;2;7;7;7m██[38;2;55;102;65m██[38;2;66;66;66m██[38;2;248;248;248m██[38;2;66;66;66m██[38;2;92;139;102m██[38;2;66;66;66m██[38;2;245;109;81m██[38;2;87;96;91m██[38;2;66;66;66m██[38;2;92;139;102m██[38;2;66;66;66m██[38;2;66;66;66m██[38;2;66;66;66m██[38;2;92;139;102m██[38;2;66;66;66m██[38;2;201;201;201m██[38;2;66;66;66m██[38;2;66;66;66m██[38;2;7;7;7m██    
    [38;2;7;7;7m██[38;2;55;102;65m██[38;2;55;102;65m██[38;2;66;66;66m██[38;2;248;248;248m██[38;2;66;66;66m██[38;2;87;96;91m██[38;2;245;109;81m██[38;2;248;248;248m██[38;2;245;109;81m██[38;2;66;66;66m██[38;2;248;248;248m██[38;2;245;109;81m██[38;2;66;66;66m██[38;2;66;66;66m██[38;2;201;201;201m██[38;2;201;201;201m██[38;2;66;66;66m██[38;2;55;102;65m██[38;2;7;7;7m██    
      [38;2;7;7;7m██[38;2;66;66;66m██[38;2;55;102;65m██[38;2;66;66;66m██[38;2;111;120;119m██[38;2;87;96;91m██[38;2;87;96;91m██[38;2;245;109;81m██[38;2;248;248;248m██[38;2;248;248;248m██[38;2;245;109;81m██[38;2;66;66;66m██[38;2;92;139;102m██[38;2;66;66;66m██[38;2;201;201;201m██[38;2;66;66;66m██[38;2;55;102;65m██[38;2;55;102;65m██[38;2;7;7;7m██    
      [38;2;7;7;7m██[38;2;92;139;102m██[38;2;66;66;66m██[38;2;66;66;66m██[38;2;111;120;119m██[38;2;111;120;119m██[38;2;111;120;119m██[38;2;87;96;91m██[38;2;66;66;66m██[38;2;245;109;81m██[38;2;66;66;66m██[38;2;92;139;102m██[38;2;92;139;102m██[38;2;92;139;102m██[38;2;66;66;66m██[38;2;66;66;66m██[38;2;55;102;65m██[38;2;7;7;7m██      
      [38;2;7;7;7m██[38;2;92;139;102m██[38;2;92;139;102m██[38;2;92;139;102m██[38;2;66;66;66m██[38;2;111;120;119m██[38;2;66;66;66m██[38;2;66;66;66m██[38;2;92;139;102m██[38;2;66;66;66m██[38;2;92;139;102m██[38;2;92;139;102m██[38;2;66;66;66m██[38;2;66;66;66m██[38;2;66;66;66m██[38;2;210;207;173m██[38;2;7;7;7m██        
    [38;2;7;7;7m██[38;2;157;122;89m██[38;2;66;66;66m██[38;2;92;139;102m██[38;2;55;102;65m██[38;2;245;109;81m██[38;2;66;66;66m██[38;2;66;66;66m██[38;2;245;109;81m██[38;2;92;139;102m██[38;2;92;139;102m██[38;2;66;66;66m██[38;2;66;66;66m██[38;2;157;122;89m██[38;2;157;122;89m██[38;2;157;122;89m██[38;2;210;207;173m██[38;2;157;122;89m██[38;2;7;7;7m██[38;2;7;7;7m██    
    [38;2;7;7;7m██[38;2;157;122;89m██[38;2;157;122;89m██[38;2;66;66;66m██[38;2;66;66;66m██[38;2;245;109;81m██[38;2;245;109;81m██[38;2;245;109;81m██[38;2;245;109;81m██[38;2;66;66;66m██[38;2;92;139;102m██[38;2;66;66;66m██[38;2;157;122;89m██[38;2;157;122;89m██[38;2;157;122;89m██[38;2;157;122;89m██[38;2;157;122;89m██[38;2;157;122;89m██[38;2;157;122;89m██[38;2;157;122;89m██[38;2;7;7;7m██  
  [38;2;7;7;7m██[38;2;157;122;89m██[38;2;157;122;89m██[38;2;157;122;89m██[38;2;66;66;66m██[38;2;245;109;81m██[38;2;245;109;81m██[38;2;66;66;66m██[38;2;66;66;66m██[38;2;245;109;81m██[38;2;245;109;81m██[38;2;66;66;66m██[38;2;92;139;102m██[38;2;66;66;66m██[38;2;157;122;89m██[38;2;210;207;173m██[38;2;157;122;89m██[38;2;104;69;67m██[38;2;157;122;89m██[38;2;157;122;89m██[38;2;157;122;89m██[38;2;7;7;7m██  
  [38;2;7;7;7m██[38;2;157;122;89m██[38;2;104;69;67m██[38;2;157;122;89m██[38;2;66;66;66m██[38;2;245;109;81m██[38;2;66;66;66m██[38;2;248;248;248m██[38;2;201;201;201m██[38;2;66;66;66m██[38;2;245;109;81m██[38;2;66;66;66m██[38;2;92;139;102m██[38;2;66;66;66m██[38;2;157;122;89m██[38;2;210;207;173m██[38;2;157;122;89m██[38;2;157;122;89m██[38;2;104;69;67m██[38;2;104;69;67m██[38;2;157;122;89m██[38;2;157;122;89m██[38;2;7;7;7m██
[38;2;7;7;7m██[38;2;157;122;89m██[38;2;104;69;67m██[38;2;157;122;89m██[38;2;66;66;66m██[38;2;92;139;102m██[38;2;66;66;66m██[38;2;66;66;66m██[38;2;248;248;248m██[38;2;201;201;201m██[38;2;248;248;248m██[38;2;66;66;66m██[38;2;92;139;102m██[38;2;66;66;66m██[38;2;157;122;89m██[38;2;157;122;89m██[38;2;157;122;89m██[38;2;104;69;67m██[38;2;157;122;89m██[38;2;157;122;89m██[38;2;66;66;66m██[38;2;66;66;66m██[38;2;7;7;7m██  
  [38;2;7;7;7m██[38;2;66;66;66m██[38;2;66;66;66m██[38;2;92;139;102m██[38;2;92;139;102m██[38;2;92;139;102m██[38;2;7;7;7m██[38;2;7;7;7m██[38;2;248;248;248m██[38;2;66;66;66m██[38;2;92;139;102m██[38;2;92;139;102m██[38;2;92;139;102m██[38;2;66;66;66m██[38;2;66;66;66m██[38;2;157;122;89m██[38;2;157;122;89m██[38;2;66;66;66m██[38;2;66;66;66m██[38;2;66;66;66m██[38;2;113;86;67m██[38;2;7;7;7m██  
    [38;2;7;7;7m██[38;2;113;86;67m██[38;2;66;66;66m██[38;2;92;139;102m██[38;2;7;7;7m██[38;2;7;7;7m██  [38;2;7;7;7m██[38;2;201;201;201m██[38;2;66;66;66m██[38;2;92;139;102m██[38;2;66;66;66m██[38;2;113;86;67m██[38;2;66;66;66m██[38;2;66;66;66m██[38;2;66;66;66m██[38;2;113;86;67m██[38;2;113;86;67m██[38;2;7;7;7m██[38;2;113;86;67m██[38;2;7;7;7m██  
    [38;2;7;7;7m██[38;2;113;86;67m██[38;2;7;7;7m██[38;2;92;139;102m██[38;2;7;7;7m██      [38;2;7;7;7m██[38;2;66;66;66m██[38;2;92;139;102m██[38;2;66;66;66m██[38;2;113;86;67m██[38;2;113;86;67m██[38;2;113;86;67m██[38;2;113;86;67m██[38;2;113;86;67m██[38;2;7;7;7m██  [38;2;7;7;7m██    
      [38;2;7;7;7m██  [38;2;7;7;7m██        [38;2;7;7;7m██[38;2;201;201;201m██[38;2;66;66;66m██[38;2;201;201;201m██[38;2;66;66;66m██[38;2;113;86;67m██[38;2;66;66;66m██[38;2;113;86;67m██[38;2;66;66;66m██[38;2;7;7;7m██        
                  [38;2;7;7;7m██[38;2;201;201;201m██[38;2;201;201;201m██[38;2;201;201;201m██[38;2;7;7;7m██[38;2;7;7;7m██[38;2;66;66;66m██[38;2;201;201;201m██[38;2;66;66;66m██[38;2;7;7;7m██          
              [38;2;7;7;7m██[38;2;7;7;7m██[38;2;66;66;66m██[38;2;147;147;147m██[38;2;147;147;147m██[38;2;7;7;7m██    [38;2;7;7;7m██[38;2;201;201;201m██[38;2;201;201;201m██[38;2;7;7;7m██          
            [38;2;7;7;7m██[38;2;201;201;201m██[38;2;66;66;66m██[38;2;66;66;66m██[38;2;66;66;66m██[38;2;66;66;66m██[38;2;7;7;7m██    [38;2;7;7;7m██[38;2;248;248;248m██[38;2;248;248;248m██[38;2;7;7;7m██          
            [38;2;7;7;7m██[38;2;201;201;201m██[38;2;7;7;7m██[38;2;7;7;7m██[38;2;7;7;7m██[38;2;7;7;7m██    [38;2;7;7;7m██[38;2;66;66;66m██[38;2;147;147;147m██[38;2;147;147;147m██[38;2;66;66;66m██[38;2;7;7;7m██        
              [38;2;7;7;7m██            [38;2;7;7;7m██[38;2;201;201;201m██[38;2;66;66;66m██[38;2;66;66;66m██[38;2;201;201;201m██[38;2;7;7;7m██        
                            [38;2;7;7;7m██[38;2;248;248;248m██[38;2;7;7;7m██[38;2;7;7;7m██[38;2;248;248;248m██[38;2;7;7;7m██        
                              [38;2;7;7;7m██    [38;2;7;7;7m██          
