    [38;2;0;0;0m██                              
  [38;2;0;0;0m██[38;2;191;149;123m██[38;2;0;0;0m██            [38;2;0;0;0m██              
  [38;2;0;0;0m██[38;2;191;149;123m██[38;2;191;149;123m██[38;2;0;0;0m██  [38;2;0;0;0m██    [38;2;0;0;0m██[38;2;191;149;123m██[38;2;0;0;0m██            
  [38;2;0;0;0m██[38;2;191;149;123m██[38;2;191;149;123m██[38;2;65;65;65m██[38;2;0;0;0m██[38;2;255;173;234m██[38;2;0;0;0m██[38;2;0;0;0m██[38;2;191;149;123m██[38;2;191;149;123m██[38;2;0;0;0m██            
  [38;2;0;0;0m██[38;2;191;149;123m██[38;2;149;113;88m██[38;2;255;173;234m██[38;2;65;65;65m██[38;2;255;173;234m██[38;2;255;173;234m██[38;2;149;113;88m██[38;2;191;149;123m██[38;2;224;115;202m██[38;2;0;0;0m██            
    [38;2;0;0;0m██[38;2;149;113;88m██[38;2;224;115;202m██[38;2;255;173;234m██[38;2;255;173;234m██[38;2;115;115;115m██[38;2;191;149;123m██[38;2;224;115;202m██[38;2;255;173;234m██[38;2;0;0;0m██      [38;2;0;0;0m██    
    [38;2;0;0;0m██[38;2;255;173;234m██[38;2;255;173;234m██[38;2;115;115;115m██[38;2;255;173;234m██[38;2;115;115;115m██[38;2;191;149;123m██[38;2;255;173;234m██[38;2;255;173;234m██[38;2;0;0;0m██    [38;2;0;0;0m██[38;2;191;149;123m██[38;2;0;0;0m██  
  [38;2;0;0;0m██[38;2;149;113;88m██[38;2;115;115;115m██[38;2;115;115;115m██[38;2;191;149;123m██[38;2;115;115;115m██[38;2;191;149;123m██[38;2;149;113;88m██[38;2;255;173;234m██[38;2;0;0;0m██      [38;2;0;0;0m██[38;2;191;149;123m██[38;2;0;0;0m██  
  [38;2;0;0;0m██[38;2;191;149;123m██[38;2;191;149;123m██[38;2;191;149;123m██[38;2;254;243;204m██[38;2;254;243;204m██[38;2;191;149;123m██[38;2;191;149;123m██[38;2;115;115;115m██[38;2;0;0;0m██    [38;2;0;0;0m██[38;2;191;149;123m██[38;2;191;149;123m██[38;2;191;149;123m██[38;2;0;0;0m██
  [38;2;0;0;0m██[38;2;191;149;123m██[38;2;191;149;123m██[38;2;255;255;255m██[38;2;206;165;90m██[38;2;254;243;204m██[38;2;254;243;204m██[38;2;191;149;123m██[38;2;191;149;123m██[38;2;0;0;0m██    [38;2;0;0;0m██[38;2;191;149;123m██[38;2;191;149;123m██[38;2;0;0;0m██  
[38;2;0;0;0m██[38;2;254;243;204m██[38;2;254;243;204m██[38;2;254;243;204m██[38;2;0;0;0m██[38;2;254;243;204m██[38;2;206;197;165m██[38;2;254;243;204m██[38;2;191;149;123m██[38;2;149;113;88m██[38;2;0;0;0m██  [38;2;0;0;0m██[38;2;65;65;65m██[38;2;191;149;123m██[38;2;0;0;0m██    
[38;2;0;0;0m██[38;2;206;165;90m██[38;2;254;243;204m██[38;2;254;243;204m██[38;2;0;0;0m██[38;2;254;243;204m██[38;2;206;197;165m██[38;2;206;197;165m██[38;2;149;113;88m██[38;2;0;0;0m██  [38;2;0;0;0m██[38;2;191;149;123m██[38;2;191;149;123m██[38;2;149;113;88m██[38;2;0;0;0m██    
  [38;2;0;0;0m██[38;2;0;0;0m██[38;2;254;243;204m██[38;2;254;243;204m██[38;2;206;197;165m██[38;2;149;113;88m██[38;2;149;113;88m██[38;2;149;113;88m██[38;2;0;0;0m██[38;2;0;0;0m██[38;2;191;149;123m██[38;2;191;149;123m██[38;2;255;173;234m██[38;2;191;149;123m██[38;2;149;113;88m██[38;2;0;0;0m██  
      [38;2;0;0;0m██[38;2;0;0;0m██[38;2;115;115;115m██[38;2;149;113;88m██[38;2;149;113;88m██[38;2;191;149;123m██[38;2;191;149;123m██[38;2;191;149;123m██[38;2;191;149;123m██[38;2;191;149;123m██[38;2;191;149;123m██[38;2;191;149;123m██[38;2;255;173;234m██[38;2;0;0;0m██  
          [38;2;0;0;0m██[38;2;191;149;123m██[38;2;255;173;234m██[38;2;191;149;123m██[38;2;191;149;123m██[38;2;255;173;234m██[38;2;255;173;234m██[38;2;206;197;165m██[38;2;255;173;234m██[38;2;255;173;234m██[38;2;206;197;165m██[38;2;0;0;0m██  
          [38;2;0;0;0m██[38;2;255;173;234m██[38;2;206;197;165m██[38;2;255;173;234m██[38;2;255;173;234m██[38;2;206;197;165m██[38;2;206;197;165m██[38;2;254;243;204m██[38;2;174;165;133m██[38;2;206;197;165m██[38;2;254;243;204m██[38;2;65;65;65m██  
          [38;2;0;0;0m██[38;2;174;165;133m██[38;2;254;243;204m██[38;2;206;197;165m██[38;2;206;197;165m██[38;2;254;243;204m██[38;2;254;243;204m██[38;2;174;165;133m██[38;2;0;0;0m██[38;2;0;0;0m██[38;2;254;243;204m██[38;2;206;197;165m██[38;2;0;0;0m██
            [38;2;0;0;0m██[38;2;174;165;133m██[38;2;254;243;204m██[38;2;254;243;204m██[38;2;254;243;204m██[38;2;206;197;165m██[38;2;0;0;0m██    [38;2;0;0;0m██[38;2;206;197;165m██[38;2;0;0;0m██
            [38;2;0;0;0m██[38;2;206;197;165m██[38;2;115;115;115m██[38;2;174;165;133m██[38;2;254;243;204m██[38;2;0;0;0m██      [38;2;0;0;0m██[38;2;115;115;115m██[38;2;0;0;0m██
            [38;2;0;0;0m██[38;2;115;115;115m██[38;2;0;0;0m██[38;2;0;0;0m██[38;2;254;243;204m██[38;2;0;0;0m██      [38;2;0;0;0m██[38;2;0;0;0m██  
            [38;2;0;0;0m██[38;2;0;0;0m██  [38;2;0;0;0m██[38;2;115;115;115m██[38;2;0;0;0m██            
                  [38;2;0;0;0m██[38;2;0;0;0m██              
