          [38;2;0;0;0m██[38;2;0;0;0m██[38;2;0;0;0m██[38;2;0;0;0m██          
      [38;2;0;0;0m██[38;2;0;0;0m██[38;2;180;222;238m██[38;2;180;222;238m██[38;2;180;222;238m██[38;2;180;222;238m██[38;2;0;0;0m██[38;2;0;0;0m██      
    [38;2;0;0;0m██[38;2;180;222;238m██[38;2;180;222;238m██[38;2;180;222;238m██[38;2;98;131;139m██[38;2;98;131;139m██[38;2;180;222;238m██[38;2;180;222;238m██[38;2;180;222;238m██[38;2;0;0;0m██    
  [38;2;0;0;0m██[38;2;187;132;224m██[38;2;180;222;238m██[38;2;180;222;238m██[38;2;98;131;139m██[38;2;222;106;69m██[38;2;98;131;139m██[38;2;98;131;139m██[38;2;98;131;139m██[38;2;180;222;238m██[38;2;180;222;238m██[38;2;0;0;0m██  
  [38;2;0;0;0m██[38;2;180;222;238m██[38;2;180;222;238m██[38;2;98;131;139m██[38;2;123;156;172m██[38;2;98;131;139m██[38;2;98;131;139m██[38;2;222;106;69m██[38;2;222;106;69m██[38;2;98;131;139m██[38;2;65;65;65m██[38;2;0;0;0m██  
[38;2;0;0;0m██[38;2;187;132;224m██[38;2;180;222;238m██[38;2;98;131;139m██[38;2;123;156;172m██[38;2;123;156;172m██[38;2;123;156;172m██[38;2;123;156;172m██[38;2;98;131;139m██[38;2;98;131;139m██[38;2;65;65;65m██[38;2;187;132;224m██[38;2;65;65;65m██[38;2;0;0;0m██
[38;2;0;0;0m██[38;2;187;132;224m██[38;2;98;131;139m██[38;2;222;106;69m██[38;2;98;131;139m██[38;2;123;156;172m██[38;2;123;156;172m██[38;2;123;156;172m██[38;2;123;156;172m██[38;2;123;156;172m██[38;2;65;65;65m██[38;2;187;132;224m██[38;2;65;65;65m██[38;2;0;0;0m██
[38;2;0;0;0m██[38;2;187;132;224m██[38;2;98;131;139m██[38;2;222;106;69m██[38;2;98;131;139m██[38;2;123;156;172m██[38;2;123;156;172m██[38;2;98;131;139m██[38;2;98;131;139m██[38;2;98;131;139m██[38;2;65;65;65m██[38;2;187;132;224m██[38;2;65;65;65m██[38;2;0;0;0m██
  [38;2;0;0;0m██[38;2;98;131;139m██[38;2;222;106;69m██[38;2;180;222;238m██[38;2;98;131;139m██[38;2;98;131;139m██[38;2;222;106;69m██[38;2;222;106;69m██[38;2;222;106;69m██[38;2;65;65;65m██[38;2;187;132;224m██[38;2;0;0;0m██  
  [38;2;0;0;0m██[38;2;152;99;189m██[38;2;98;131;139m██[38;2;222;106;69m██[38;2;98;131;139m██[38;2;180;222;238m██[38;2;222;106;69m██[38;2;222;106;69m██[38;2;65;65;65m██[38;2;187;132;224m██[38;2;65;65;65m██[38;2;0;0;0m██  
    [38;2;0;0;0m██[38;2;152;99;189m██[38;2;65;65;65m██[38;2;123;156;172m██[38;2;98;131;139m██[38;2;222;106;69m██[38;2;222;106;69m██[38;2;65;65;65m██[38;2;152;99;189m██[38;2;0;0;0m██    
      [38;2;0;0;0m██[38;2;0;0;0m██[38;2;65;65;65m██[38;2;123;156;172m██[38;2;98;131;139m██[38;2;65;65;65m██[38;2;152;99;189m██[38;2;0;0;0m██      
        [38;2;0;0;0m██[38;2;152;99;189m██[38;2;65;65;65m██[38;2;65;65;65m██[38;2;152;99;189m██[38;2;0;0;0m██        
      [38;2;0;0;0m██[38;2;152;99;189m██[38;2;65;65;65m██[38;2;152;99;189m██[38;2;187;132;224m██[38;2;65;65;65m██[38;2;187;132;224m██[38;2;0;0;0m██      
    [38;2;0;0;0m██[38;2;152;99;189m██[38;2;65;65;65m██[38;2;0;0;0m██[38;2;187;132;224m██[38;2;98;131;139m██[38;2;187;132;224m██[38;2;65;65;65m██[38;2;187;132;224m██[38;2;0;0;0m██    
    [38;2;0;0;0m██[38;2;152;99;189m██[38;2;0;0;0m██  [38;2;0;0;0m██[38;2;98;131;139m██[38;2;98;131;139m██[38;2;0;0;0m██[38;2;65;65;65m██[38;2;187;132;224m██[38;2;0;0;0m██  
      [38;2;0;0;0m██      [38;2;0;0;0m██[38;2;0;0;0m██  [38;2;0;0;0m██[38;2;187;132;224m██[38;2;0;0;0m██  
                    [38;2;0;0;0m██[38;2;187;132;224m██[38;2;0;0;0m██  
                    [38;2;0;0;0m██[38;2;187;132;224m██[38;2;0;0;0m██  
                      [38;2;0;0;0m██    
