                          [38;2;7;7;7m██[38;2;7;7;7m██                                                      
                        [38;2;7;7;7m██[38;2;106;218;135m██[38;2;7;7;7m██                                                      
                      [38;2;7;7;7m██[38;2;106;218;135m██[38;2;106;218;135m██[38;2;7;7;7m██            [38;2;7;7;7m██[38;2;7;7;7m██                                      
                      [38;2;7;7;7m██[38;2;106;218;135m██[38;2;106;218;135m██[38;2;7;7;7m██          [38;2;7;7;7m██[38;2;180;250;159m██[38;2;7;7;7m██                                      
                      [38;2;7;7;7m██[38;2;106;218;135m██[38;2;7;7;7m██          [38;2;7;7;7m██[38;2;180;250;159m██[38;2;180;250;159m██[38;2;7;7;7m██                                      
                    [38;2;7;7;7m██[38;2;106;218;135m██[38;2;7;7;7m██          [38;2;7;7;7m██[38;2;7;7;7m██[38;2;180;250;159m██[38;2;180;250;159m██[38;2;7;7;7m██                                      
                  [38;2;7;7;7m██[38;2;106;218;135m██[38;2;106;218;135m██[38;2;7;7;7m██      [38;2;7;7;7m██[38;2;7;7;7m██[38;2;66;66;66m██[38;2;180;250;159m██[38;2;180;250;159m██[38;2;7;7;7m██                                        
                  [38;2;7;7;7m██[38;2;106;218;135m██[38;2;7;7;7m██    [38;2;7;7;7m██[38;2;7;7;7m██[38;2;180;250;159m██[38;2;66;66;66m██[38;2;180;250;159m██[38;2;180;250;159m██[38;2;66;66;66m██[38;2;7;7;7m██                                        
                [38;2;7;7;7m██[38;2;106;218;135m██[38;2;106;218;135m██[38;2;7;7;7m██  [38;2;7;7;7m██[38;2;180;250;159m██[38;2;180;250;159m██[38;2;66;66;66m██[38;2;180;250;159m██[38;2;180;250;159m██[38;2;66;66;66m██[38;2;60;126;108m██[38;2;7;7;7m██                                        
              [38;2;7;7;7m██[38;2;106;218;135m██[38;2;106;218;135m██[38;2;7;7;7m██[38;2;0;157;137m██[38;2;7;7;7m██[38;2;180;250;159m██[38;2;74;167;142m██[38;2;66;66;66m██[38;2;180;250;159m██[38;2;180;250;159m██[38;2;180;250;159m██[38;2;66;66;66m██[38;2;60;126;108m██[38;2;7;7;7m██                                        
              [38;2;7;7;7m██[38;2;106;218;135m██[38;2;106;218;135m██[38;2;66;66;66m██[38;2;7;7;7m██[38;2;180;250;159m██[38;2;74;167;142m██[38;2;66;66;66m██[38;2;180;250;159m██[38;2;180;250;159m██[38;2;180;250;159m██[38;2;66;66;66m██[38;2;66;66;66m██[38;2;7;7;7m██                                          
            [38;2;7;7;7m██[38;2;106;218;135m██[38;2;106;218;135m██[38;2;66;66;66m██[38;2;66;66;66m██[38;2;180;250;159m██[38;2;74;167;142m██[38;2;74;167;142m██[38;2;66;66;66m██[38;2;180;250;159m██[38;2;180;250;159m██[38;2;66;66;66m██[38;2;60;126;108m██[38;2;60;126;108m██[38;2;7;7;7m██                                          
            [38;2;7;7;7m██[38;2;106;218;135m██[38;2;106;218;135m██[38;2;66;66;66m██[38;2;180;250;159m██[38;2;74;167;142m██[38;2;74;167;142m██[38;2;74;167;142m██[38;2;66;66;66m██[38;2;180;250;159m██[38;2;66;66;66m██[38;2;66;66;66m██[38;2;60;126;108m██[38;2;7;7;7m██                                            
  [38;2;7;7;7m██[38;2;7;7;7m██[38;2;7;7;7m██[38;2;7;7;7m██[38;2;7;7;7m██[38;2;66;66;66m██[38;2;106;218;135m██[38;2;66;66;66m██[38;2;66;66;66m██[38;2;66;66;66m██[38;2;66;66;66m██[38;2;74;167;142m██[38;2;66;66;66m██[38;2;180;250;159m██[38;2;180;250;159m██[38;2;66;66;66m██[38;2;60;126;108m██[38;2;7;7;7m██                                              
[38;2;7;7;7m██[38;2;60;126;108m██[38;2;60;126;108m██[38;2;60;126;108m██[38;2;60;126;108m██[38;2;60;126;108m██[38;2;66;66;66m██[38;2;66;66;66m██[38;2;74;167;142m██[38;2;74;167;142m██[38;2;74;167;142m██[38;2;74;167;142m██[38;2;66;66;66m██[38;2;66;66;66m██[38;2;66;66;66m██[38;2;66;66;66m██[38;2;60;126;108m██[38;2;60;126;108m██[38;2;7;7;7m██                                              
  [38;2;7;7;7m██[38;2;7;7;7m██[38;2;60;126;108m██[38;2;60;126;108m██[38;2;66;66;66m██[38;2;180;250;159m██[38;2;74;167;142m██[38;2;66;66;66m██[38;2;66;66;66m██[38;2;66;66;66m██[38;2;74;167;142m██[38;2;74;167;142m██[38;2;74;167;142m██[38;2;74;167;142m██[38;2;66;66;66m██[38;2;60;126;108m██[38;2;7;7;7m██                                                
      [38;2;7;7;7m██[38;2;60;126;108m██[38;2;66;66;66m██[38;2;74;167;142m██[38;2;74;167;142m██[38;2;44;92;79m██[38;2;44;92;79m██[38;2;74;167;142m██[38;2;66;66;66m██[38;2;74;167;142m██[38;2;74;167;142m██[38;2;66;66;66m██[38;2;66;66;66m██[38;2;7;7;7m██                                [38;2;7;7;7m██[38;2;7;7;7m██              
        [38;2;7;7;7m██[38;2;180;250;159m██[38;2;44;92;79m██[38;2;44;92;79m██[38;2;180;250;159m██[38;2;180;250;159m██[38;2;66;66;66m██[38;2;66;66;66m██[38;2;66;66;66m██[38;2;74;167;142m██[38;2;66;66;66m██[38;2;66;66;66m██[38;2;60;126;108m██[38;2;7;7;7m██                            [38;2;7;7;7m██[38;2;185;202;177m██[38;2;7;7;7m██              
          [38;2;7;7;7m██[38;2;180;250;159m██[38;2;180;250;159m██[38;2;255;97;58m██[38;2;7;7;7m██[38;2;255;97;58m██[38;2;66;66;66m██[38;2;74;167;142m██[38;2;74;167;142m██[38;2;66;66;66m██[38;2;60;126;108m██[38;2;60;126;108m██[38;2;7;7;7m██                      [38;2;7;7;7m██  [38;2;7;7;7m██[38;2;185;202;177m██[38;2;7;7;7m██                
          [38;2;7;7;7m██[38;2;106;218;135m██[38;2;66;66;66m██[38;2;66;66;66m██[38;2;255;97;58m██[38;2;66;66;66m██[38;2;66;66;66m██[38;2;74;167;142m██[38;2;74;167;142m██[38;2;66;66;66m██[38;2;60;126;108m██[38;2;66;66;66m██[38;2;7;7;7m██                    [38;2;7;7;7m██[38;2;185;202;177m██[38;2;7;7;7m██[38;2;185;202;177m██[38;2;185;202;177m██[38;2;7;7;7m██    [38;2;7;7;7m██[38;2;7;7;7m██        
        [38;2;7;7;7m██[38;2;106;218;135m██[38;2;106;218;135m██[38;2;99;115;126m██[38;2;66;66;66m██[38;2;66;66;66m██[38;2;66;66;66m██[38;2;74;167;142m██[38;2;74;167;142m██[38;2;66;66;66m██[38;2;74;167;142m██[38;2;66;66;66m██[38;2;7;7;7m██                [38;2;7;7;7m██    [38;2;7;7;7m██[38;2;185;202;177m██[38;2;7;7;7m██[38;2;185;202;177m██[38;2;7;7;7m██  [38;2;7;7;7m██[38;2;7;7;7m██[38;2;185;202;177m██[38;2;185;202;177m██[38;2;7;7;7m██      
        [38;2;7;7;7m██[38;2;66;66;66m██[38;2;66;66;66m██[38;2;99;115;126m██[38;2;99;115;126m██[38;2;66;66;66m██[38;2;74;167;142m██[38;2;74;167;142m██[38;2;74;167;142m██[38;2;66;66;66m██[38;2;180;250;159m██[38;2;74;167;142m██[38;2;7;7;7m██              [38;2;7;7;7m██[38;2;185;202;177m██[38;2;7;7;7m██[38;2;7;7;7m██[38;2;185;202;177m██[38;2;66;66;66m██[38;2;185;202;177m██[38;2;74;167;142m██[38;2;60;126;108m██[38;2;7;7;7m██[38;2;44;92;79m██[38;2;185;202;177m██[38;2;185;202;177m██[38;2;7;7;7m██        
        [38;2;7;7;7m██[38;2;74;167;142m██[38;2;74;167;142m██[38;2;66;66;66m██[38;2;66;66;66m██[38;2;66;66;66m██[38;2;74;167;142m██[38;2;74;167;142m██[38;2;66;66;66m██[38;2;74;167;142m██[38;2;74;167;142m██[38;2;180;250;159m██[38;2;60;126;108m██[38;2;7;7;7m██            [38;2;7;7;7m██[38;2;185;202;177m██[38;2;44;92;79m██[38;2;44;92;79m██[38;2;185;202;177m██[38;2;44;92;79m██[38;2;74;167;142m██[38;2;44;92;79m██[38;2;66;66;66m██[38;2;185;202;177m██[38;2;185;202;177m██[38;2;74;167;142m██[38;2;7;7;7m██          
          [38;2;7;7;7m██[38;2;74;167;142m██[38;2;74;167;142m██[38;2;74;167;142m██[38;2;74;167;142m██[38;2;74;167;142m██[38;2;66;66;66m██[38;2;66;66;66m██[38;2;60;126;108m██[38;2;60;126;108m██[38;2;180;250;159m██[38;2;66;66;66m██[38;2;66;66;66m██[38;2;7;7;7m██          [38;2;7;7;7m██[38;2;185;202;177m██[38;2;44;92;79m██[38;2;74;167;142m██[38;2;44;92;79m██[38;2;74;167;142m██[38;2;44;92;79m██[38;2;60;126;108m██[38;2;44;92;79m██[38;2;74;167;142m██[38;2;74;167;142m██[38;2;66;66;66m██[38;2;7;7;7m██  [38;2;7;7;7m██[38;2;7;7;7m██[38;2;7;7;7m██  
            [38;2;7;7;7m██[38;2;74;167;142m██[38;2;74;167;142m██[38;2;7;7;7m██[38;2;7;7;7m██[38;2;7;7;7m██[38;2;60;126;108m██[38;2;60;126;108m██[38;2;66;66;66m██[38;2;66;66;66m██[38;2;74;167;142m██[38;2;74;167;142m██[38;2;74;167;142m██[38;2;7;7;7m██[38;2;7;7;7m██      [38;2;7;7;7m██[38;2;74;167;142m██[38;2;44;92;79m██[38;2;74;167;142m██[38;2;44;92;79m██[38;2;74;167;142m██[38;2;44;92;79m██[38;2;44;92;79m██[38;2;66;66;66m██[38;2;66;66;66m██[38;2;66;66;66m██[38;2;185;202;177m██[38;2;7;7;7m██[38;2;7;7;7m██[38;2;185;202;177m██[38;2;185;202;177m██[38;2;185;202;177m██[38;2;7;7;7m██
              [38;2;7;7;7m██[38;2;7;7;7m██      [38;2;7;7;7m██[38;2;66;66;66m██[38;2;44;92;79m██[38;2;74;167;142m██[38;2;74;167;142m██[38;2;74;167;142m██[38;2;44;92;79m██[38;2;44;92;79m██[38;2;60;126;108m██[38;2;7;7;7m██      [38;2;7;7;7m██[38;2;44;92;79m██[38;2;74;167;142m██[38;2;44;92;79m██[38;2;44;92;79m██[38;2;66;66;66m██[38;2;66;66;66m██[38;2;180;250;159m██[38;2;180;250;159m██[38;2;66;66;66m██[38;2;44;92;79m██[38;2;185;202;177m██[38;2;185;202;177m██[38;2;185;202;177m██[38;2;185;202;177m██[38;2;7;7;7m██  
                    [38;2;7;7;7m██[38;2;7;7;7m██[38;2;60;126;108m██[38;2;74;167;142m██[38;2;74;167;142m██[38;2;44;92;79m██[38;2;60;126;108m██[38;2;44;92;79m██[38;2;66;146;247m██[38;2;66;146;247m██[38;2;66;146;247m██[38;2;7;7;7m██  [38;2;7;7;7m██[38;2;7;7;7m██[38;2;66;66;66m██[38;2;60;126;108m██[38;2;44;92;79m██[38;2;60;126;108m██[38;2;60;126;108m██[38;2;66;66;66m██[38;2;180;250;159m██[38;2;180;250;159m██[38;2;66;66;66m██[38;2;44;92;79m██[38;2;74;167;142m██[38;2;74;167;142m██[38;2;185;202;177m██[38;2;7;7;7m██[38;2;7;7;7m██    
                [38;2;7;7;7m██[38;2;7;7;7m██[38;2;66;146;247m██[38;2;44;92;79m██[38;2;74;167;142m██[38;2;74;167;142m██[38;2;60;126;108m██[38;2;44;92;79m██[38;2;44;92;79m██[38;2;66;146;247m██[38;2;66;146;247m██[38;2;66;146;247m██[38;2;44;92;79m██[38;2;66;66;66m██[38;2;7;7;7m██[38;2;180;250;159m██[38;2;106;218;135m██[38;2;106;218;135m██[38;2;66;66;66m██[38;2;60;126;108m██[38;2;60;126;108m██[38;2;66;66;66m██[38;2;180;250;159m██[38;2;106;218;135m██[38;2;66;66;66m██[38;2;66;66;66m██[38;2;60;126;108m██[38;2;66;66;66m██[38;2;66;66;66m██[38;2;66;66;66m██[38;2;7;7;7m██      
                [38;2;7;7;7m██[38;2;119;196;242m██[38;2;66;146;247m██[38;2;66;146;247m██[38;2;44;92;79m██[38;2;44;92;79m██[38;2;44;92;79m██[38;2;66;146;247m██[38;2;66;146;247m██[38;2;66;146;247m██[38;2;44;92;79m██[38;2;44;92;79m██[38;2;66;66;66m██[38;2;74;167;142m██[38;2;66;66;66m██[38;2;66;66;66m██[38;2;180;250;159m██[38;2;180;250;159m██[38;2;106;218;135m██[38;2;66;66;66m██[38;2;74;167;142m██[38;2;180;250;159m██[38;2;66;66;66m██[38;2;66;66;66m██[38;2;60;126;108m██[38;2;60;126;108m██[38;2;66;66;66m██[38;2;66;66;66m██[38;2;74;167;142m██[38;2;74;167;142m██[38;2;60;126;108m██[38;2;7;7;7m██    
                [38;2;7;7;7m██[38;2;66;146;247m██[38;2;119;196;242m██[38;2;66;146;247m██[38;2;66;146;247m██[38;2;66;146;247m██[38;2;66;146;247m██[38;2;44;92;79m██[38;2;44;92;79m██[38;2;44;92;79m██[38;2;66;66;66m██[38;2;66;66;66m██[38;2;74;167;142m██[38;2;74;167;142m██[38;2;66;66;66m██[38;2;74;167;142m██[38;2;66;66;66m██[38;2;180;250;159m██[38;2;180;250;159m██[38;2;106;218;135m██[38;2;180;250;159m██[38;2;66;66;66m██[38;2;74;167;142m██[38;2;74;167;142m██[38;2;66;66;66m██[38;2;66;66;66m██[38;2;74;167;142m██[38;2;74;167;142m██[38;2;74;167;142m██[38;2;60;126;108m██[38;2;7;7;7m██      
                  [38;2;7;7;7m██[38;2;119;196;242m██[38;2;119;196;242m██[38;2;66;146;247m██[38;2;44;92;79m██[38;2;44;92;79m██[38;2;60;126;108m██[38;2;66;66;66m██[38;2;66;66;66m██[38;2;74;167;142m██[38;2;74;167;142m██[38;2;74;167;142m██[38;2;66;66;66m██[38;2;74;167;142m██[38;2;74;167;142m██[38;2;60;126;108m██[38;2;66;66;66m██[38;2;180;250;159m██[38;2;180;250;159m██[38;2;106;218;135m██[38;2;74;167;142m██[38;2;74;167;142m██[38;2;74;167;142m██[38;2;74;167;142m██[38;2;74;167;142m██[38;2;66;66;66m██[38;2;66;66;66m██[38;2;60;126;108m██[38;2;60;126;108m██[38;2;7;7;7m██      
                    [38;2;7;7;7m██[38;2;119;196;242m██[38;2;44;92;79m██[38;2;44;92;79m██[38;2;66;66;66m██[38;2;66;66;66m██[38;2;60;126;108m██[38;2;74;167;142m██[38;2;74;167;142m██[38;2;66;66;66m██[38;2;66;66;66m██[38;2;74;167;142m██[38;2;74;167;142m██[38;2;74;167;142m██[38;2;74;167;142m██[38;2;66;66;66m██[38;2;106;218;135m██[38;2;180;250;159m██[38;2;106;218;135m██[38;2;106;218;135m██[38;2;74;167;142m██[38;2;74;167;142m██[38;2;74;167;142m██[38;2;74;167;142m██[38;2;74;167;142m██[38;2;66;66;66m██[38;2;60;126;108m██[38;2;7;7;7m██        
                      [38;2;7;7;7m██[38;2;66;66;66m██[38;2;66;66;66m██[38;2;74;167;142m██[38;2;74;167;142m██[38;2;74;167;142m██[38;2;74;167;142m██[38;2;74;167;142m██[38;2;60;126;108m██[38;2;60;126;108m██[38;2;74;167;142m██[38;2;74;167;142m██[38;2;74;167;142m██[38;2;74;167;142m██[38;2;60;126;108m██[38;2;66;66;66m██[38;2;180;250;159m██[38;2;180;250;159m██[38;2;106;218;135m██[38;2;74;167;142m██[38;2;74;167;142m██[38;2;74;167;142m██[38;2;74;167;142m██[38;2;74;167;142m██[38;2;74;167;142m██[38;2;7;7;7m██          
        [38;2;7;7;7m██[38;2;7;7;7m██        [38;2;7;7;7m██[38;2;74;167;142m██[38;2;74;167;142m██[38;2;74;167;142m██[38;2;74;167;142m██[38;2;74;167;142m██[38;2;66;66;66m██[38;2;66;66;66m██[38;2;60;126;108m██[38;2;60;126;108m██[38;2;60;126;108m██[38;2;60;126;108m██[38;2;60;126;108m██[38;2;74;167;142m██[38;2;60;126;108m██[38;2;60;126;108m██[38;2;66;66;66m██[38;2;180;250;159m██[38;2;180;250;159m██[38;2;106;218;135m██[38;2;74;167;142m██[38;2;74;167;142m██[38;2;74;167;142m██[38;2;74;167;142m██[38;2;74;167;142m██[38;2;74;167;142m██[38;2;7;7;7m██          
        [38;2;7;7;7m██[38;2;180;250;159m██[38;2;7;7;7m██[38;2;7;7;7m██      [38;2;7;7;7m██[38;2;66;66;66m██[38;2;74;167;142m██[38;2;74;167;142m██[38;2;60;126;108m██[38;2;66;66;66m██[38;2;180;250;159m██[38;2;66;66;66m██[38;2;60;126;108m██[38;2;60;126;108m██[38;2;60;126;108m██[38;2;66;66;66m██[38;2;74;167;142m██[38;2;60;126;108m██[38;2;60;126;108m██[38;2;66;66;66m██[38;2;180;250;159m██[38;2;106;218;135m██[38;2;60;126;108m██[38;2;74;167;142m██[38;2;74;167;142m██[38;2;74;167;142m██[38;2;74;167;142m██[38;2;74;167;142m██[38;2;60;126;108m██[38;2;7;7;7m██          
          [38;2;7;7;7m██[38;2;180;250;159m██[38;2;106;218;135m██[38;2;7;7;7m██  [38;2;7;7;7m██[38;2;74;167;142m██[38;2;74;167;142m██[38;2;66;66;66m██[38;2;66;66;66m██[38;2;60;126;108m██[38;2;66;66;66m██[38;2;180;250;159m██[38;2;106;218;135m██[38;2;66;66;66m██[38;2;60;126;108m██[38;2;66;66;66m██[38;2;74;167;142m██[38;2;74;167;142m██[38;2;60;126;108m██[38;2;66;66;66m██[38;2;106;218;135m██[38;2;180;250;159m██[38;2;106;218;135m██[38;2;60;126;108m██[38;2;60;126;108m██[38;2;74;167;142m██[38;2;74;167;142m██[38;2;60;126;108m██[38;2;60;126;108m██[38;2;7;7;7m██            
            [38;2;7;7;7m██[38;2;180;250;159m██[38;2;180;250;159m██[38;2;7;7;7m██[38;2;44;92;79m██[38;2;74;167;142m██[38;2;74;167;142m██[38;2;74;167;142m██[38;2;60;126;108m██[38;2;66;66;66m██[38;2;60;126;108m██[38;2;66;66;66m██[38;2;180;250;159m██[38;2;66;66;66m██[38;2;60;126;108m██[38;2;66;66;66m██[38;2;74;167;142m██[38;2;74;167;142m██[38;2;66;66;66m██[38;2;106;218;135m██[38;2;106;218;135m██[38;2;7;7;7m██[38;2;180;250;159m██[38;2;66;66;66m██[38;2;60;126;108m██[38;2;60;126;108m██[38;2;60;126;108m██[38;2;60;126;108m██[38;2;60;126;108m██[38;2;7;7;7m██[38;2;7;7;7m██          
              [38;2;7;7;7m██[38;2;180;250;159m██[38;2;180;250;159m██[38;2;106;218;135m██[38;2;44;92;79m██[38;2;74;167;142m██[38;2;60;126;108m██[38;2;60;126;108m██[38;2;7;7;7m██[38;2;7;7;7m██[38;2;66;66;66m██[38;2;180;250;159m██[38;2;180;250;159m██[38;2;66;66;66m██[38;2;74;167;142m██[38;2;74;167;142m██[38;2;74;167;142m██[38;2;66;66;66m██[38;2;106;218;135m██[38;2;7;7;7m██  [38;2;7;7;7m██[38;2;180;250;159m██[38;2;66;66;66m██[38;2;66;66;66m██[38;2;60;126;108m██[38;2;60;126;108m██[38;2;60;126;108m██[38;2;66;66;66m██[38;2;60;126;108m██[38;2;7;7;7m██        
                [38;2;7;7;7m██[38;2;180;250;159m██[38;2;180;250;159m██[38;2;44;92;79m██[38;2;74;167;142m██[38;2;60;126;108m██[38;2;7;7;7m██    [38;2;7;7;7m██[38;2;66;66;66m██[38;2;180;250;159m██[38;2;66;66;66m██[38;2;74;167;142m██[38;2;74;167;142m██[38;2;74;167;142m██[38;2;66;66;66m██[38;2;7;7;7m██      [38;2;7;7;7m██[38;2;180;250;159m██[38;2;106;218;135m██[38;2;66;66;66m██[38;2;66;66;66m██[38;2;60;126;108m██[38;2;60;126;108m██[38;2;185;202;177m██[38;2;7;7;7m██        
                [38;2;7;7;7m██[38;2;180;250;159m██[38;2;180;250;159m██[38;2;44;92;79m██[38;2;74;167;142m██[38;2;60;126;108m██[38;2;60;126;108m██[38;2;7;7;7m██    [38;2;7;7;7m██[38;2;180;250;159m██[38;2;180;250;159m██[38;2;66;66;66m██[38;2;74;167;142m██[38;2;74;167;142m██[38;2;60;126;108m██[38;2;7;7;7m██        [38;2;7;7;7m██[38;2;180;250;159m██[38;2;180;250;159m██[38;2;66;66;66m██[38;2;60;126;108m██[38;2;185;202;177m██[38;2;60;126;108m██[38;2;7;7;7m██        
                [38;2;7;7;7m██[38;2;180;250;159m██[38;2;44;92;79m██[38;2;74;167;142m██[38;2;60;126;108m██[38;2;60;126;108m██[38;2;60;126;108m██[38;2;7;7;7m██      [38;2;66;66;66m██[38;2;180;250;159m██[38;2;180;250;159m██[38;2;44;92;79m██[38;2;74;167;142m██[38;2;60;126;108m██[38;2;7;7;7m██        [38;2;7;7;7m██[38;2;7;7;7m██[38;2;180;250;159m██[38;2;180;250;159m██[38;2;7;7;7m██[38;2;60;126;108m██[38;2;185;202;177m██[38;2;7;7;7m██        
              [38;2;7;7;7m██[38;2;185;202;177m██[38;2;44;92;79m██[38;2;185;202;177m██[38;2;74;167;142m██[38;2;185;202;177m██[38;2;60;126;108m██[38;2;185;202;177m██[38;2;7;7;7m██      [38;2;7;7;7m██[38;2;180;250;159m██[38;2;180;250;159m██[38;2;44;92;79m██[38;2;60;126;108m██[38;2;60;126;108m██[38;2;60;126;108m██[38;2;7;7;7m██          [38;2;7;7;7m██[38;2;7;7;7m██[38;2;7;7;7m██[38;2;185;202;177m██[38;2;185;202;177m██[38;2;185;202;177m██[38;2;7;7;7m██      
              [38;2;7;7;7m██[38;2;74;167;142m██[38;2;185;202;177m██[38;2;74;167;142m██[38;2;185;202;177m██[38;2;60;126;108m██[38;2;185;202;177m██[38;2;60;126;108m██[38;2;185;202;177m██[38;2;7;7;7m██  [38;2;7;7;7m██[38;2;44;92;79m██[38;2;180;250;159m██[38;2;44;92;79m██[38;2;74;167;142m██[38;2;185;202;177m██[38;2;60;126;108m██[38;2;185;202;177m██[38;2;7;7;7m██                [38;2;7;7;7m██[38;2;185;202;177m██[38;2;185;202;177m██[38;2;7;7;7m██      
              [38;2;7;7;7m██[38;2;185;202;177m██[38;2;185;202;177m██[38;2;185;202;177m██[38;2;66;66;66m██[38;2;185;202;177m██[38;2;185;202;177m██[38;2;185;202;177m██[38;2;185;202;177m██[38;2;7;7;7m██  [38;2;7;7;7m██[38;2;74;167;142m██[38;2;44;92;79m██[38;2;74;167;142m██[38;2;185;202;177m██[38;2;74;167;142m██[38;2;185;202;177m██[38;2;60;126;108m██[38;2;185;202;177m██[38;2;7;7;7m██                [38;2;7;7;7m██[38;2;185;202;177m██[38;2;7;7;7m██      
              [38;2;7;7;7m██[38;2;66;66;66m██[38;2;185;202;177m██[38;2;66;66;66m██[38;2;185;202;177m██[38;2;66;66;66m██[38;2;185;202;177m██[38;2;185;202;177m██[38;2;66;66;66m██[38;2;7;7;7m██  [38;2;7;7;7m██[38;2;185;202;177m██[38;2;185;202;177m██[38;2;185;202;177m██[38;2;185;202;177m██[38;2;66;66;66m██[38;2;185;202;177m██[38;2;185;202;177m██[38;2;185;202;177m██[38;2;7;7;7m██                [38;2;7;7;7m██[38;2;185;202;177m██[38;2;7;7;7m██      
              [38;2;7;7;7m██[38;2;185;202;177m██[38;2;66;66;66m██[38;2;66;66;66m██[38;2;185;202;177m██[38;2;185;202;177m██[38;2;66;66;66m██[38;2;66;66;66m██[38;2;185;202;177m██[38;2;7;7;7m██  [38;2;7;7;7m██[38;2;66;66;66m██[38;2;185;202;177m██[38;2;185;202;177m██[38;2;66;66;66m██[38;2;185;202;177m██[38;2;66;66;66m██[38;2;185;202;177m██[38;2;185;202;177m██[38;2;7;7;7m██                  [38;2;7;7;7m██        
                [38;2;7;7;7m██[38;2;185;202;177m██[38;2;7;7;7m██[38;2;185;202;177m██[38;2;7;7;7m██[38;2;66;66;66m██[38;2;185;202;177m██[38;2;7;7;7m██      [38;2;7;7;7m██[38;2;66;66;66m██[38;2;66;66;66m██[38;2;7;7;7m██[38;2;185;202;177m██[38;2;185;202;177m██[38;2;66;66;66m██[38;2;66;66;66m██[38;2;185;202;177m██[38;2;7;7;7m██                          
                [38;2;7;7;7m██[38;2;185;202;177m██[38;2;7;7;7m██[38;2;7;7;7m██  [38;2;7;7;7m██[38;2;185;202;177m██[38;2;7;7;7m██      [38;2;7;7;7m██[38;2;185;202;177m██[38;2;7;7;7m██  [38;2;7;7;7m██[38;2;185;202;177m██[38;2;7;7;7m██[38;2;185;202;177m██[38;2;185;202;177m██[38;2;7;7;7m██                          
                  [38;2;7;7;7m██        [38;2;7;7;7m██        [38;2;7;7;7m██[38;2;185;202;177m██[38;2;7;7;7m██  [38;2;7;7;7m██[38;2;7;7;7m██  [38;2;7;7;7m██[38;2;185;202;177m██[38;2;7;7;7m██                          
                                        [38;2;7;7;7m██            [38;2;7;7;7m██                            
