            [38;2;0;0;0m██[38;2;0;0;0m██[38;2;0;0;0m██[38;2;0;0;0m██          
          [38;2;0;0;0m██[38;2;181;132;90m██[38;2;181;132;90m██[38;2;181;132;90m██[38;2;143;93;84m██[38;2;0;0;0m██        
        [38;2;0;0;0m██[38;2;181;132;90m██[38;2;181;132;90m██[38;2;181;132;90m██[38;2;181;132;90m██[38;2;181;132;90m██[38;2;143;93;84m██[38;2;0;0;0m██      
        [38;2;0;0;0m██[38;2;143;93;84m██[38;2;181;132;90m██[38;2;0;0;0m██[38;2;181;132;90m██[38;2;181;132;90m██[38;2;181;132;90m██[38;2;0;0;0m██      
      [38;2;0;0;0m██[38;2;87;116;247m██[38;2;181;195;255m██[38;2;143;93;84m██[38;2;0;0;0m██[38;2;181;132;90m██[38;2;181;132;90m██[38;2;181;132;90m██[38;2;0;0;0m██      
      [38;2;0;0;0m██[38;2;65;65;65m██[38;2;63;87;196m██[38;2;63;87;196m██[38;2;143;93;84m██[38;2;181;132;90m██[38;2;181;132;90m██[38;2;181;132;90m██[38;2;0;0;0m██      
    [38;2;0;0;0m██[38;2;65;65;65m██[38;2;181;132;90m██[38;2;65;65;65m██[38;2;65;65;65m██[38;2;181;132;90m██[38;2;181;132;90m██[38;2;181;132;90m██[38;2;143;93;84m██[38;2;0;0;0m██      
  [38;2;0;0;0m██[38;2;189;181;165m██[38;2;65;65;65m██[38;2;143;93;84m██[38;2;181;132;90m██[38;2;181;132;90m██[38;2;181;132;90m██[38;2;143;93;84m██[38;2;143;93;84m██[38;2;143;93;84m██[38;2;65;65;65m██[38;2;0;0;0m██[38;2;0;0;0m██  
[38;2;0;0;0m██[38;2;132;132;115m██[38;2;107;107;82m██[38;2;107;107;82m██[38;2;65;65;65m██[38;2;65;65;65m██[38;2;143;93;84m██[38;2;143;93;84m██[38;2;143;93;84m██[38;2;143;93;84m██[38;2;143;93;84m██[38;2;65;65;65m██[38;2;107;107;82m██[38;2;65;65;65m██[38;2;0;0;0m██
[38;2;0;0;0m██[38;2;107;107;82m██[38;2;107;107;82m██[38;2;65;65;65m██[38;2;189;181;165m██[38;2;189;181;165m██[38;2;65;65;65m██[38;2;143;93;84m██[38;2;143;93;84m██[38;2;65;65;65m██[38;2;65;65;65m██[38;2;189;181;165m██[38;2;107;107;82m██[38;2;107;107;82m██[38;2;0;0;0m██
  [38;2;0;0;0m██[38;2;0;0;0m██[38;2;189;181;165m██[38;2;189;181;165m██[38;2;107;107;82m██[38;2;65;65;65m██[38;2;189;181;165m██[38;2;189;181;165m██[38;2;107;107;82m██[38;2;132;132;115m██[38;2;107;107;82m██[38;2;107;107;82m██[38;2;0;0;0m██  
      [38;2;0;0;0m██[38;2;132;132;115m██[38;2;132;132;115m██[38;2;107;107;82m██[38;2;107;107;82m██[38;2;132;132;115m██[38;2;132;132;115m██[38;2;0;0;0m██[38;2;132;132;115m██[38;2;65;65;65m██[38;2;0;0;0m██  
        [38;2;0;0;0m██[38;2;0;0;0m██[38;2;107;107;82m██[38;2;107;107;82m██[38;2;0;0;0m██[38;2;0;0;0m██  [38;2;0;0;0m██[38;2;0;0;0m██    
            [38;2;0;0;0m██[38;2;0;0;0m██              
