                      [38;2;0;0;0m██[38;2;0;0;0m██[38;2;0;0;0m██                  
                  [38;2;0;0;0m██[38;2;0;0;0m██[38;2;255;246;172m██[38;2;255;246;172m██[38;2;255;246;172m██[38;2;0;0;0m██                
                [38;2;0;0;0m██[38;2;255;246;172m██[38;2;197;189;90m██[38;2;74;74;74m██[38;2;74;74;74m██[38;2;255;246;172m██[38;2;255;246;172m██[38;2;0;0;0m██              
              [38;2;0;0;0m██[38;2;255;246;172m██[38;2;74;74;74m██[38;2;172;77;51m██[38;2;172;77;51m██[38;2;172;77;51m██[38;2;74;74;74m██[38;2;255;246;172m██[38;2;255;246;172m██[38;2;0;0;0m██            
            [38;2;0;0;0m██[38;2;197;189;90m██[38;2;74;74;74m██[38;2;172;77;51m██[38;2;172;77;51m██[38;2;0;0;0m██[38;2;172;77;51m██[38;2;172;77;51m██[38;2;74;74;74m██[38;2;255;246;172m██[38;2;0;0;0m██            
            [38;2;0;0;0m██[38;2;197;189;90m██[38;2;74;74;74m██[38;2;145;50;24m██[38;2;172;77;51m██[38;2;0;0;0m██[38;2;172;77;51m██[38;2;172;77;51m██[38;2;74;74;74m██[38;2;255;255;255m██[38;2;0;0;0m██            
          [38;2;0;0;0m██[38;2;197;189;90m██[38;2;74;74;74m██[38;2;255;255;255m██[38;2;53;145;228m██[38;2;53;145;228m██[38;2;172;77;51m██[38;2;172;77;51m██[38;2;172;77;51m██[38;2;74;74;74m██[38;2;255;246;172m██[38;2;255;246;172m██[38;2;0;0;0m██          
        [38;2;0;0;0m██[38;2;197;189;90m██[38;2;197;189;90m██[38;2;74;74;74m██[38;2;50;98;172m██[38;2;53;145;228m██[38;2;50;98;172m██[38;2;108;74;62m██[38;2;172;77;51m██[38;2;74;74;74m██[38;2;255;246;172m██[38;2;255;246;172m██[38;2;255;246;172m██[38;2;255;246;172m██[38;2;0;0;0m██        
        [38;2;0;0;0m██[38;2;74;74;74m██[38;2;74;74;74m██[38;2;74;74;74m██[38;2;74;74;74m██[38;2;108;74;62m██[38;2;108;74;62m██[38;2;172;77;51m██[38;2;172;77;51m██[38;2;74;74;74m██[38;2;255;246;172m██[38;2;255;246;172m██[38;2;255;246;172m██[38;2;197;189;90m██[38;2;197;189;90m██[38;2;0;0;0m██      
        [38;2;0;0;0m██[38;2;255;246;172m██[38;2;255;246;172m██[38;2;255;246;172m██[38;2;255;246;172m██[38;2;74;74;74m██[38;2;145;50;24m██[38;2;145;50;24m██[38;2;145;50;24m██[38;2;145;50;24m██[38;2;74;74;74m██[38;2;255;246;172m██[38;2;197;189;90m██[38;2;197;189;90m██[38;2;197;189;90m██[38;2;0;0;0m██      
      [38;2;0;0;0m██[38;2;255;246;172m██[38;2;74;74;74m██[38;2;74;74;74m██[38;2;255;246;172m██[38;2;255;246;172m██[38;2;255;246;172m██[38;2;74;74;74m██[38;2;145;50;24m██[38;2;74;74;74m██[38;2;74;74;74m██[38;2;74;74;74m██[38;2;74;74;74m██[38;2;197;189;90m██[38;2;197;189;90m██[38;2;197;189;90m██[38;2;0;0;0m██      
  [38;2;0;0;0m██[38;2;0;0;0m██[38;2;255;246;172m██[38;2;74;74;74m██[38;2;145;50;24m██[38;2;172;77;51m██[38;2;74;74;74m██[38;2;255;246;172m██[38;2;197;189;90m██[38;2;197;189;90m██[38;2;74;74;74m██[38;2;255;246;172m██[38;2;255;246;172m██[38;2;255;246;172m██[38;2;255;246;172m██[38;2;74;74;74m██[38;2;197;189;90m██[38;2;255;246;172m██[38;2;197;189;90m██[38;2;0;0;0m██[38;2;0;0;0m██[38;2;0;0;0m██
[38;2;0;0;0m██[38;2;255;246;172m██[38;2;255;246;172m██[38;2;74;74;74m██[38;2;74;74;74m██[38;2;172;77;51m██[38;2;172;77;51m██[38;2;0;0;0m██[38;2;74;74;74m██[38;2;197;189;90m██[38;2;74;74;74m██[38;2;255;246;172m██[38;2;74;74;74m██[38;2;74;74;74m██[38;2;255;246;172m██[38;2;255;246;172m██[38;2;255;246;172m██[38;2;74;74;74m██[38;2;197;189;90m██[38;2;197;189;90m██[38;2;197;189;90m██[38;2;197;189;90m██[38;2;0;0;0m██
  [38;2;0;0;0m██[38;2;74;74;74m██[38;2;74;74;74m██[38;2;255;255;255m██[38;2;53;145;228m██[38;2;145;50;24m██[38;2;0;0;0m██[38;2;172;77;51m██[38;2;74;74;74m██[38;2;255;246;172m██[38;2;74;74;74m██[38;2;172;77;51m██[38;2;172;77;51m██[38;2;0;0;0m██[38;2;255;246;172m██[38;2;255;246;172m██[38;2;197;189;90m██[38;2;74;74;74m██[38;2;197;189;90m██[38;2;197;189;90m██[38;2;0;0;0m██  
[38;2;0;0;0m██[38;2;131;131;131m██[38;2;131;131;131m██[38;2;74;74;74m██[38;2;50;98;172m██[38;2;53;145;228m██[38;2;53;145;228m██[38;2;108;74;62m██[38;2;172;77;51m██[38;2;74;74;74m██[38;2;74;74;74m██[38;2;53;145;228m██[38;2;255;255;255m██[38;2;50;98;172m██[38;2;0;0;0m██[38;2;172;77;51m██[38;2;255;246;172m██[38;2;255;246;172m██[38;2;74;74;74m██[38;2;90;90;90m██[38;2;0;0;0m██    
[38;2;0;0;0m██[38;2;131;131;131m██[38;2;74;74;74m██[38;2;90;90;90m██[38;2;74;74;74m██[38;2;108;74;62m██[38;2;108;74;62m██[38;2;145;50;24m██[38;2;145;50;24m██[38;2;74;74;74m██[38;2;74;74;74m██[38;2;50;98;172m██[38;2;53;145;228m██[38;2;53;145;228m██[38;2;172;77;51m██[38;2;172;77;51m██[38;2;255;246;172m██[38;2;255;246;172m██[38;2;74;74;74m██[38;2;90;90;90m██[38;2;0;0;0m██    
  [38;2;0;0;0m██[38;2;90;90;90m██[38;2;131;131;131m██[38;2;131;131;131m██[38;2;74;74;74m██[38;2;145;50;24m██[38;2;145;50;24m██[38;2;145;50;24m██[38;2;74;74;74m██[38;2;145;50;24m██[38;2;74;74;74m██[38;2;108;74;62m██[38;2;108;74;62m██[38;2;172;77;51m██[38;2;172;77;51m██[38;2;74;74;74m██[38;2;74;74;74m██[38;2;90;90;90m██[38;2;0;0;0m██      
  [38;2;0;0;0m██[38;2;90;90;90m██[38;2;131;131;131m██[38;2;131;131;131m██[38;2;74;74;74m██[38;2;74;74;74m██[38;2;74;74;74m██[38;2;131;131;131m██[38;2;131;131;131m██[38;2;74;74;74m██[38;2;172;77;51m██[38;2;172;77;51m██[38;2;172;77;51m██[38;2;172;77;51m██[38;2;145;50;24m██[38;2;74;74;74m██[38;2;90;90;90m██[38;2;90;90;90m██[38;2;90;90;90m██[38;2;0;0;0m██    
    [38;2;0;0;0m██[38;2;90;90;90m██[38;2;74;74;74m██[38;2;74;74;74m██[38;2;90;90;90m██[38;2;131;131;131m██[38;2;131;131;131m██[38;2;90;90;90m██[38;2;74;74;74m██[38;2;145;50;24m██[38;2;145;50;24m██[38;2;145;50;24m██[38;2;145;50;24m██[38;2;145;50;24m██[38;2;74;74;74m██[38;2;131;131;131m██[38;2;74;74;74m██[38;2;90;90;90m██[38;2;90;90;90m██[38;2;0;0;0m██  
      [38;2;0;0;0m██[38;2;0;0;0m██[38;2;90;90;90m██[38;2;90;90;90m██[38;2;74;74;74m██[38;2;90;90;90m██[38;2;90;90;90m██[38;2;90;90;90m██[38;2;74;74;74m██[38;2;145;50;24m██[38;2;145;50;24m██[38;2;145;50;24m██[38;2;74;74;74m██[38;2;131;131;131m██[38;2;131;131;131m██[38;2;131;131;131m██[38;2;74;74;74m██[38;2;90;90;90m██[38;2;0;0;0m██  
          [38;2;0;0;0m██[38;2;0;0;0m██[38;2;90;90;90m██[38;2;90;90;90m██[38;2;131;131;131m██[38;2;131;131;131m██[38;2;90;90;90m██[38;2;90;90;90m██[38;2;74;74;74m██[38;2;90;90;90m██[38;2;74;74;74m██[38;2;90;90;90m██[38;2;131;131;131m██[38;2;90;90;90m██[38;2;0;0;0m██[38;2;0;0;0m██    
              [38;2;0;0;0m██[38;2;90;90;90m██[38;2;131;131;131m██[38;2;131;131;131m██[38;2;0;0;0m██[38;2;0;0;0m██[38;2;90;90;90m██[38;2;90;90;90m██[38;2;90;90;90m██[38;2;74;74;74m██[38;2;90;90;90m██[38;2;0;0;0m██        
                [38;2;0;0;0m██[38;2;0;0;0m██[38;2;0;0;0m██    [38;2;0;0;0m██[38;2;90;90;90m██[38;2;90;90;90m██[38;2;0;0;0m██[38;2;0;0;0m██          
                            [38;2;0;0;0m██[38;2;0;0;0m██              
