    [38;2;0;0;0m██[38;2;0;0;0m██[38;2;0;0;0m██                                          
    [38;2;0;0;0m██[38;2;247;230;41m██[38;2;206;156;90m██[38;2;0;0;0m██              [38;2;0;0;0m██[38;2;0;0;0m██[38;2;0;0;0m██                    
    [38;2;0;0;0m██[38;2;247;230;41m██[38;2;206;156;90m██[38;2;247;230;41m██[38;2;0;0;0m██        [38;2;0;0;0m██[38;2;0;0;0m██[38;2;247;230;41m██[38;2;247;230;41m██[38;2;0;0;0m██                    
[38;2;0;0;0m██[38;2;0;0;0m██[38;2;65;65;65m██[38;2;206;156;90m██[38;2;247;230;41m██[38;2;247;230;41m██[38;2;0;0;0m██[38;2;0;0;0m██[38;2;0;0;0m██  [38;2;0;0;0m██[38;2;247;230;41m██[38;2;206;156;90m██[38;2;247;230;41m██[38;2;247;230;41m██[38;2;0;0;0m██                    
[38;2;0;0;0m██[38;2;174;113;17m██[38;2;174;113;17m██[38;2;65;65;65m██[38;2;247;230;41m██[38;2;172;92;168m██[38;2;247;157;241m██[38;2;247;157;241m██[38;2;172;92;168m██[38;2;0;0;0m██[38;2;206;156;90m██[38;2;247;230;41m██[38;2;247;230;41m██[38;2;206;156;90m██[38;2;0;0;0m██              [38;2;0;0;0m██[38;2;0;0;0m██[38;2;0;0;0m██[38;2;0;0;0m██
[38;2;0;0;0m██[38;2;174;113;17m██[38;2;174;113;17m██[38;2;65;65;65m██[38;2;172;92;168m██[38;2;247;157;241m██[38;2;247;157;241m██[38;2;247;157;241m██[38;2;195;126;172m██[38;2;65;65;65m██[38;2;247;230;41m██[38;2;206;156;90m██[38;2;247;230;41m██[38;2;0;0;0m██          [38;2;0;0;0m██[38;2;0;0;0m██[38;2;0;0;0m██[38;2;174;113;17m██[38;2;174;113;17m██[38;2;174;113;17m██[38;2;0;0;0m██
[38;2;0;0;0m██[38;2;174;113;17m██[38;2;174;113;17m██[38;2;174;113;17m██[38;2;65;65;65m██[38;2;247;157;241m██[38;2;247;157;241m██[38;2;195;126;172m██[38;2;195;126;172m██[38;2;65;65;65m██[38;2;206;156;90m██[38;2;206;156;90m██[38;2;65;65;65m██[38;2;0;0;0m██    [38;2;0;0;0m██[38;2;0;0;0m██[38;2;0;0;0m██[38;2;224;180;71m██[38;2;224;180;71m██[38;2;224;180;71m██[38;2;224;180;71m██[38;2;174;113;17m██[38;2;174;113;17m██[38;2;0;0;0m██
  [38;2;0;0;0m██[38;2;65;65;65m██[38;2;65;65;65m██[38;2;247;157;241m██[38;2;247;157;241m██[38;2;247;157;241m██[38;2;195;126;172m██[38;2;195;126;172m██[38;2;195;126;172m██[38;2;65;65;65m██[38;2;65;65;65m██[38;2;195;126;172m██[38;2;65;65;65m██[38;2;0;0;0m██[38;2;0;0;0m██[38;2;224;180;71m██[38;2;224;180;71m██[38;2;224;180;71m██[38;2;224;180;71m██[38;2;224;180;71m██[38;2;224;180;71m██[38;2;224;180;71m██[38;2;174;113;17m██[38;2;174;113;17m██[38;2;0;0;0m██
  [38;2;0;0;0m██[38;2;174;113;17m██[38;2;65;65;65m██[38;2;247;157;241m██[38;2;247;157;241m██[38;2;195;126;172m██[38;2;195;126;172m██[38;2;195;126;172m██[38;2;172;92;168m██[38;2;172;92;168m██[38;2;172;92;168m██[38;2;195;126;172m██[38;2;195;126;172m██[38;2;65;65;65m██[38;2;224;180;71m██[38;2;224;180;71m██[38;2;230;74;41m██[38;2;230;74;41m██[38;2;230;74;41m██[38;2;230;74;41m██[38;2;230;74;41m██[38;2;224;180;71m██[38;2;174;113;17m██[38;2;174;113;17m██[38;2;0;0;0m██
  [38;2;0;0;0m██[38;2;174;113;17m██[38;2;65;65;65m██[38;2;195;126;172m██[38;2;247;157;241m██[38;2;195;126;172m██[38;2;172;92;168m██[38;2;172;92;168m██[38;2;247;230;41m██[38;2;206;156;90m██[38;2;65;65;65m██[38;2;195;126;172m██[38;2;195;126;172m██[38;2;65;65;65m██[38;2;224;180;71m██[38;2;230;74;41m██[38;2;230;74;41m██[38;2;224;180;71m██[38;2;224;180;71m██[38;2;230;74;41m██[38;2;230;74;41m██[38;2;65;65;65m██[38;2;65;65;65m██[38;2;0;0;0m██  
    [38;2;0;0;0m██[38;2;65;65;65m██[38;2;195;126;172m██[38;2;195;126;172m██[38;2;195;126;172m██[38;2;65;65;65m██[38;2;247;230;41m██[38;2;206;156;90m██[38;2;247;230;41m██[38;2;65;65;65m██[38;2;195;126;172m██[38;2;195;126;172m██[38;2;172;92;168m██[38;2;65;65;65m██[38;2;224;180;71m██[38;2;230;74;41m██[38;2;230;74;41m██[38;2;230;74;41m██[38;2;230;74;41m██[38;2;224;180;71m██[38;2;224;180;71m██[38;2;0;0;0m██    
    [38;2;0;0;0m██[38;2;174;113;17m██[38;2;65;65;65m██[38;2;195;126;172m██[38;2;195;126;172m██[38;2;65;65;65m██[38;2;172;92;168m██[38;2;247;230;41m██[38;2;206;156;90m██[38;2;65;65;65m██[38;2;195;126;172m██[38;2;65;65;65m██[38;2;65;65;65m██[38;2;65;65;65m██[38;2;224;180;71m██[38;2;224;180;71m██[38;2;224;180;71m██[38;2;224;180;71m██[38;2;224;180;71m██[38;2;224;180;71m██[38;2;174;113;17m██[38;2;174;113;17m██[38;2;0;0;0m██  
      [38;2;0;0;0m██[38;2;65;65;65m██[38;2;65;65;65m██[38;2;65;65;65m██[38;2;195;126;172m██[38;2;172;92;168m██[38;2;65;65;65m██[38;2;65;65;65m██[38;2;195;126;172m██[38;2;65;65;65m██[38;2;230;74;41m██[38;2;230;74;41m██[38;2;65;65;65m██[38;2;224;180;71m██[38;2;230;74;41m██[38;2;230;74;41m██[38;2;230;74;41m██[38;2;224;180;71m██[38;2;224;180;71m██[38;2;174;113;17m██[38;2;174;113;17m██[38;2;0;0;0m██  
        [38;2;0;0;0m██[38;2;65;65;65m██[38;2;195;126;172m██[38;2;195;126;172m██[38;2;195;126;172m██[38;2;195;126;172m██[38;2;172;92;168m██[38;2;65;65;65m██[38;2;230;74;41m██[38;2;230;74;41m██[38;2;65;65;65m██[38;2;65;65;65m██[38;2;65;65;65m██[38;2;224;180;71m██[38;2;224;180;71m██[38;2;224;180;71m██[38;2;224;180;71m██[38;2;174;113;17m██[38;2;65;65;65m██[38;2;65;65;65m██[38;2;0;0;0m██  
        [38;2;0;0;0m██[38;2;230;74;41m██[38;2;65;65;65m██[38;2;172;92;168m██[38;2;172;92;168m██[38;2;172;92;168m██[38;2;195;126;172m██[38;2;195;126;172m██[38;2;65;65;65m██[38;2;65;65;65m██[38;2;230;74;41m██[38;2;65;65;65m██[38;2;195;126;172m██[38;2;65;65;65m██[38;2;224;180;71m██[38;2;224;180;71m██[38;2;174;113;17m██[38;2;174;113;17m██[38;2;174;113;17m██[38;2;0;0;0m██    
          [38;2;0;0;0m██[38;2;230;74;41m██[38;2;65;65;65m██[38;2;65;65;65m██[38;2;195;126;172m██[38;2;195;126;172m██[38;2;65;65;65m██[38;2;230;74;41m██[38;2;230;74;41m██[38;2;65;65;65m██[38;2;172;92;168m██[38;2;65;65;65m██[38;2;65;65;65m██[38;2;174;113;17m██[38;2;174;113;17m██[38;2;174;113;17m██[38;2;174;113;17m██[38;2;0;0;0m██      
            [38;2;0;0;0m██[38;2;0;0;0m██[38;2;0;0;0m██[38;2;65;65;65m██[38;2;65;65;65m██[38;2;65;65;65m██[38;2;65;65;65m██[38;2;65;65;65m██[38;2;172;92;168m██[38;2;195;126;172m██[38;2;65;65;65m██[38;2;174;113;17m██[38;2;174;113;17m██[38;2;174;113;17m██[38;2;0;0;0m██[38;2;0;0;0m██        
                  [38;2;0;0;0m██[38;2;0;0;0m██[38;2;0;0;0m██[38;2;172;92;168m██[38;2;65;65;65m██[38;2;0;0;0m██[38;2;0;0;0m██[38;2;65;65;65m██[38;2;174;113;17m██[38;2;0;0;0m██[38;2;0;0;0m██            
                        [38;2;0;0;0m██[38;2;0;0;0m██  [38;2;0;0;0m██[38;2;0;0;0m██[38;2;0;0;0m██                
