                        [38;2;0;0;0m██[38;2;0;0;0m██[38;2;0;0;0m██[38;2;0;0;0m██      
                      [38;2;0;0;0m██[38;2;119;158;0m██[38;2;112;112;104m██[38;2;145;145;136m██[38;2;145;145;136m██[38;2;0;0;0m██    
                  [38;2;0;0;0m██[38;2;0;0;0m██[38;2;65;65;65m██[38;2;90;90;81m██[38;2;90;90;81m██[38;2;145;145;136m██[38;2;112;112;104m██[38;2;112;112;104m██[38;2;0;0;0m██  
                [38;2;0;0;0m██[38;2;112;112;104m██[38;2;145;145;136m██[38;2;145;145;136m██[38;2;112;112;104m██[38;2;145;145;136m██[38;2;90;90;81m██[38;2;145;145;136m██[38;2;145;145;136m██[38;2;0;0;0m██  
        [38;2;0;0;0m██[38;2;0;0;0m██  [38;2;0;0;0m██[38;2;145;145;136m██[38;2;112;112;104m██[38;2;112;112;104m██[38;2;112;112;104m██[38;2;145;145;136m██[38;2;145;145;136m██[38;2;145;145;136m██[38;2;90;90;81m██[38;2;90;90;81m██[38;2;0;0;0m██  
        [38;2;0;0;0m██[38;2;255;255;255m██[38;2;0;0;0m██[38;2;65;65;65m██[38;2;112;112;104m██[38;2;145;145;136m██[38;2;145;145;136m██[38;2;145;145;136m██[38;2;145;145;136m██[38;2;145;145;136m██[38;2;112;112;104m██[38;2;145;145;136m██[38;2;112;112;104m██[38;2;0;0;0m██  
      [38;2;0;0;0m██[38;2;65;65;65m██[38;2;0;0;0m██[38;2;65;65;65m██[38;2;145;145;136m██[38;2;0;0;0m██[38;2;0;0;0m██[38;2;145;145;136m██[38;2;145;145;136m██[38;2;145;145;136m██[38;2;112;112;104m██[38;2;119;158;0m██[38;2;90;90;81m██[38;2;112;112;104m██[38;2;112;112;104m██[38;2;0;0;0m██
    [38;2;0;0;0m██[38;2;255;100;41m██[38;2;65;65;65m██[38;2;255;100;41m██[38;2;65;65;65m██[38;2;65;65;65m██[38;2;0;0;0m██[38;2;255;255;255m██[38;2;0;0;0m██[38;2;90;90;81m██[38;2;145;145;136m██[38;2;145;145;136m██[38;2;90;90;81m██[38;2;112;112;104m██[38;2;112;112;104m██[38;2;112;112;104m██[38;2;0;0;0m██
  [38;2;0;0;0m██[38;2;255;100;41m██[38;2;255;100;41m██[38;2;255;100;41m██[38;2;65;65;65m██[38;2;255;100;41m██[38;2;255;100;41m██[38;2;65;65;65m██[38;2;0;0;0m██[38;2;0;0;0m██[38;2;65;65;65m██[38;2;65;65;65m██[38;2;145;145;136m██[38;2;145;145;136m██[38;2;112;112;104m██[38;2;112;112;104m██[38;2;112;112;104m██[38;2;0;0;0m██
  [38;2;0;0;0m██[38;2;173;59;49m██[38;2;255;100;41m██[38;2;65;65;65m██[38;2;255;100;41m██[38;2;255;100;41m██[38;2;255;100;41m██[38;2;65;65;65m██[38;2;255;100;41m██[38;2;65;65;65m██[38;2;65;65;65m██[38;2;65;65;65m██[38;2;145;145;136m██[38;2;90;90;81m██[38;2;90;90;81m██[38;2;90;90;81m██[38;2;90;90;81m██[38;2;0;0;0m██
[38;2;0;0;0m██[38;2;255;100;41m██[38;2;255;100;41m██[38;2;173;59;49m██[38;2;65;65;65m██[38;2;206;89;66m██[38;2;173;59;49m██[38;2;255;100;41m██[38;2;255;100;41m██[38;2;65;65;65m██[38;2;255;100;41m██[38;2;255;100;41m██[38;2;65;65;65m██[38;2;65;65;65m██[38;2;90;90;81m██[38;2;90;90;81m██[38;2;90;90;81m██[38;2;0;0;0m██  
[38;2;0;0;0m██[38;2;255;100;41m██[38;2;206;89;66m██[38;2;0;0;0m██[38;2;0;0;0m██[38;2;0;0;0m██[38;2;206;89;66m██[38;2;206;89;66m██[38;2;65;65;65m██[38;2;255;100;41m██[38;2;255;100;41m██[38;2;255;100;41m██[38;2;255;100;41m██[38;2;65;65;65m██[38;2;65;65;65m██[38;2;90;90;81m██[38;2;0;0;0m██    
[38;2;0;0;0m██[38;2;255;100;41m██[38;2;0;0;0m██      [38;2;0;0;0m██[38;2;0;0;0m██[38;2;65;65;65m██[38;2;173;59;49m██[38;2;173;59;49m██[38;2;255;100;41m██[38;2;255;100;41m██[38;2;65;65;65m██[38;2;206;89;66m██[38;2;0;0;0m██      
  [38;2;0;0;0m██            [38;2;0;0;0m██[38;2;255;100;41m██[38;2;255;100;41m██[38;2;173;59;49m██[38;2;255;100;41m██[38;2;0;0;0m██[38;2;206;89;66m██[38;2;0;0;0m██      
                [38;2;0;0;0m██[38;2;255;100;41m██[38;2;206;89;66m██[38;2;0;0;0m██[38;2;0;0;0m██  [38;2;0;0;0m██        
                [38;2;0;0;0m██[38;2;255;100;41m██[38;2;0;0;0m██                
                  [38;2;0;0;0m██                  
