            [38;2;0;0;0m██[38;2;0;0;0m██[38;2;0;0;0m██                        
          [38;2;0;0;0m██[38;2;156;214;86m██[38;2;238;255;212m██[38;2;156;214;86m██[38;2;0;0;0m██                      
        [38;2;0;0;0m██[38;2;238;255;212m██[38;2;156;214;86m██[38;2;238;255;212m██[38;2;156;214;86m██[38;2;0;0;0m██                      
        [38;2;0;0;0m██[38;2;238;255;212m██[38;2;156;214;86m██[38;2;156;214;86m██[38;2;238;255;212m██[38;2;0;0;0m██                      
          [38;2;0;0;0m██[38;2;238;255;212m██[38;2;156;214;86m██[38;2;238;255;212m██[38;2;16;91;168m██[38;2;0;0;0m██                    
        [38;2;0;0;0m██[38;2;0;0;0m██[38;2;16;91;168m██[38;2;156;214;86m██[38;2;16;91;168m██[38;2;41;127;202m██[38;2;41;127;202m██[38;2;0;0;0m██[38;2;0;0;0m██                
    [38;2;0;0;0m██[38;2;0;0;0m██[38;2;88;174;242m██[38;2;41;127;202m██[38;2;16;91;168m██[38;2;16;91;168m██[38;2;41;127;202m██[38;2;41;127;202m██[38;2;41;127;202m██[38;2;41;127;202m██[38;2;41;127;202m██[38;2;0;0;0m██              
  [38;2;0;0;0m██[38;2;247;125;20m██[38;2;247;125;20m██[38;2;41;127;202m██[38;2;41;127;202m██[38;2;41;127;202m██[38;2;41;127;202m██[38;2;41;127;202m██[38;2;41;127;202m██[38;2;41;127;202m██[38;2;41;127;202m██[38;2;41;127;202m██[38;2;41;127;202m██[38;2;0;0;0m██            
[38;2;0;0;0m██[38;2;198;83;1m██[38;2;255;255;255m██[38;2;198;83;1m██[38;2;247;125;20m██[38;2;214;156;0m██[38;2;255;255;255m██[38;2;255;206;41m██[38;2;41;127;202m██[38;2;41;127;202m██[38;2;41;127;202m██[38;2;41;127;202m██[38;2;255;206;41m██[38;2;41;127;202m██[38;2;0;0;0m██            
[38;2;0;0;0m██[38;2;255;255;255m██[38;2;65;65;65m██[38;2;189;189;189m██[38;2;247;125;20m██[38;2;255;206;41m██[38;2;0;0;0m██[38;2;255;255;255m██[38;2;255;206;41m██[38;2;214;156;0m██[38;2;41;127;202m██[38;2;41;127;202m██[38;2;41;127;202m██[38;2;41;127;202m██[38;2;0;0;0m██            
[38;2;0;0;0m██[38;2;189;189;189m██[38;2;65;65;65m██[38;2;255;255;255m██[38;2;247;125;20m██[38;2;16;91;168m██[38;2;255;255;255m██[38;2;214;156;0m██[38;2;41;127;202m██[38;2;41;127;202m██[38;2;41;127;202m██[38;2;41;127;202m██[38;2;41;127;202m██[38;2;0;0;0m██              
[38;2;0;0;0m██[38;2;198;83;1m██[38;2;255;255;255m██[38;2;247;125;20m██[38;2;198;83;1m██[38;2;16;91;168m██[38;2;41;127;202m██[38;2;41;127;202m██[38;2;41;127;202m██[38;2;16;91;168m██[38;2;156;214;86m██[38;2;41;127;202m██[38;2;255;206;41m██[38;2;0;0;0m██    [38;2;0;0;0m██[38;2;0;0;0m██[38;2;0;0;0m██[38;2;0;0;0m██  
  [38;2;0;0;0m██[38;2;198;83;1m██[38;2;198;83;1m██[38;2;16;91;168m██[38;2;41;127;202m██[38;2;41;127;202m██[38;2;16;91;168m██[38;2;16;91;168m██[38;2;156;214;86m██[38;2;156;214;86m██[38;2;41;127;202m██[38;2;0;0;0m██    [38;2;0;0;0m██[38;2;198;83;1m██[38;2;247;125;20m██[38;2;198;83;1m██[38;2;247;125;20m██[38;2;0;0;0m██
    [38;2;0;0;0m██[38;2;0;0;0m██[38;2;0;0;0m██[38;2;16;91;168m██[38;2;16;91;168m██[38;2;156;214;86m██[38;2;65;65;65m██[38;2;156;214;86m██[38;2;16;91;168m██[38;2;41;127;202m██[38;2;0;0;0m██    [38;2;0;0;0m██[38;2;41;127;202m██[38;2;41;127;202m██[38;2;247;125;20m██[38;2;198;83;1m██[38;2;0;0;0m██
          [38;2;0;0;0m██[38;2;156;214;86m██[38;2;156;214;86m██[38;2;156;214;86m██[38;2;65;65;65m██[38;2;41;127;202m██[38;2;214;156;0m██[38;2;16;91;168m██[38;2;0;0;0m██[38;2;0;0;0m██[38;2;16;91;168m██[38;2;41;127;202m██[38;2;16;91;168m██[38;2;198;83;1m██[38;2;0;0;0m██  
          [38;2;0;0;0m██[38;2;238;255;212m██[38;2;156;214;86m██[38;2;238;255;212m██[38;2;65;65;65m██[38;2;16;91;168m██[38;2;41;127;202m██[38;2;41;127;202m██[38;2;41;127;202m██[38;2;16;91;168m██[38;2;16;91;168m██[38;2;156;214;86m██[38;2;0;0;0m██[38;2;0;0;0m██    
          [38;2;0;0;0m██[38;2;156;214;86m██[38;2;238;255;212m██[38;2;0;0;0m██[38;2;156;214;86m██[38;2;16;91;168m██[38;2;16;91;168m██[38;2;16;91;168m██[38;2;16;91;168m██[38;2;156;214;86m██[38;2;156;214;86m██[38;2;0;0;0m██        
            [38;2;0;0;0m██[38;2;0;0;0m██  [38;2;0;0;0m██[38;2;156;214;86m██[38;2;156;214;86m██[38;2;156;214;86m██[38;2;156;214;86m██[38;2;0;0;0m██[38;2;0;0;0m██          
                    [38;2;0;0;0m██[38;2;0;0;0m██[38;2;0;0;0m██[38;2;0;0;0m██              
