                        [38;2;0;0;0m██[38;2;0;0;0m██[38;2;0;0;0m██[38;2;0;0;0m██[38;2;0;0;0m██[38;2;0;0;0m██                        
                    [38;2;0;0;0m██[38;2;0;0;0m██[38;2;8;163;106m██[38;2;8;163;106m██[38;2;8;163;106m██[38;2;8;163;106m██[38;2;8;163;106m██[38;2;8;163;106m██[38;2;0;0;0m██[38;2;0;0;0m██[38;2;0;0;0m██              [38;2;0;0;0m██[38;2;0;0;0m██
                [38;2;0;0;0m██[38;2;0;0;0m██[38;2;1;122;79m██[38;2;1;122;79m██[38;2;1;122;79m██[38;2;1;122;79m██[38;2;145;180;199m██[38;2;145;180;199m██[38;2;228;245;255m██[38;2;228;245;255m██[38;2;145;180;199m██[38;2;8;163;106m██[38;2;8;163;106m██[38;2;0;0;0m██[38;2;0;0;0m██[38;2;0;0;0m██[38;2;0;0;0m██    [38;2;0;0;0m██[38;2;55;208;153m██[38;2;0;0;0m██
              [38;2;0;0;0m██[38;2;1;122;79m██[38;2;8;163;106m██[38;2;8;163;106m██[38;2;8;163;106m██[38;2;8;163;106m██[38;2;8;163;106m██[38;2;1;122;79m██[38;2;1;122;79m██[38;2;145;180;199m██[38;2;228;245;255m██[38;2;228;245;255m██[38;2;145;180;199m██[38;2;145;180;199m██[38;2;8;163;106m██[38;2;8;163;106m██[38;2;8;163;106m██[38;2;8;163;106m██[38;2;0;0;0m██[38;2;0;0;0m██[38;2;8;163;106m██[38;2;8;163;106m██[38;2;0;0;0m██
            [38;2;0;0;0m██[38;2;8;163;106m██[38;2;8;163;106m██[38;2;8;163;106m██[38;2;8;163;106m██[38;2;8;163;106m██[38;2;8;163;106m██[38;2;8;163;106m██[38;2;8;163;106m██[38;2;8;163;106m██[38;2;1;122;79m██[38;2;1;122;79m██[38;2;228;245;255m██[38;2;145;180;199m██[38;2;228;245;255m██[38;2;228;245;255m██[38;2;145;180;199m██[38;2;145;180;199m██[38;2;8;163;106m██[38;2;8;163;106m██[38;2;8;163;106m██[38;2;0;0;0m██[38;2;0;0;0m██  
          [38;2;0;0;0m██[38;2;8;163;106m██[38;2;8;163;106m██[38;2;8;163;106m██[38;2;8;163;106m██[38;2;8;163;106m██[38;2;8;163;106m██[38;2;8;163;106m██[38;2;235;255;158m██[38;2;8;163;106m██[38;2;8;163;106m██[38;2;8;163;106m██[38;2;8;163;106m██[38;2;1;122;79m██[38;2;228;245;255m██[38;2;228;245;255m██[38;2;228;245;255m██[38;2;145;180;199m██[38;2;228;245;255m██[38;2;228;245;255m██[38;2;228;245;255m██[38;2;0;0;0m██      
          [38;2;0;0;0m██[38;2;55;208;153m██[38;2;8;163;106m██[38;2;8;163;106m██[38;2;8;163;106m██[38;2;8;163;106m██[38;2;235;255;158m██[38;2;8;163;106m██[38;2;8;163;106m██[38;2;8;163;106m██[38;2;173;220;43m██[38;2;8;163;106m██[38;2;8;163;106m██[38;2;8;163;106m██[38;2;1;122;79m██[38;2;0;0;0m██[38;2;0;0;0m██[38;2;228;245;255m██[38;2;228;245;255m██[38;2;0;0;0m██[38;2;0;0;0m██        
        [38;2;0;0;0m██[38;2;55;208;153m██[38;2;55;208;153m██[38;2;8;163;106m██[38;2;8;163;106m██[38;2;235;255;158m██[38;2;235;255;158m██[38;2;173;220;43m██[38;2;8;163;106m██[38;2;8;163;106m██[38;2;8;163;106m██[38;2;8;163;106m██[38;2;8;163;106m██[38;2;8;163;106m██[38;2;8;163;106m██[38;2;0;0;0m██    [38;2;0;0;0m██[38;2;0;0;0m██            
        [38;2;0;0;0m██[38;2;55;208;153m██[38;2;8;163;106m██[38;2;8;163;106m██[38;2;235;255;158m██[38;2;0;0;0m██[38;2;232;117;147m██[38;2;235;255;158m██[38;2;8;163;106m██[38;2;8;163;106m██[38;2;8;163;106m██[38;2;8;163;106m██[38;2;8;163;106m██[38;2;8;163;106m██[38;2;8;163;106m██[38;2;0;0;0m██              [38;2;0;0;0m██[38;2;0;0;0m██  
        [38;2;0;0;0m██[38;2;8;163;106m██[38;2;8;163;106m██[38;2;8;163;106m██[38;2;235;255;158m██[38;2;232;117;147m██[38;2;232;117;147m██[38;2;173;220;43m██[38;2;8;163;106m██[38;2;65;65;65m██[38;2;65;65;65m██[38;2;8;163;106m██[38;2;8;163;106m██[38;2;8;163;106m██[38;2;8;163;106m██[38;2;0;0;0m██            [38;2;0;0;0m██[38;2;8;163;106m██[38;2;0;0;0m██  
      [38;2;0;0;0m██[38;2;232;117;147m██[38;2;232;117;147m██[38;2;8;163;106m██[38;2;8;163;106m██[38;2;235;255;158m██[38;2;235;255;158m██[38;2;173;220;43m██[38;2;8;163;106m██[38;2;197;65;96m██[38;2;65;65;65m██[38;2;145;180;199m██[38;2;1;122;79m██[38;2;8;163;106m██[38;2;8;163;106m██[38;2;0;0;0m██          [38;2;0;0;0m██[38;2;0;0;0m██[38;2;228;245;255m██[38;2;8;163;106m██[38;2;0;0;0m██  
      [38;2;0;0;0m██[38;2;255;255;255m██[38;2;232;117;147m██[38;2;232;117;147m██[38;2;232;117;147m██[38;2;232;117;147m██[38;2;197;65;96m██[38;2;197;65;96m██[38;2;232;117;147m██[38;2;232;117;147m██[38;2;65;65;65m██[38;2;228;245;255m██[38;2;1;122;79m██[38;2;65;65;65m██[38;2;55;208;153m██[38;2;0;0;0m██      [38;2;0;0;0m██[38;2;0;0;0m██[38;2;145;180;199m██[38;2;228;245;255m██[38;2;8;163;106m██[38;2;0;0;0m██    
    [38;2;0;0;0m██[38;2;65;65;65m██[38;2;255;255;255m██[38;2;65;65;65m██[38;2;232;117;147m██[38;2;255;255;255m██[38;2;232;117;147m██[38;2;232;117;147m██[38;2;255;255;255m██[38;2;232;117;147m██[38;2;65;65;65m██[38;2;228;245;255m██[38;2;145;180;199m██[38;2;1;122;79m██[38;2;65;65;65m██[38;2;55;208;153m██[38;2;55;208;153m██[38;2;0;0;0m██[38;2;0;0;0m██[38;2;0;0;0m██[38;2;145;180;199m██[38;2;228;245;255m██[38;2;145;180;199m██[38;2;8;163;106m██[38;2;8;163;106m██[38;2;0;0;0m██    
  [38;2;0;0;0m██[38;2;189;189;189m██[38;2;8;163;106m██[38;2;65;65;65m██[38;2;8;163;106m██[38;2;65;65;65m██[38;2;255;255;255m██[38;2;65;65;65m██[38;2;197;65;96m██[38;2;255;255;255m██[38;2;197;65;96m██[38;2;65;65;65m██[38;2;228;245;255m██[38;2;1;122;79m██[38;2;8;163;106m██[38;2;8;163;106m██[38;2;65;65;65m██[38;2;55;208;153m██[38;2;55;208;153m██[38;2;65;65;65m██[38;2;228;245;255m██[38;2;228;245;255m██[38;2;145;180;199m██[38;2;8;163;106m██[38;2;8;163;106m██[38;2;0;0;0m██      
  [38;2;0;0;0m██[38;2;255;255;255m██[38;2;1;122;79m██[38;2;8;163;106m██[38;2;1;122;79m██[38;2;8;163;106m██[38;2;65;65;65m██[38;2;0;0;0m██[38;2;0;0;0m██[38;2;0;0;0m██[38;2;0;0;0m██[38;2;228;245;255m██[38;2;228;245;255m██[38;2;1;122;79m██[38;2;8;163;106m██[38;2;8;163;106m██[38;2;8;163;106m██[38;2;65;65;65m██[38;2;55;208;153m██[38;2;55;208;153m██[38;2;65;65;65m██[38;2;65;65;65m██[38;2;65;65;65m██[38;2;8;163;106m██[38;2;1;122;79m██[38;2;0;0;0m██      
[38;2;0;0;0m██[38;2;1;122;79m██[38;2;197;65;96m██[38;2;232;117;147m██[38;2;197;65;96m██[38;2;189;189;189m██[38;2;1;122;79m██[38;2;8;163;106m██[38;2;0;0;0m██    [38;2;0;0;0m██[38;2;228;245;255m██[38;2;228;245;255m██[38;2;1;122;79m██[38;2;1;122;79m██[38;2;8;163;106m██[38;2;8;163;106m██[38;2;8;163;106m██[38;2;65;65;65m██[38;2;55;208;153m██[38;2;55;208;153m██[38;2;235;255;158m██[38;2;55;208;153m██[38;2;65;65;65m██[38;2;0;0;0m██        
[38;2;0;0;0m██[38;2;189;189;189m██[38;2;232;117;147m██[38;2;235;255;158m██[38;2;232;117;147m██[38;2;255;255;255m██[38;2;1;122;79m██[38;2;0;0;0m██      [38;2;0;0;0m██[38;2;228;245;255m██[38;2;228;245;255m██[38;2;228;245;255m██[38;2;1;122;79m██[38;2;1;122;79m██[38;2;8;163;106m██[38;2;8;163;106m██[38;2;65;65;65m██[38;2;55;208;153m██[38;2;55;208;153m██[38;2;55;208;153m██[38;2;235;255;158m██[38;2;235;255;158m██[38;2;0;0;0m██        
[38;2;0;0;0m██[38;2;255;255;255m██[38;2;0;0;0m██[38;2;173;220;43m██[38;2;232;117;147m██[38;2;1;122;79m██[38;2;0;0;0m██          [38;2;0;0;0m██[38;2;228;245;255m██[38;2;228;245;255m██[38;2;228;245;255m██[38;2;145;180;199m██[38;2;1;122;79m██[38;2;1;122;79m██[38;2;1;122;79m██[38;2;65;65;65m██[38;2;255;255;255m██[38;2;55;208;153m██[38;2;235;255;158m██[38;2;235;255;158m██[38;2;8;163;106m██[38;2;0;0;0m██      
  [38;2;0;0;0m██  [38;2;0;0;0m██[38;2;0;0;0m██[38;2;0;0;0m██              [38;2;0;0;0m██[38;2;145;180;199m██[38;2;228;245;255m██[38;2;228;245;255m██[38;2;145;180;199m██[38;2;65;65;65m██[38;2;65;65;65m██[38;2;255;255;255m██[38;2;189;189;189m██[38;2;8;163;106m██[38;2;55;208;153m██[38;2;55;208;153m██[38;2;255;255;255m██[38;2;0;0;0m██      
                            [38;2;0;0;0m██[38;2;0;0;0m██[38;2;0;0;0m██[38;2;0;0;0m██[38;2;145;180;199m██[38;2;145;180;199m██[38;2;65;65;65m██[38;2;0;0;0m██[38;2;0;0;0m██[38;2;189;189;189m██[38;2;255;255;255m██[38;2;0;0;0m██[38;2;0;0;0m██      
                                    [38;2;0;0;0m██[38;2;0;0;0m██[38;2;0;0;0m██    [38;2;0;0;0m██[38;2;255;255;255m██[38;2;0;0;0m██        
                                                [38;2;0;0;0m██          
