        [38;2;0;0;0m██[38;2;0;0;0m██[38;2;0;0;0m██            
      [38;2;0;0;0m██[38;2;101;157;179m██[38;2;160;202;224m██[38;2;160;202;224m██[38;2;0;0;0m██[38;2;0;0;0m██        
    [38;2;0;0;0m██[38;2;160;202;224m██[38;2;160;202;224m██[38;2;160;202;224m██[38;2;112;133;144m██[38;2;160;202;224m██[38;2;101;157;179m██[38;2;0;0;0m██      
  [38;2;0;0;0m██[38;2;160;202;224m██[38;2;160;202;224m██[38;2;160;202;224m██[38;2;160;202;224m██[38;2;112;133;144m██[38;2;160;202;224m██[38;2;160;202;224m██[38;2;65;65;65m██      
  [38;2;0;0;0m██[38;2;160;202;224m██[38;2;160;202;224m██[38;2;160;202;224m██[38;2;160;202;224m██[38;2;101;157;179m██[38;2;160;202;224m██[38;2;160;202;224m██[38;2;160;202;224m██[38;2;0;0;0m██    
[38;2;0;0;0m██[38;2;160;202;224m██[38;2;112;133;144m██[38;2;160;202;224m██[38;2;112;133;144m██[38;2;160;202;224m██[38;2;160;202;224m██[38;2;101;157;179m██[38;2;160;202;224m██[38;2;160;202;224m██[38;2;0;0;0m██    
[38;2;0;0;0m██[38;2;160;202;224m██[38;2;112;133;144m██[38;2;160;202;224m██[38;2;112;133;144m██[38;2;160;202;224m██[38;2;112;133;144m██[38;2;160;202;224m██[38;2;101;157;179m██[38;2;112;133;144m██[38;2;0;0;0m██    
[38;2;0;0;0m██[38;2;112;133;144m██[38;2;160;202;224m██[38;2;112;133;144m██[38;2;160;202;224m██[38;2;112;133;144m██[38;2;160;202;224m██[38;2;160;202;224m██[38;2;160;202;224m██[38;2;160;202;224m██[38;2;0;0;0m██    
[38;2;0;0;0m██[38;2;160;202;224m██[38;2;160;202;224m██[38;2;112;133;144m██[38;2;160;202;224m██[38;2;112;133;144m██[38;2;160;202;224m██[38;2;160;202;224m██[38;2;160;202;224m██[38;2;101;157;179m██[38;2;0;0;0m██    
[38;2;0;0;0m██[38;2;112;133;144m██[38;2;160;202;224m██[38;2;160;202;224m██[38;2;160;202;224m██[38;2;160;202;224m██[38;2;160;202;224m██[38;2;160;202;224m██[38;2;112;133;144m██[38;2;112;133;144m██[38;2;0;0;0m██    
  [38;2;0;0;0m██[38;2;255;255;255m██[38;2;197;16;127m██[38;2;112;133;144m██[38;2;112;133;144m██[38;2;112;133;144m██[38;2;112;133;144m██[38;2;160;202;224m██[38;2;101;157;179m██[38;2;0;0;0m██    
  [38;2;0;0;0m██[38;2;132;16;87m██[38;2;197;16;127m██[38;2;160;202;224m██[38;2;255;255;255m██[38;2;197;16;127m██[38;2;160;202;224m██[38;2;101;157;179m██[38;2;0;0;0m██      
[38;2;0;0;0m██[38;2;239;115;156m██[38;2;112;133;144m██[38;2;160;202;224m██[38;2;160;202;224m██[38;2;132;16;87m██[38;2;197;16;127m██[38;2;112;133;144m██[38;2;0;0;0m██        
[38;2;0;0;0m██[38;2;247;247;41m██[38;2;160;202;224m██[38;2;112;133;144m██[38;2;112;133;144m██[38;2;112;133;144m██[38;2;112;133;144m██[38;2;160;202;224m██[38;2;160;202;224m██[38;2;0;0;0m██[38;2;0;0;0m██[38;2;0;0;0m██  
  [38;2;0;0;0m██[38;2;0;0;0m██[38;2;0;0;0m██[38;2;101;157;179m██[38;2;160;202;224m██[38;2;160;202;224m██[38;2;65;65;65m██[38;2;160;202;224m██[38;2;160;202;224m██[38;2;160;202;224m██[38;2;239;115;156m██[38;2;0;0;0m██
        [38;2;0;0;0m██[38;2;112;133;144m██[38;2;160;202;224m██[38;2;160;202;224m██[38;2;65;65;65m██[38;2;160;202;224m██[38;2;197;16;127m██[38;2;247;247;41m██[38;2;0;0;0m██
        [38;2;0;0;0m██[38;2;160;202;224m██[38;2;112;133;144m██[38;2;101;157;179m██[38;2;160;202;224m██[38;2;0;0;0m██[38;2;0;0;0m██[38;2;0;0;0m██  
          [38;2;0;0;0m██[38;2;0;0;0m██[38;2;160;202;224m██[38;2;160;202;224m██[38;2;0;0;0m██      
              [38;2;0;0;0m██[38;2;0;0;0m██        
