                  [38;2;0;0;0m██[38;2;0;0;0m██                              
                [38;2;0;0;0m██[38;2;231;128;107m██[38;2;231;128;107m██[38;2;0;0;0m██                            
              [38;2;0;0;0m██[38;2;65;65;65m██[38;2;231;128;107m██[38;2;231;128;107m██[38;2;65;65;65m██[38;2;0;0;0m██                          
            [38;2;0;0;0m██[38;2;231;128;107m██[38;2;65;65;65m██[38;2;231;128;107m██[38;2;231;128;107m██[38;2;65;65;65m██[38;2;231;128;107m██[38;2;0;0;0m██                        
            [38;2;0;0;0m██[38;2;231;128;107m██[38;2;65;65;65m██[38;2;231;128;107m██[38;2;198;95;74m██[38;2;231;128;107m██[38;2;231;128;107m██[38;2;0;0;0m██                        
              [38;2;0;0;0m██[38;2;65;65;65m██[38;2;231;128;107m██[38;2;65;65;65m██[38;2;231;128;107m██[38;2;0;0;0m██              [38;2;0;0;0m██[38;2;0;0;0m██[38;2;0;0;0m██      
            [38;2;0;0;0m██[38;2;231;128;107m██[38;2;231;128;107m██[38;2;231;128;107m██[38;2;231;128;107m██[38;2;231;128;107m██[38;2;231;128;107m██[38;2;0;0;0m██        [38;2;0;0;0m██[38;2;0;0;0m██[38;2;231;128;107m██[38;2;231;128;107m██[38;2;231;128;107m██[38;2;0;0;0m██[38;2;0;0;0m██  
          [38;2;0;0;0m██[38;2;231;128;107m██[38;2;231;128;107m██[38;2;198;95;74m██[38;2;65;65;65m██[38;2;231;128;107m██[38;2;231;128;107m██[38;2;231;128;107m██[38;2;231;128;107m██[38;2;0;0;0m██    [38;2;0;0;0m██[38;2;231;128;107m██[38;2;231;128;107m██[38;2;231;128;107m██[38;2;231;128;107m██[38;2;247;249;166m██[38;2;247;249;166m██[38;2;247;249;166m██[38;2;0;0;0m██
  [38;2;0;0;0m██[38;2;0;0;0m██    [38;2;0;0;0m██[38;2;231;128;107m██[38;2;65;65;65m██[38;2;65;65;65m██[38;2;231;128;107m██[38;2;255;255;255m██[38;2;198;95;74m██[38;2;231;128;107m██[38;2;231;128;107m██[38;2;0;0;0m██    [38;2;231;128;107m██[38;2;231;128;107m██[38;2;231;128;107m██[38;2;247;249;166m██[38;2;247;249;166m██[38;2;247;249;166m██[38;2;247;249;166m██[38;2;152;154;71m██[38;2;0;0;0m██
[38;2;0;0;0m██[38;2;255;255;255m██[38;2;255;255;255m██[38;2;0;0;0m██    [38;2;0;0;0m██[38;2;65;65;65m██[38;2;231;128;107m██[38;2;255;255;255m██[38;2;0;0;0m██[38;2;255;255;255m██[38;2;231;128;107m██[38;2;198;95;74m██[38;2;0;0;0m██  [38;2;0;0;0m██[38;2;231;128;107m██[38;2;231;128;107m██[38;2;247;249;166m██[38;2;247;249;166m██[38;2;247;249;166m██[38;2;152;154;71m██[38;2;65;65;65m██[38;2;0;0;0m██  
[38;2;0;0;0m██[38;2;255;255;255m██[38;2;255;255;255m██[38;2;0;0;0m██    [38;2;0;0;0m██[38;2;231;128;107m██[38;2;231;128;107m██[38;2;255;255;255m██[38;2;65;65;65m██[38;2;255;255;255m██[38;2;231;128;107m██[38;2;65;65;65m██[38;2;0;0;0m██[38;2;0;0;0m██[38;2;231;128;107m██[38;2;231;128;107m██[38;2;247;249;166m██[38;2;247;249;166m██[38;2;152;154;71m██[38;2;152;154;71m██[38;2;247;249;166m██[38;2;247;249;166m██[38;2;0;0;0m██  
  [38;2;0;0;0m██[38;2;255;255;255m██[38;2;255;255;255m██[38;2;0;0;0m██[38;2;0;0;0m██[38;2;247;214;49m██[38;2;247;214;49m██[38;2;165;148;66m██[38;2;165;148;66m██[38;2;255;255;255m██[38;2;198;95;74m██[38;2;198;95;74m██[38;2;65;65;65m██[38;2;231;128;107m██[38;2;231;128;107m██[38;2;231;128;107m██[38;2;247;249;166m██[38;2;247;249;166m██[38;2;247;249;166m██[38;2;247;249;166m██[38;2;247;249;166m██[38;2;247;249;166m██[38;2;247;249;166m██[38;2;0;0;0m██  
    [38;2;0;0;0m██[38;2;65;65;65m██[38;2;247;214;49m██[38;2;247;214;49m██[38;2;247;214;49m██[38;2;247;214;49m██[38;2;247;214;49m██[38;2;247;214;49m██[38;2;165;148;66m██[38;2;198;95;74m██[38;2;198;95;74m██[38;2;198;95;74m██[38;2;231;128;107m██[38;2;247;249;166m██[38;2;247;249;166m██[38;2;247;249;166m██[38;2;247;249;166m██[38;2;247;249;166m██[38;2;247;249;166m██[38;2;152;154;71m██[38;2;152;154;71m██[38;2;0;0;0m██    
    [38;2;0;0;0m██[38;2;247;214;49m██[38;2;247;214;49m██[38;2;247;214;49m██[38;2;165;148;66m██[38;2;165;148;66m██[38;2;255;255;255m██[38;2;255;255;255m██[38;2;255;255;255m██[38;2;65;65;65m██[38;2;65;65;65m██[38;2;247;249;166m██[38;2;247;249;166m██[38;2;247;249;166m██[38;2;247;249;166m██[38;2;247;249;166m██[38;2;247;249;166m██[38;2;152;154;71m██[38;2;152;154;71m██[38;2;247;249;166m██[38;2;247;249;166m██[38;2;0;0;0m██    
      [38;2;0;0;0m██[38;2;247;214;49m██[38;2;165;148;66m██[38;2;247;214;49m██[38;2;0;0;0m██[38;2;0;0;0m██[38;2;255;255;255m██[38;2;255;255;255m██[38;2;162;255;66m██[38;2;162;255;66m██[38;2;65;65;65m██[38;2;65;65;65m██[38;2;65;65;65m██[38;2;247;249;166m██[38;2;247;249;166m██[38;2;247;249;166m██[38;2;247;249;166m██[38;2;247;249;166m██[38;2;0;0;0m██[38;2;0;0;0m██      
        [38;2;0;0;0m██[38;2;0;0;0m██[38;2;0;0;0m██    [38;2;0;0;0m██[38;2;0;0;0m██[38;2;131;161;68m██[38;2;170;215;65m██[38;2;162;255;66m██[38;2;162;255;66m██[38;2;170;215;65m██[38;2;65;65;65m██[38;2;65;65;65m██[38;2;0;0;0m██[38;2;0;0;0m██[38;2;0;0;0m██          
                  [38;2;0;0;0m██[38;2;247;249;166m██[38;2;65;65;65m██[38;2;65;65;65m██[38;2;170;215;65m██[38;2;170;215;65m██[38;2;131;161;68m██[38;2;131;161;68m██[38;2;200;202;119m██[38;2;0;0;0m██              
                  [38;2;0;0;0m██[38;2;65;65;65m██[38;2;247;249;166m██[38;2;247;249;166m██[38;2;65;65;65m██[38;2;65;65;65m██[38;2;65;65;65m██[38;2;65;65;65m██[38;2;0;0;0m██                
                [38;2;0;0;0m██[38;2;152;154;71m██[38;2;152;154;71m██[38;2;0;0;0m██[38;2;200;202;119m██[38;2;200;202;119m██[38;2;200;202;119m██[38;2;65;65;65m██[38;2;65;65;65m██[38;2;247;214;49m██[38;2;0;0;0m██              
                  [38;2;0;0;0m██[38;2;0;0;0m██  [38;2;0;0;0m██[38;2;0;0;0m██[38;2;65;65;65m██[38;2;247;214;49m██[38;2;247;214;49m██[38;2;247;214;49m██[38;2;0;0;0m██              
                            [38;2;0;0;0m██[38;2;247;214;49m██[38;2;0;0;0m██[38;2;247;214;49m██[38;2;0;0;0m██              
                              [38;2;0;0;0m██  [38;2;0;0;0m██                
