                                                  [38;2;0;0;0m██[38;2;0;0;0m██      
                                            [38;2;0;0;0m██[38;2;0;0;0m██[38;2;0;0;0m██[38;2;177;165;57m██[38;2;177;165;57m██[38;2;0;0;0m██    
                                            [38;2;0;0;0m██[38;2;177;165;57m██[38;2;115;109;54m██[38;2;177;165;57m██[38;2;177;165;57m██[38;2;0;0;0m██[38;2;0;0;0m██[38;2;0;0;0m██
                                  [38;2;0;0;0m██[38;2;0;0;0m██      [38;2;0;0;0m██[38;2;177;165;57m██[38;2;115;109;54m██[38;2;177;165;57m██[38;2;115;109;54m██[38;2;177;165;57m██[38;2;177;165;57m██[38;2;0;0;0m██
                      [38;2;0;0;0m██[38;2;0;0;0m██    [38;2;0;0;0m██[38;2;0;0;0m██[38;2;168;159;128m██[38;2;0;0;0m██    [38;2;0;0;0m██[38;2;145;135;51m██[38;2;177;165;57m██[38;2;115;109;54m██[38;2;177;165;57m██[38;2;115;109;54m██[38;2;177;165;57m██[38;2;177;165;57m██[38;2;0;0;0m██
              [38;2;0;0;0m██[38;2;0;0;0m██    [38;2;0;0;0m██[38;2;168;159;128m██[38;2;0;0;0m██[38;2;0;0;0m██[38;2;168;159;128m██[38;2;65;65;65m██[38;2;168;159;128m██[38;2;65;65;65m██[38;2;0;0;0m██  [38;2;0;0;0m██[38;2;145;135;51m██[38;2;115;109;54m██[38;2;145;135;51m██[38;2;115;109;54m██[38;2;177;165;57m██[38;2;177;165;57m██[38;2;0;0;0m██  
          [38;2;0;0;0m██[38;2;0;0;0m██[38;2;247;137;66m██[38;2;0;0;0m██    [38;2;0;0;0m██[38;2;168;159;128m██[38;2;168;159;128m██[38;2;168;159;128m██[38;2;168;159;128m██[38;2;168;159;128m██[38;2;156;140;66m██[38;2;224;215;185m██[38;2;65;65;65m██[38;2;0;0;0m██[38;2;65;65;65m██[38;2;145;135;51m██[38;2;115;109;54m██[38;2;145;135;51m██[38;2;115;109;54m██[38;2;145;135;51m██[38;2;115;109;54m██[38;2;0;0;0m██  
        [38;2;0;0;0m██[38;2;247;137;66m██[38;2;0;0;0m██[38;2;247;137;66m██[38;2;189;103;66m██[38;2;0;0;0m██[38;2;0;0;0m██[38;2;168;159;128m██[38;2;115;109;54m██[38;2;115;109;54m██[38;2;168;159;128m██[38;2;156;140;66m██[38;2;168;159;128m██[38;2;156;140;66m██[38;2;224;215;185m██[38;2;224;215;185m██[38;2;224;215;185m██[38;2;224;215;185m██[38;2;65;65;65m██[38;2;145;135;51m██[38;2;115;109;54m██[38;2;145;135;51m██[38;2;145;135;51m██[38;2;0;0;0m██    
        [38;2;0;0;0m██[38;2;247;137;66m██[38;2;189;103;66m██[38;2;140;64;49m██[38;2;189;103;66m██[38;2;65;65;65m██[38;2;145;135;51m██[38;2;145;135;51m██[38;2;145;135;51m██[38;2;145;135;51m██[38;2;156;140;66m██[38;2;224;215;185m██[38;2;156;140;66m██[38;2;224;215;185m██[38;2;224;215;185m██[38;2;224;215;185m██[38;2;168;159;128m██[38;2;0;0;0m██[38;2;65;65;65m██[38;2;65;65;65m██[38;2;115;109;54m██[38;2;145;135;51m██[38;2;0;0;0m██      
        [38;2;0;0;0m██[38;2;140;64;49m██[38;2;189;103;66m██[38;2;140;64;49m██[38;2;189;103;66m██[38;2;189;103;66m██[38;2;65;65;65m██[38;2;65;65;65m██[38;2;145;135;51m██[38;2;145;135;51m██[38;2;65;65;65m██[38;2;224;215;185m██[38;2;224;215;185m██[38;2;224;215;185m██[38;2;224;215;185m██[38;2;224;215;185m██[38;2;224;215;185m██[38;2;224;215;185m██[38;2;145;135;51m██[38;2;145;135;51m██[38;2;65;65;65m██[38;2;0;0;0m██        
      [38;2;0;0;0m██[38;2;247;137;66m██[38;2;140;64;49m██[38;2;189;103;66m██[38;2;189;103;66m██[38;2;189;103;66m██[38;2;65;65;65m██[38;2;177;165;57m██[38;2;177;165;57m██[38;2;65;65;65m██[38;2;65;65;65m██[38;2;177;165;57m██[38;2;177;165;57m██[38;2;115;109;54m██[38;2;168;159;128m██[38;2;224;215;185m██[38;2;224;215;185m██[38;2;224;215;185m██[38;2;145;135;51m██[38;2;177;165;57m██[38;2;177;165;57m██[38;2;145;135;51m██[38;2;145;135;51m██[38;2;0;0;0m██      
      [38;2;0;0;0m██[38;2;247;137;66m██[38;2;189;103;66m██[38;2;140;64;49m██[38;2;189;103;66m██[38;2;65;65;65m██[38;2;177;165;57m██[38;2;177;165;57m██[38;2;177;165;57m██[38;2;177;165;57m██[38;2;177;165;57m██[38;2;177;165;57m██[38;2;177;165;57m██[38;2;177;165;57m██[38;2;115;109;54m██[38;2;115;109;54m██[38;2;65;65;65m██[38;2;224;215;185m██[38;2;224;215;185m██[38;2;145;135;51m██[38;2;177;165;57m██[38;2;177;165;57m██[38;2;145;135;51m██[38;2;145;135;51m██[38;2;0;0;0m██    
        [38;2;0;0;0m██[38;2;189;103;66m██[38;2;189;103;66m██[38;2;189;103;66m██[38;2;197;197;197m██[38;2;177;165;57m██[38;2;145;135;51m██[38;2;0;0;0m██[38;2;0;0;0m██[38;2;0;0;0m██[38;2;145;135;51m██[38;2;177;165;57m██[38;2;177;165;57m██[38;2;177;165;57m██[38;2;177;165;57m██[38;2;177;165;57m██[38;2;65;65;65m██[38;2;177;165;57m██[38;2;177;165;57m██[38;2;177;165;57m██[38;2;115;109;54m██[38;2;177;165;57m██[38;2;145;135;51m██[38;2;0;0;0m██    
        [38;2;0;0;0m██[38;2;65;65;65m██[38;2;189;103;66m██[38;2;0;0;0m██[38;2;255;255;255m██[38;2;145;135;51m██[38;2;0;0;0m██      [38;2;0;0;0m██[38;2;177;165;57m██[38;2;177;165;57m██[38;2;177;165;57m██[38;2;177;165;57m██[38;2;145;135;51m██[38;2;145;135;51m██[38;2;65;65;65m██[38;2;177;165;57m██[38;2;177;165;57m██[38;2;115;109;54m██[38;2;177;165;57m██[38;2;115;109;54m██[38;2;145;135;51m██[38;2;0;0;0m██  
      [38;2;0;0;0m██[38;2;255;226;114m██[38;2;216;174;66m██[38;2;65;65;65m██[38;2;255;255;255m██[38;2;145;135;51m██[38;2;145;135;51m██[38;2;0;0;0m██    [38;2;0;0;0m██[38;2;145;135;51m██[38;2;177;165;57m██[38;2;115;109;54m██[38;2;177;165;57m██[38;2;115;109;54m██[38;2;145;135;51m██[38;2;145;135;51m██[38;2;65;65;65m██[38;2;177;165;57m██[38;2;177;165;57m██[38;2;115;109;54m██[38;2;177;165;57m██[38;2;115;109;54m██[38;2;145;135;51m██[38;2;0;0;0m██  
      [38;2;0;0;0m██[38;2;255;226;114m██[38;2;255;226;114m██[38;2;65;65;65m██[38;2;216;174;66m██[38;2;145;135;51m██[38;2;0;0;0m██      [38;2;0;0;0m██[38;2;0;0;0m██[38;2;115;109;54m██[38;2;115;109;54m██[38;2;177;165;57m██[38;2;115;109;54m██[38;2;115;109;54m██[38;2;65;65;65m██[38;2;177;165;57m██[38;2;177;165;57m██[38;2;115;109;54m██[38;2;177;165;57m██[38;2;177;165;57m██[38;2;115;109;54m██[38;2;145;135;51m██[38;2;0;0;0m██  
    [38;2;0;0;0m██[38;2;255;226;114m██[38;2;255;226;114m██[38;2;65;65;65m██[38;2;216;174;66m██[38;2;0;0;0m██[38;2;0;0;0m██            [38;2;0;0;0m██[38;2;145;135;51m██[38;2;115;109;54m██[38;2;115;109;54m██[38;2;145;135;51m██[38;2;65;65;65m██[38;2;177;165;57m██[38;2;177;165;57m██[38;2;115;109;54m██[38;2;177;165;57m██[38;2;115;109;54m██[38;2;168;159;128m██[38;2;0;0;0m██    
  [38;2;0;0;0m██[38;2;255;226;114m██[38;2;255;226;114m██[38;2;65;65;65m██[38;2;216;174;66m██[38;2;0;0;0m██                [38;2;0;0;0m██[38;2;65;65;65m██[38;2;65;65;65m██[38;2;145;135;51m██[38;2;145;135;51m██[38;2;65;65;65m██[38;2;224;215;185m██[38;2;168;159;128m██[38;2;65;65;65m██[38;2;224;215;185m██[38;2;65;65;65m██[38;2;168;159;128m██[38;2;0;0;0m██    
  [38;2;0;0;0m██[38;2;255;226;114m██[38;2;255;226;114m██[38;2;0;0;0m██[38;2;0;0;0m██                [38;2;0;0;0m██[38;2;255;226;114m██[38;2;216;174;66m██[38;2;0;0;0m██[38;2;0;0;0m██[38;2;65;65;65m██[38;2;224;215;185m██[38;2;224;215;185m██[38;2;65;65;65m██[38;2;224;215;185m██[38;2;65;65;65m██[38;2;168;159;128m██[38;2;0;0;0m██      
[38;2;0;0;0m██[38;2;255;226;114m██[38;2;0;0;0m██[38;2;0;0;0m██                    [38;2;0;0;0m██[38;2;216;174;66m██[38;2;0;0;0m██    [38;2;0;0;0m██[38;2;224;215;185m██[38;2;168;159;128m██[38;2;65;65;65m██[38;2;224;215;185m██[38;2;0;0;0m██[38;2;0;0;0m██        
[38;2;0;0;0m██[38;2;0;0;0m██                          [38;2;0;0;0m██[38;2;0;0;0m██    [38;2;0;0;0m██[38;2;168;159;128m██[38;2;65;65;65m██[38;2;0;0;0m██[38;2;0;0;0m██            
                                        [38;2;0;0;0m██[38;2;0;0;0m██                
