                    [38;2;0;0;0m██                            
                  [38;2;0;0;0m██[38;2;162;214;99m██[38;2;0;0;0m██                          
                  [38;2;0;0;0m██[38;2;162;214;99m██[38;2;123;156;99m██[38;2;0;0;0m██                        
                [38;2;0;0;0m██[38;2;162;214;99m██[38;2;123;156;99m██[38;2;123;156;99m██[38;2;102;123;74m██[38;2;0;0;0m██                      
              [38;2;0;0;0m██[38;2;0;0;0m██[38;2;162;214;99m██[38;2;123;156;99m██[38;2;123;156;99m██[38;2;102;123;74m██[38;2;0;0;0m██[38;2;0;0;0m██                    
            [38;2;0;0;0m██[38;2;123;156;99m██[38;2;162;214;99m██[38;2;123;156;99m██[38;2;123;156;99m██[38;2;123;156;99m██[38;2;123;156;99m██[38;2;65;65;65m██[38;2;123;156;99m██[38;2;0;0;0m██                  
          [38;2;0;0;0m██[38;2;162;214;99m██[38;2;162;214;99m██[38;2;162;214;99m██[38;2;162;214;99m██[38;2;123;156;99m██[38;2;123;156;99m██[38;2;123;156;99m██[38;2;123;156;99m██[38;2;65;65;65m██[38;2;123;156;99m██[38;2;0;0;0m██                
  [38;2;0;0;0m██[38;2;0;0;0m██[38;2;0;0;0m██[38;2;0;0;0m██[38;2;65;65;65m██[38;2;162;214;99m██[38;2;162;214;99m██[38;2;162;214;99m██[38;2;162;214;99m██[38;2;123;156;99m██[38;2;123;123;123m██[38;2;123;123;123m██[38;2;123;156;99m██[38;2;65;65;65m██[38;2;123;156;99m██[38;2;0;0;0m██                
[38;2;0;0;0m██[38;2;58;215;230m██[38;2;58;215;230m██[38;2;189;189;189m██[38;2;65;65;65m██[38;2;162;214;99m██[38;2;162;214;99m██[38;2;162;214;99m██[38;2;162;214;99m██[38;2;162;214;99m██[38;2;123;123;123m██[38;2;65;65;65m██[38;2;0;0;0m██[38;2;123;156;99m██[38;2;65;65;65m██[38;2;123;156;99m██[38;2;123;156;99m██[38;2;0;0;0m██              
  [38;2;0;0;0m██[38;2;0;0;0m██[38;2;123;123;123m██[38;2;65;65;65m██[38;2;162;214;99m██[38;2;162;214;99m██[38;2;162;214;99m██[38;2;162;214;99m██[38;2;123;156;99m██[38;2;65;65;65m██[38;2;58;215;230m██[38;2;0;0;0m██[38;2;123;156;99m██[38;2;65;65;65m██[38;2;65;65;65m██[38;2;65;65;65m██[38;2;0;0;0m██[38;2;0;0;0m██            
      [38;2;0;0;0m██[38;2;0;0;0m██[38;2;123;156;99m██[38;2;162;214;99m██[38;2;162;214;99m██[38;2;123;123;123m██[38;2;65;65;65m██[38;2;0;0;0m██[38;2;58;215;230m██[38;2;65;65;65m██[38;2;189;189;189m██[38;2;189;189;189m██[38;2;189;189;189m██[38;2;58;215;230m██[38;2;58;215;230m██[38;2;58;215;230m██[38;2;0;0;0m██      [38;2;0;0;0m██[38;2;0;0;0m██
          [38;2;0;0;0m██[38;2;123;123;123m██[38;2;123;123;123m██[38;2;123;123;123m██[38;2;65;65;65m██[38;2;58;215;230m██[38;2;189;189;189m██[38;2;189;189;189m██[38;2;189;189;189m██[38;2;123;123;123m██[38;2;65;65;65m██[38;2;65;65;65m██[38;2;65;65;65m██[38;2;0;0;0m██      [38;2;0;0;0m██[38;2;58;215;230m██[38;2;0;0;0m██
            [38;2;0;0;0m██[38;2;123;123;123m██[38;2;65;65;65m██[38;2;0;0;0m██[38;2;0;0;0m██[38;2;65;65;65m██[38;2;102;123;74m██[38;2;102;123;74m██[38;2;65;65;65m██[38;2;102;123;74m██[38;2;102;123;74m██[38;2;123;156;99m██[38;2;0;0;0m██    [38;2;0;0;0m██[38;2;58;215;230m██[38;2;58;215;230m██[38;2;0;0;0m██
              [38;2;0;0;0m██[38;2;0;0;0m██[38;2;102;123;74m██[38;2;102;123;74m██[38;2;123;156;99m██[38;2;123;156;99m██[38;2;65;65;65m██[38;2;65;65;65m██[38;2;102;123;74m██[38;2;123;156;99m██[38;2;162;214;99m██[38;2;162;214;99m██[38;2;0;0;0m██[38;2;0;0;0m██[38;2;123;123;123m██[38;2;123;123;123m██[38;2;58;215;230m██[38;2;0;0;0m██
                  [38;2;0;0;0m██[38;2;123;156;99m██[38;2;123;156;99m██[38;2;65;65;65m██[38;2;65;65;65m██[38;2;123;123;123m██[38;2;65;65;65m██[38;2;123;156;99m██[38;2;65;65;65m██[38;2;58;215;230m██[38;2;65;65;65m██[38;2;123;123;123m██[38;2;123;123;123m██[38;2;123;123;123m██[38;2;0;0;0m██  
                [38;2;0;0;0m██[38;2;107;107;107m██[38;2;65;65;65m██[38;2;65;65;65m██[38;2;65;65;65m██[38;2;123;123;123m██[38;2;123;123;123m██[38;2;123;123;123m██[38;2;65;65;65m██[38;2;58;215;230m██[38;2;65;65;65m██[38;2;58;215;230m██[38;2;65;65;65m██[38;2;123;123;123m██[38;2;107;107;107m██[38;2;0;0;0m██  
              [38;2;0;0;0m██[38;2;58;215;230m██[38;2;65;65;65m██[38;2;107;107;107m██[38;2;65;65;65m██[38;2;107;107;107m██[38;2;107;107;107m██[38;2;123;123;123m██[38;2;65;65;65m██[38;2;65;65;65m██[38;2;107;107;107m██[38;2;107;107;107m██[38;2;107;107;107m██[38;2;123;123;123m██[38;2;65;65;65m██[38;2;0;0;0m██    
              [38;2;0;0;0m██[38;2;0;0;0m██[38;2;58;215;230m██[38;2;107;107;107m██[38;2;107;107;107m██[38;2;0;0;0m██[38;2;0;0;0m██[38;2;65;65;65m██[38;2;123;123;123m██[38;2;123;123;123m██[38;2;107;107;107m██[38;2;107;107;107m██[38;2;65;65;65m██[38;2;0;0;0m██[38;2;0;0;0m██      
                [38;2;0;0;0m██[38;2;0;0;0m██[38;2;0;0;0m██[38;2;0;0;0m██    [38;2;0;0;0m██[38;2;58;215;230m██[38;2;65;65;65m██[38;2;123;123;123m██[38;2;123;123;123m██[38;2;0;0;0m██          
                            [38;2;0;0;0m██[38;2;0;0;0m██[38;2;58;215;230m██[38;2;65;65;65m██[38;2;58;215;230m██[38;2;0;0;0m██          
                                [38;2;0;0;0m██[38;2;0;0;0m██[38;2;0;0;0m██[38;2;0;0;0m██          
