              [38;2;0;0;0m██[38;2;0;0;0m██[38;2;0;0;0m██[38;2;0;0;0m██                      
            [38;2;0;0;0m██[38;2;249;168;196m██[38;2;249;168;196m██[38;2;249;168;196m██[38;2;65;65;65m██[38;2;0;0;0m██[38;2;0;0;0m██[38;2;0;0;0m██[38;2;0;0;0m██              
          [38;2;0;0;0m██[38;2;249;168;196m██[38;2;0;0;0m██[38;2;249;168;196m██[38;2;249;168;196m██[38;2;249;168;196m██[38;2;191;58;60m██[38;2;247;85;88m██[38;2;247;85;88m██[38;2;247;85;88m██[38;2;0;0;0m██[38;2;0;0;0m██[38;2;0;0;0m██[38;2;0;0;0m██      
          [38;2;0;0;0m██[38;2;196;120;148m██[38;2;196;120;148m██[38;2;196;120;148m██[38;2;249;168;196m██[38;2;249;168;196m██[38;2;249;168;196m██[38;2;191;58;60m██[38;2;191;58;60m██[38;2;191;58;60m██[38;2;191;58;60m██[38;2;255;215;91m██[38;2;255;215;91m██[38;2;255;215;91m██[38;2;0;0;0m██    
            [38;2;0;0;0m██[38;2;65;65;65m██[38;2;65;65;65m██[38;2;196;120;148m██[38;2;196;120;148m██[38;2;196;120;148m██[38;2;65;65;65m██[38;2;247;85;88m██[38;2;247;85;88m██[38;2;191;58;60m██[38;2;191;58;60m██[38;2;65;65;65m██[38;2;65;65;65m██[38;2;65;65;65m██[38;2;0;0;0m██  
        [38;2;0;0;0m██[38;2;0;0;0m██[38;2;191;58;60m██[38;2;247;85;88m██[38;2;247;85;88m██[38;2;65;65;65m██[38;2;65;65;65m██[38;2;65;65;65m██[38;2;65;65;65m██[38;2;65;65;65m██[38;2;65;65;65m██[38;2;247;85;88m██[38;2;191;58;60m██[38;2;247;85;88m██[38;2;247;85;88m██[38;2;247;85;88m██[38;2;0;0;0m██  
      [38;2;0;0;0m██[38;2;247;85;88m██[38;2;65;65;65m██[38;2;247;85;88m██[38;2;247;85;88m██[38;2;247;85;88m██[38;2;247;85;88m██[38;2;65;65;65m██[38;2;65;65;65m██[38;2;65;65;65m██[38;2;65;65;65m██[38;2;65;65;65m██[38;2;247;85;88m██[38;2;191;58;60m██[38;2;191;58;60m██[38;2;191;58;60m██[38;2;0;0;0m██[38;2;0;0;0m██  
    [38;2;0;0;0m██[38;2;167;146;146m██[38;2;65;65;65m██[38;2;247;85;88m██[38;2;247;85;88m██[38;2;247;85;88m██[38;2;65;65;65m██[38;2;65;65;65m██[38;2;247;85;88m██[38;2;247;85;88m██[38;2;247;85;88m██[38;2;65;65;65m██[38;2;65;65;65m██[38;2;65;65;65m██[38;2;0;0;0m██[38;2;0;0;0m██[38;2;0;0;0m██      
    [38;2;0;0;0m██[38;2;167;146;146m██[38;2;247;85;88m██[38;2;65;65;65m██[38;2;65;65;65m██[38;2;65;65;65m██[38;2;247;85;88m██[38;2;247;85;88m██[38;2;247;85;88m██[38;2;167;146;146m██[38;2;191;58;60m██[38;2;191;58;60m██[38;2;65;65;65m██[38;2;0;0;0m██            
      [38;2;0;0;0m██[38;2;255;255;255m██[38;2;247;85;88m██[38;2;247;85;88m██[38;2;247;85;88m██[38;2;247;85;88m██[38;2;209;195;194m██[38;2;167;146;146m██[38;2;188;169;166m██[38;2;191;58;60m██[38;2;65;65;65m██[38;2;0;0;0m██              
        [38;2;0;0;0m██[38;2;255;255;255m██[38;2;189;189;181m██[38;2;255;255;255m██[38;2;188;169;166m██[38;2;167;146;146m██[38;2;188;169;166m██[38;2;65;65;65m██[38;2;65;65;65m██[38;2;249;168;196m██[38;2;0;0;0m██[38;2;0;0;0m██    [38;2;0;0;0m██      
    [38;2;0;0;0m██[38;2;0;0;0m██[38;2;164;43;46m██[38;2;65;65;65m██[38;2;65;65;65m██[38;2;65;65;65m██[38;2;65;65;65m██[38;2;65;65;65m██[38;2;65;65;65m██[38;2;247;85;88m██[38;2;249;168;196m██[38;2;65;65;65m██[38;2;191;58;60m██[38;2;191;58;60m██[38;2;0;0;0m██[38;2;0;0;0m██[38;2;247;85;88m██[38;2;0;0;0m██    
  [38;2;0;0;0m██[38;2;249;168;196m██[38;2;164;43;46m██[38;2;164;43;46m██[38;2;164;43;46m██[38;2;0;0;0m██[38;2;191;58;60m██[38;2;164;43;46m██[38;2;247;85;88m██[38;2;164;43;46m██[38;2;247;85;88m██[38;2;247;85;88m██[38;2;249;168;196m██[38;2;0;0;0m██[38;2;0;0;0m██[38;2;164;43;46m██[38;2;65;65;65m██[38;2;247;85;88m██[38;2;0;0;0m██    
[38;2;0;0;0m██[38;2;249;168;196m██[38;2;164;43;46m██[38;2;0;0;0m██[38;2;0;0;0m██[38;2;0;0;0m██  [38;2;0;0;0m██[38;2;0;0;0m██[38;2;164;43;46m██[38;2;247;85;88m██[38;2;191;58;60m██[38;2;247;85;88m██[38;2;65;65;65m██[38;2;0;0;0m██  [38;2;0;0;0m██[38;2;191;58;60m██[38;2;191;58;60m██[38;2;247;85;88m██[38;2;0;0;0m██  
[38;2;0;0;0m██[38;2;0;0;0m██[38;2;0;0;0m██            [38;2;0;0;0m██[38;2;65;65;65m██[38;2;65;65;65m██[38;2;65;65;65m██[38;2;0;0;0m██      [38;2;0;0;0m██[38;2;191;58;60m██[38;2;247;85;88m██[38;2;0;0;0m██  
              [38;2;0;0;0m██[38;2;0;0;0m██[38;2;191;58;60m██[38;2;65;65;65m██[38;2;191;58;60m██[38;2;191;58;60m██[38;2;65;65;65m██[38;2;0;0;0m██[38;2;0;0;0m██  [38;2;0;0;0m██[38;2;191;58;60m██[38;2;164;43;46m██[38;2;164;43;46m██[38;2;0;0;0m██
            [38;2;0;0;0m██[38;2;191;58;60m██[38;2;191;58;60m██[38;2;191;58;60m██[38;2;0;0;0m██[38;2;191;58;60m██[38;2;191;58;60m██[38;2;65;65;65m██[38;2;247;85;88m██[38;2;247;85;88m██[38;2;0;0;0m██  [38;2;0;0;0m██[38;2;164;43;46m██[38;2;249;168;196m██[38;2;0;0;0m██
          [38;2;0;0;0m██[38;2;191;58;60m██[38;2;191;58;60m██[38;2;164;43;46m██[38;2;0;0;0m██  [38;2;0;0;0m██[38;2;164;43;46m██[38;2;164;43;46m██[38;2;65;65;65m██[38;2;247;85;88m██[38;2;247;85;88m██[38;2;0;0;0m██  [38;2;0;0;0m██[38;2;249;168;196m██[38;2;0;0;0m██
            [38;2;0;0;0m██[38;2;65;65;65m██[38;2;65;65;65m██[38;2;164;43;46m██[38;2;0;0;0m██  [38;2;0;0;0m██[38;2;0;0;0m██[38;2;65;65;65m██[38;2;247;85;88m██[38;2;247;85;88m██[38;2;247;85;88m██[38;2;0;0;0m██  [38;2;0;0;0m██[38;2;0;0;0m██
            [38;2;0;0;0m██[38;2;249;168;196m██[38;2;196;120;148m██[38;2;164;43;46m██[38;2;0;0;0m██      [38;2;0;0;0m██[38;2;0;0;0m██[38;2;247;85;88m██[38;2;65;65;65m██[38;2;0;0;0m██      
              [38;2;0;0;0m██[38;2;0;0;0m██[38;2;0;0;0m██            [38;2;0;0;0m██[38;2;191;58;60m██[38;2;191;58;60m██[38;2;0;0;0m██    
                                [38;2;0;0;0m██[38;2;191;58;60m██[38;2;191;58;60m██[38;2;0;0;0m██    
                              [38;2;0;0;0m██[38;2;191;58;60m██[38;2;249;168;196m██[38;2;249;168;196m██[38;2;191;58;60m██[38;2;0;0;0m██  
                                [38;2;0;0;0m██[38;2;0;0;0m██[38;2;0;0;0m██[38;2;0;0;0m██    
