      [38;2;0;0;0m██[38;2;0;0;0m██                                      
  [38;2;0;0;0m██[38;2;0;0;0m██[38;2;65;65;65m██[38;2;238;201;57m██[38;2;0;0;0m██                      [38;2;0;0;0m██[38;2;0;0;0m██[38;2;0;0;0m██[38;2;0;0;0m██      
[38;2;0;0;0m██[38;2;0;0;0m██[38;2;238;201;57m██[38;2;238;201;57m██[38;2;65;65;65m██[38;2;238;201;57m██[38;2;0;0;0m██                  [38;2;0;0;0m██[38;2;238;201;57m██[38;2;65;65;65m██[38;2;238;201;57m██[38;2;65;65;65m██[38;2;0;0;0m██    
[38;2;0;0;0m██[38;2;238;201;57m██[38;2;65;65;65m██[38;2;238;201;57m██[38;2;65;65;65m██[38;2;238;201;57m██[38;2;0;0;0m██                  [38;2;0;0;0m██[38;2;238;201;57m██[38;2;65;65;65m██[38;2;238;201;57m██[38;2;65;65;65m██[38;2;238;201;57m██[38;2;0;0;0m██  
[38;2;0;0;0m██[38;2;238;201;57m██[38;2;65;65;65m██[38;2;238;201;57m██[38;2;65;65;65m██[38;2;0;0;0m██        [38;2;0;0;0m██[38;2;0;0;0m██  [38;2;0;0;0m██[38;2;0;0;0m██  [38;2;0;0;0m██[38;2;65;65;65m██[38;2;65;65;65m██[38;2;238;201;57m██[38;2;65;65;65m██[38;2;238;201;57m██[38;2;0;0;0m██  
  [38;2;0;0;0m██[38;2;65;65;65m██[38;2;65;65;65m██[38;2;209;149;41m██[38;2;209;149;41m██[38;2;0;0;0m██  [38;2;0;0;0m██[38;2;0;0;0m██[38;2;209;149;41m██[38;2;209;149;41m██[38;2;175;108;8m██[38;2;238;201;57m██[38;2;238;201;57m██[38;2;0;0;0m██  [38;2;0;0;0m██[38;2;238;201;57m██[38;2;65;65;65m██[38;2;65;65;65m██[38;2;65;65;65m██[38;2;238;201;57m██[38;2;0;0;0m██
    [38;2;0;0;0m██[38;2;209;149;41m██[38;2;209;149;41m██[38;2;209;149;41m██[38;2;0;0;0m██[38;2;0;0;0m██[38;2;238;201;57m██[38;2;209;149;41m██[38;2;175;108;8m██[38;2;175;108;8m██[38;2;238;201;57m██[38;2;238;201;57m██[38;2;238;201;57m██[38;2;238;201;57m██[38;2;0;0;0m██  [38;2;0;0;0m██[38;2;238;201;57m██[38;2;238;201;57m██[38;2;238;201;57m██[38;2;238;201;57m██[38;2;0;0;0m██
    [38;2;0;0;0m██[38;2;175;108;8m██[38;2;209;149;41m██[38;2;209;149;41m██[38;2;209;149;41m██[38;2;65;65;65m██[38;2;238;201;57m██[38;2;238;201;57m██[38;2;238;201;57m██[38;2;238;201;57m██[38;2;238;201;57m██[38;2;238;201;57m██[38;2;209;149;41m██[38;2;238;201;57m██[38;2;0;0;0m██  [38;2;0;0;0m██[38;2;238;201;57m██[38;2;238;201;57m██[38;2;209;149;41m██[38;2;238;201;57m██[38;2;0;0;0m██
    [38;2;0;0;0m██[38;2;209;149;41m██[38;2;175;108;8m██[38;2;209;149;41m██[38;2;65;65;65m██[38;2;255;255;255m██[38;2;175;108;8m██[38;2;238;201;57m██[38;2;238;201;57m██[38;2;209;149;41m██[38;2;238;201;57m██[38;2;238;201;57m██[38;2;238;201;57m██[38;2;209;149;41m██[38;2;238;201;57m██[38;2;0;0;0m██[38;2;0;0;0m██[38;2;175;108;8m██[38;2;238;201;57m██[38;2;209;149;41m██[38;2;0;0;0m██  
      [38;2;0;0;0m██[38;2;175;108;8m██[38;2;209;149;41m██[38;2;65;65;65m██[38;2;255;255;255m██[38;2;0;0;0m██[38;2;238;201;57m██[38;2;175;108;8m██[38;2;238;201;57m██[38;2;238;201;57m██[38;2;209;149;41m██[38;2;65;65;65m██[38;2;209;149;41m██[38;2;175;108;8m██[38;2;65;65;65m██[38;2;209;149;41m██[38;2;175;108;8m██[38;2;238;201;57m██[38;2;238;201;57m██[38;2;0;0;0m██  
      [38;2;0;0;0m██[38;2;65;65;65m██[38;2;209;149;41m██[38;2;0;0;0m██[38;2;65;65;65m██[38;2;209;149;41m██[38;2;209;149;41m██[38;2;175;108;8m██[38;2;238;201;57m██[38;2;209;149;41m██[38;2;0;0;0m██[38;2;255;255;255m██[38;2;238;201;57m██[38;2;175;108;8m██[38;2;209;149;41m██[38;2;209;149;41m██[38;2;209;149;41m██[38;2;175;108;8m██[38;2;0;0;0m██    
        [38;2;0;0;0m██[38;2;0;0;0m██  [38;2;0;0;0m██[38;2;209;149;41m██[38;2;209;149;41m██[38;2;209;149;41m██[38;2;209;149;41m██[38;2;0;0;0m██[38;2;65;65;65m██[38;2;255;255;255m██[38;2;209;149;41m██[38;2;209;149;41m██[38;2;0;0;0m██[38;2;0;0;0m██[38;2;209;149;41m██[38;2;209;149;41m██[38;2;0;0;0m██    
                [38;2;0;0;0m██[38;2;209;149;41m██[38;2;209;149;41m██[38;2;209;149;41m██[38;2;209;149;41m██[38;2;209;149;41m██[38;2;209;149;41m██[38;2;209;149;41m██[38;2;0;0;0m██    [38;2;0;0;0m██[38;2;0;0;0m██      
                  [38;2;0;0;0m██[38;2;0;0;0m██[38;2;175;108;8m██[38;2;209;149;41m██[38;2;209;149;41m██[38;2;0;0;0m██[38;2;0;0;0m██                
                      [38;2;0;0;0m██[38;2;0;0;0m██[38;2;0;0;0m██                    
