      [38;2;0;0;0m██[38;2;0;0;0m██                                      
    [38;2;0;0;0m██[38;2;65;65;65m██[38;2;242;154;69m██[38;2;0;0;0m██                      [38;2;0;0;0m██[38;2;0;0;0m██[38;2;0;0;0m██[38;2;0;0;0m██      
  [38;2;0;0;0m██[38;2;242;154;69m██[38;2;242;154;69m██[38;2;65;65;65m██[38;2;242;154;69m██[38;2;0;0;0m██      [38;2;0;0;0m██  [38;2;0;0;0m██  [38;2;0;0;0m██  [38;2;0;0;0m██[38;2;242;154;69m██[38;2;65;65;65m██[38;2;242;154;69m██[38;2;65;65;65m██[38;2;0;0;0m██    
[38;2;0;0;0m██[38;2;242;154;69m██[38;2;65;65;65m██[38;2;242;154;69m██[38;2;65;65;65m██[38;2;242;154;69m██[38;2;0;0;0m██    [38;2;0;0;0m██[38;2;65;65;74m██[38;2;0;0;0m██[38;2;65;65;74m██[38;2;0;0;0m██[38;2;65;65;74m██[38;2;0;0;0m██[38;2;0;0;0m██[38;2;242;154;69m██[38;2;65;65;65m██[38;2;242;154;69m██[38;2;65;65;65m██[38;2;242;154;69m██[38;2;0;0;0m██  
[38;2;0;0;0m██[38;2;242;154;69m██[38;2;65;65;65m██[38;2;242;154;69m██[38;2;65;65;65m██[38;2;0;0;0m██      [38;2;0;0;0m██[38;2;65;65;74m██[38;2;0;0;0m██[38;2;65;65;74m██[38;2;0;0;0m██[38;2;65;65;74m██[38;2;0;0;0m██[38;2;0;0;0m██[38;2;65;65;65m██[38;2;65;65;65m██[38;2;242;154;69m██[38;2;65;65;65m██[38;2;242;154;69m██[38;2;0;0;0m██  
  [38;2;0;0;0m██[38;2;65;65;65m██[38;2;65;65;65m██[38;2;200;112;27m██[38;2;200;112;27m██[38;2;0;0;0m██  [38;2;0;0;0m██[38;2;0;0;0m██[38;2;65;65;74m██[38;2;200;112;27m██[38;2;65;65;74m██[38;2;242;154;69m██[38;2;65;65;74m██[38;2;0;0;0m██  [38;2;0;0;0m██[38;2;242;154;69m██[38;2;65;65;65m██[38;2;65;65;65m██[38;2;65;65;65m██[38;2;242;154;69m██[38;2;0;0;0m██
    [38;2;0;0;0m██[38;2;200;112;27m██[38;2;200;112;27m██[38;2;200;112;27m██[38;2;0;0;0m██[38;2;0;0;0m██[38;2;65;65;74m██[38;2;200;112;27m██[38;2;133;89;47m██[38;2;133;89;47m██[38;2;242;154;69m██[38;2;242;154;69m██[38;2;242;154;69m██[38;2;242;154;69m██[38;2;0;0;0m██  [38;2;0;0;0m██[38;2;242;154;69m██[38;2;242;154;69m██[38;2;242;154;69m██[38;2;242;154;69m██[38;2;0;0;0m██
    [38;2;0;0;0m██[38;2;133;89;47m██[38;2;200;112;27m██[38;2;200;112;27m██[38;2;200;112;27m██[38;2;65;65;74m██[38;2;65;65;65m██[38;2;65;65;74m██[38;2;242;154;69m██[38;2;242;154;69m██[38;2;242;154;69m██[38;2;65;65;74m██[38;2;65;65;74m██[38;2;242;154;69m██[38;2;0;0;0m██  [38;2;0;0;0m██[38;2;242;154;69m██[38;2;242;154;69m██[38;2;200;112;27m██[38;2;242;154;69m██[38;2;0;0;0m██
    [38;2;0;0;0m██[38;2;200;112;27m██[38;2;133;89;47m██[38;2;200;112;27m██[38;2;65;65;65m██[38;2;255;255;255m██[38;2;65;65;65m██[38;2;65;65;74m██[38;2;242;154;69m██[38;2;242;154;69m██[38;2;65;65;74m██[38;2;65;65;65m██[38;2;65;65;65m██[38;2;65;65;74m██[38;2;242;154;69m██[38;2;0;0;0m██[38;2;0;0;0m██[38;2;133;89;47m██[38;2;242;154;69m██[38;2;200;112;27m██[38;2;0;0;0m██  
      [38;2;0;0;0m██[38;2;133;89;47m██[38;2;200;112;27m██[38;2;65;65;65m██[38;2;255;255;255m██[38;2;0;0;0m██[38;2;65;65;74m██[38;2;242;154;69m██[38;2;65;65;74m██[38;2;65;65;65m██[38;2;65;65;65m██[38;2;65;65;65m██[38;2;200;112;27m██[38;2;133;89;47m██[38;2;65;65;65m██[38;2;200;112;27m██[38;2;133;89;47m██[38;2;242;154;69m██[38;2;242;154;69m██[38;2;0;0;0m██  
      [38;2;0;0;0m██[38;2;65;65;65m██[38;2;200;112;27m██[38;2;0;0;0m██[38;2;65;65;65m██[38;2;200;112;27m██[38;2;200;112;27m██[38;2;65;65;74m██[38;2;65;65;65m██[38;2;65;65;65m██[38;2;0;0;0m██[38;2;255;255;255m██[38;2;242;154;69m██[38;2;133;89;47m██[38;2;200;112;27m██[38;2;200;112;27m██[38;2;200;112;27m██[38;2;133;89;47m██[38;2;0;0;0m██    
        [38;2;0;0;0m██[38;2;0;0;0m██  [38;2;0;0;0m██[38;2;200;112;27m██[38;2;200;112;27m██[38;2;200;112;27m██[38;2;65;65;74m██[38;2;0;0;0m██[38;2;65;65;65m██[38;2;255;255;255m██[38;2;200;112;27m██[38;2;200;112;27m██[38;2;0;0;0m██[38;2;0;0;0m██[38;2;200;112;27m██[38;2;200;112;27m██[38;2;0;0;0m██    
                [38;2;0;0;0m██[38;2;200;112;27m██[38;2;200;112;27m██[38;2;200;112;27m██[38;2;200;112;27m██[38;2;200;112;27m██[38;2;200;112;27m██[38;2;200;112;27m██[38;2;0;0;0m██    [38;2;0;0;0m██[38;2;0;0;0m██      
                  [38;2;0;0;0m██[38;2;0;0;0m██[38;2;133;89;47m██[38;2;200;112;27m██[38;2;200;112;27m██[38;2;0;0;0m██[38;2;0;0;0m██                
                      [38;2;0;0;0m██[38;2;0;0;0m██[38;2;0;0;0m██                    
