                    [38;2;0;0;0m██[38;2;0;0;0m██[38;2;0;0;0m██[38;2;0;0;0m██          
                [38;2;0;0;0m██[38;2;0;0;0m██[38;2;49;135;210m██[38;2;49;135;210m██[38;2;49;135;210m██[38;2;0;0;0m██          
              [38;2;0;0;0m██[38;2;49;135;210m██[38;2;49;135;210m██[38;2;49;135;210m██[38;2;49;135;210m██[38;2;49;135;210m██[38;2;0;0;0m██          
        [38;2;0;0;0m██[38;2;0;0;0m██[38;2;0;0;0m██[38;2;49;135;210m██[38;2;49;135;210m██[38;2;49;135;210m██[38;2;49;135;210m██[38;2;49;135;210m██[38;2;0;0;0m██            
      [38;2;0;0;0m██[38;2;12;109;180m██[38;2;65;65;65m██[38;2;49;135;210m██[38;2;49;135;210m██[38;2;49;135;210m██[38;2;49;135;210m██[38;2;49;135;210m██[38;2;49;135;210m██[38;2;0;0;0m██[38;2;0;0;0m██[38;2;0;0;0m██[38;2;0;0;0m██      
    [38;2;0;0;0m██[38;2;12;109;180m██[38;2;65;65;65m██[38;2;49;135;210m██[38;2;49;135;210m██[38;2;49;135;210m██[38;2;49;135;210m██[38;2;49;135;210m██[38;2;65;65;65m██[38;2;65;65;65m██[38;2;107;206;255m██[38;2;49;135;210m██[38;2;49;135;210m██[38;2;0;0;0m██      
    [38;2;0;0;0m██[38;2;12;109;180m██[38;2;65;65;65m██[38;2;49;135;210m██[38;2;49;135;210m██[38;2;49;135;210m██[38;2;49;135;210m██[38;2;65;65;65m██[38;2;65;65;65m██[38;2;107;206;255m██[38;2;107;206;255m██[38;2;107;206;255m██[38;2;49;135;210m██[38;2;0;0;0m██      
      [38;2;0;0;0m██[38;2;49;135;210m██[38;2;49;135;210m██[38;2;49;135;210m██[38;2;49;135;210m██[38;2;49;135;210m██[38;2;65;65;65m██[38;2;49;135;210m██[38;2;49;135;210m██[38;2;107;206;255m██[38;2;107;206;255m██[38;2;0;0;0m██        
      [38;2;0;0;0m██[38;2;49;135;210m██[38;2;49;135;210m██[38;2;49;135;210m██[38;2;49;135;210m██[38;2;0;0;0m██[38;2;65;65;65m██[38;2;49;135;210m██[38;2;49;135;210m██[38;2;107;206;255m██[38;2;65;65;65m██[38;2;0;0;0m██        
    [38;2;0;0;0m██[38;2;49;135;210m██[38;2;49;135;210m██[38;2;49;135;210m██[38;2;49;135;210m██[38;2;0;0;0m██[38;2;255;255;255m██[38;2;65;65;65m██[38;2;65;65;65m██[38;2;65;65;65m██[38;2;65;65;65m██[38;2;49;135;210m██[38;2;49;135;210m██[38;2;0;0;0m██      
  [38;2;0;0;0m██[38;2;65;65;65m██[38;2;49;135;210m██[38;2;49;135;210m██[38;2;49;135;210m██[38;2;65;65;65m██[38;2;0;0;0m██[38;2;0;0;0m██[38;2;255;255;255m██[38;2;49;135;210m██[38;2;49;135;210m██[38;2;49;135;210m██[38;2;49;135;210m██[38;2;49;135;210m██[38;2;0;0;0m██      
[38;2;0;0;0m██[38;2;12;109;180m██[38;2;65;65;65m██[38;2;65;65;65m██[38;2;65;65;65m██[38;2;49;135;210m██[38;2;49;135;210m██[38;2;255;255;255m██[38;2;255;255;255m██[38;2;49;135;210m██[38;2;49;135;210m██[38;2;49;135;210m██[38;2;49;135;210m██[38;2;49;135;210m██[38;2;49;135;210m██[38;2;107;206;255m██[38;2;0;0;0m██[38;2;0;0;0m██[38;2;0;0;0m██
[38;2;0;0;0m██[38;2;12;109;180m██[38;2;65;65;65m██[38;2;228;211;2m██[38;2;228;211;2m██[38;2;65;65;65m██[38;2;65;65;65m██[38;2;65;65;65m██[38;2;65;65;65m██[38;2;49;135;210m██[38;2;12;109;180m██[38;2;12;109;180m██[38;2;49;135;210m██[38;2;49;135;210m██[38;2;49;135;210m██[38;2;107;206;255m██[38;2;0;0;0m██[38;2;12;109;180m██[38;2;0;0;0m██
  [38;2;0;0;0m██[38;2;0;0;0m██[38;2;65;65;65m██[38;2;228;211;2m██[38;2;228;211;2m██[38;2;228;211;2m██[38;2;228;211;2m██[38;2;255;255;255m██[38;2;65;65;65m██[38;2;49;135;210m██[38;2;49;135;210m██[38;2;49;135;210m██[38;2;49;135;210m██[38;2;49;135;210m██[38;2;49;135;210m██[38;2;65;65;65m██[38;2;12;109;180m██[38;2;0;0;0m██
      [38;2;0;0;0m██[38;2;65;65;65m██[38;2;228;211;2m██[38;2;228;211;2m██[38;2;228;211;2m██[38;2;181;151;10m██[38;2;65;65;65m██[38;2;49;135;210m██[38;2;49;135;210m██[38;2;65;65;65m██[38;2;49;135;210m██[38;2;12;109;180m██[38;2;49;135;210m██[38;2;65;65;65m██[38;2;0;0;0m██  
      [38;2;0;0;0m██[38;2;12;109;180m██[38;2;65;65;65m██[38;2;65;65;65m██[38;2;181;151;10m██[38;2;181;151;10m██[38;2;181;151;10m██[38;2;65;65;65m██[38;2;65;65;65m██[38;2;49;135;210m██[38;2;49;135;210m██[38;2;49;135;210m██[38;2;0;0;0m██[38;2;0;0;0m██    
        [38;2;0;0;0m██[38;2;12;109;180m██[38;2;12;109;180m██[38;2;0;0;0m██[38;2;0;0;0m██[38;2;0;0;0m██[38;2;12;109;180m██[38;2;49;135;210m██[38;2;49;135;210m██[38;2;49;135;210m██[38;2;49;135;210m██[38;2;0;0;0m██      
          [38;2;0;0;0m██[38;2;0;0;0m██[38;2;0;0;0m██    [38;2;0;0;0m██[38;2;49;135;210m██[38;2;12;109;180m██[38;2;49;135;210m██[38;2;0;0;0m██        
                      [38;2;0;0;0m██[38;2;0;0;0m██[38;2;0;0;0m██          
