                  [38;2;0;0;0m██                            
                [38;2;0;0;0m██[38;2;172;187;241m██[38;2;0;0;0m██        [38;2;0;0;0m██[38;2;0;0;0m██              
    [38;2;0;0;0m██[38;2;0;0;0m██[38;2;0;0;0m██[38;2;0;0;0m██    [38;2;0;0;0m██[38;2;172;187;241m██[38;2;0;0;0m██      [38;2;0;0;0m██[38;2;172;187;241m██[38;2;0;0;0m██              
  [38;2;0;0;0m██[38;2;89;93;183m██[38;2;120;134;216m██[38;2;120;134;216m██[38;2;89;93;183m██[38;2;0;0;0m██  [38;2;0;0;0m██[38;2;172;187;241m██[38;2;172;187;241m██[38;2;0;0;0m██  [38;2;0;0;0m██[38;2;172;187;241m██[38;2;172;187;241m██[38;2;0;0;0m██              
[38;2;0;0;0m██[38;2;120;134;216m██[38;2;120;134;216m██[38;2;120;134;216m██[38;2;120;134;216m██[38;2;120;134;216m██[38;2;120;134;216m██[38;2;0;0;0m██[38;2;89;93;183m██[38;2;172;187;241m██[38;2;172;187;241m██[38;2;0;0;0m██  [38;2;0;0;0m██[38;2;172;187;241m██[38;2;172;187;241m██[38;2;0;0;0m██              
  [38;2;0;0;0m██[38;2;0;0;0m██[38;2;120;134;216m██[38;2;120;134;216m██[38;2;120;134;216m██[38;2;120;134;216m██[38;2;65;65;65m██[38;2;65;65;65m██[38;2;172;187;241m██[38;2;65;65;65m██[38;2;65;65;65m██[38;2;0;0;0m██[38;2;172;187;241m██[38;2;172;187;241m██[38;2;120;134;216m██[38;2;0;0;0m██    [38;2;0;0;0m██[38;2;0;0;0m██[38;2;0;0;0m██    
      [38;2;0;0;0m██[38;2;120;134;216m██[38;2;120;134;216m██[38;2;65;65;65m██[38;2;120;134;216m██[38;2;172;187;241m██[38;2;172;187;241m██[38;2;172;187;241m██[38;2;172;187;241m██[38;2;172;187;241m██[38;2;172;187;241m██[38;2;172;187;241m██[38;2;0;0;0m██    [38;2;0;0;0m██[38;2;172;187;241m██[38;2;172;187;241m██[38;2;172;187;241m██[38;2;0;0;0m██  
      [38;2;0;0;0m██[38;2;120;134;216m██[38;2;120;134;216m██[38;2;65;65;65m██[38;2;172;187;241m██[38;2;172;187;241m██[38;2;172;187;241m██[38;2;172;187;241m██[38;2;120;134;216m██[38;2;255;255;255m██[38;2;120;134;216m██[38;2;172;187;241m██[38;2;0;0;0m██  [38;2;0;0;0m██[38;2;172;187;241m██[38;2;172;187;241m██[38;2;172;187;241m██[38;2;172;187;241m██[38;2;172;187;241m██[38;2;0;0;0m██
    [38;2;0;0;0m██[38;2;120;134;216m██[38;2;120;134;216m██[38;2;65;65;65m██[38;2;120;134;216m██[38;2;172;187;241m██[38;2;172;187;241m██[38;2;172;187;241m██[38;2;255;255;255m██[38;2;0;0;0m██[38;2;255;255;255m██[38;2;255;255;255m██[38;2;172;187;241m██[38;2;172;187;241m██[38;2;65;65;65m██[38;2;65;65;65m██[38;2;172;187;241m██[38;2;172;187;241m██[38;2;172;187;241m██[38;2;172;187;241m██[38;2;172;187;241m██[38;2;0;0;0m██
      [38;2;0;0;0m██[38;2;65;65;65m██[38;2;65;65;65m██[38;2;255;255;255m██[38;2;89;93;183m██[38;2;89;93;183m██[38;2;172;187;241m██[38;2;172;187;241m██[38;2;172;187;241m██[38;2;172;187;241m██[38;2;89;93;183m██[38;2;172;187;241m██[38;2;120;134;216m██[38;2;65;65;65m██[38;2;65;65;65m██[38;2;172;187;241m██[38;2;120;134;216m██[38;2;172;187;241m██[38;2;172;187;241m██[38;2;172;187;241m██[38;2;0;0;0m██
      [38;2;0;0;0m██[38;2;58;92;189m██[38;2;58;92;189m██[38;2;65;65;65m██[38;2;247;123;99m██[38;2;173;82;66m██[38;2;89;93;183m██[38;2;89;93;183m██[38;2;89;93;183m██[38;2;89;93;183m██[38;2;120;134;216m██[38;2;120;134;216m██[38;2;65;65;65m██[38;2;65;65;65m██[38;2;65;65;65m██[38;2;120;134;216m██[38;2;120;134;216m██[38;2;89;93;183m██[38;2;172;187;241m██[38;2;120;134;216m██[38;2;0;0;0m██
    [38;2;0;0;0m██[38;2;120;134;216m██[38;2;58;92;189m██[38;2;58;92;189m██[38;2;65;65;65m██[38;2;247;123;99m██[38;2;173;82;66m██[38;2;247;123;99m██[38;2;247;123;99m██[38;2;255;255;255m██[38;2;89;93;183m██[38;2;120;134;216m██[38;2;65;65;65m██[38;2;65;65;65m██[38;2;147;161;243m██[38;2;120;134;216m██[38;2;65;65;65m██[38;2;120;134;216m██[38;2;65;65;65m██[38;2;172;187;241m██[38;2;0;0;0m██  
      [38;2;0;0;0m██[38;2;0;0;0m██[38;2;58;92;189m██[38;2;65;65;65m██[38;2;247;123;99m██[38;2;214;107;82m██[38;2;247;123;99m██[38;2;247;123;99m██[38;2;65;65;65m██[38;2;65;65;65m██[38;2;65;65;65m██[38;2;120;134;216m██[38;2;147;161;243m██[38;2;147;161;243m██[38;2;147;161;243m██[38;2;65;65;65m██[38;2;65;65;65m██[38;2;0;0;0m██[38;2;0;0;0m██    
          [38;2;0;0;0m██[38;2;58;92;189m██[38;2;65;65;65m██[38;2;247;123;99m██[38;2;247;123;99m██[38;2;65;65;65m██[38;2;147;161;243m██[38;2;147;161;243m██[38;2;147;161;243m██[38;2;147;161;243m██[38;2;65;65;65m██[38;2;65;65;65m██[38;2;65;65;65m██[38;2;90;124;247m██[38;2;90;124;247m██[38;2;0;0;0m██      
            [38;2;0;0;0m██[38;2;58;92;189m██[38;2;65;65;65m██[38;2;65;65;65m██[38;2;147;161;243m██[38;2;147;161;243m██[38;2;147;161;243m██[38;2;147;161;243m██[38;2;65;65;65m██[38;2;90;124;247m██[38;2;90;124;247m██[38;2;90;124;247m██[38;2;58;92;189m██[38;2;172;187;241m██[38;2;172;187;241m██[38;2;0;0;0m██    
            [38;2;0;0;0m██[38;2;65;65;65m██[38;2;120;134;216m██[38;2;120;134;216m██[38;2;89;93;183m██[38;2;147;161;243m██[38;2;147;161;243m██[38;2;89;93;183m██[38;2;65;65;65m██[38;2;65;65;65m██[38;2;65;65;65m██[38;2;90;124;247m██[38;2;90;124;247m██[38;2;0;0;0m██[38;2;0;0;0m██[38;2;0;0;0m██    
          [38;2;0;0;0m██[38;2;120;134;216m██[38;2;89;93;183m██[38;2;120;134;216m██[38;2;89;93;183m██[38;2;0;0;0m██[38;2;0;0;0m██[38;2;65;65;65m██[38;2;120;134;216m██[38;2;89;93;183m██[38;2;147;161;243m██[38;2;65;65;65m██[38;2;0;0;0m██[38;2;0;0;0m██          
            [38;2;0;0;0m██[38;2;0;0;0m██[38;2;0;0;0m██[38;2;0;0;0m██  [38;2;0;0;0m██[38;2;89;93;183m██[38;2;65;65;65m██[38;2;147;161;243m██[38;2;147;161;243m██[38;2;147;161;243m██[38;2;0;0;0m██            
                    [38;2;0;0;0m██[38;2;89;93;183m██[38;2;65;65;65m██[38;2;147;161;243m██[38;2;89;93;183m██[38;2;147;161;243m██[38;2;0;0;0m██[38;2;0;0;0m██            
                [38;2;0;0;0m██[38;2;0;0;0m██[38;2;89;93;183m██[38;2;89;93;183m██[38;2;89;93;183m██[38;2;0;0;0m██[38;2;0;0;0m██[38;2;0;0;0m██[38;2;0;0;0m██              
            [38;2;0;0;0m██[38;2;0;0;0m██[38;2;89;93;183m██[38;2;89;93;183m██[38;2;65;65;65m██[38;2;89;93;183m██[38;2;0;0;0m██                      
          [38;2;0;0;0m██[38;2;120;134;216m██[38;2;120;134;216m██[38;2;89;93;183m██[38;2;89;93;183m██[38;2;89;93;183m██[38;2;65;65;65m██[38;2;0;0;0m██                      
            [38;2;0;0;0m██[38;2;0;0;0m██[38;2;89;93;183m██[38;2;89;93;183m██[38;2;0;0;0m██[38;2;0;0;0m██                        
                [38;2;0;0;0m██[38;2;0;0;0m██                            
