      [38;2;0;0;0m██[38;2;0;0;0m██        [38;2;0;0;0m██[38;2;0;0;0m██                                        
    [38;2;0;0;0m██[38;2;80;179;255m██[38;2;80;179;255m██[38;2;0;0;0m██      [38;2;0;0;0m██[38;2;80;179;255m██[38;2;0;0;0m██[38;2;0;0;0m██                                    
  [38;2;0;0;0m██[38;2;80;179;255m██[38;2;80;179;255m██[38;2;65;65;65m██[38;2;80;179;255m██[38;2;0;0;0m██    [38;2;0;0;0m██[38;2;210;160;0m██[38;2;80;179;255m██[38;2;80;179;255m██[38;2;0;0;0m██[38;2;0;0;0m██                                
  [38;2;0;0;0m██[38;2;80;179;255m██[38;2;80;179;255m██[38;2;65;65;65m██[38;2;80;179;255m██[38;2;80;179;255m██[38;2;0;0;0m██  [38;2;0;0;0m██[38;2;210;160;0m██[38;2;49;137;220m██[38;2;80;179;255m██[38;2;80;179;255m██[38;2;49;137;220m██[38;2;0;0;0m██[38;2;0;0;0m██[38;2;0;0;0m██    [38;2;0;0;0m██[38;2;0;0;0m██[38;2;0;0;0m██[38;2;0;0;0m██[38;2;0;0;0m██[38;2;0;0;0m██          
[38;2;0;0;0m██[38;2;80;179;255m██[38;2;80;179;255m██[38;2;80;179;255m██[38;2;65;65;65m██[38;2;80;179;255m██[38;2;80;179;255m██[38;2;0;0;0m██    [38;2;0;0;0m██[38;2;210;160;0m██[38;2;80;179;255m██[38;2;80;179;255m██[38;2;80;179;255m██[38;2;80;179;255m██[38;2;80;179;255m██[38;2;49;137;220m██[38;2;0;0;0m██[38;2;0;0;0m██[38;2;80;179;255m██[38;2;80;179;255m██[38;2;80;179;255m██[38;2;49;137;220m██[38;2;49;137;220m██[38;2;65;65;65m██[38;2;0;0;0m██        
[38;2;0;0;0m██[38;2;80;179;255m██[38;2;80;179;255m██[38;2;80;179;255m██[38;2;80;179;255m██[38;2;65;65;65m██[38;2;80;179;255m██[38;2;80;179;255m██[38;2;0;0;0m██  [38;2;0;0;0m██[38;2;210;160;0m██[38;2;49;137;220m██[38;2;80;179;255m██[38;2;80;179;255m██[38;2;80;179;255m██[38;2;80;179;255m██[38;2;80;179;255m██[38;2;80;179;255m██[38;2;80;179;255m██[38;2;80;179;255m██[38;2;49;137;220m██[38;2;49;137;220m██[38;2;255;221;26m██[38;2;255;221;26m██[38;2;49;137;220m██[38;2;0;0;0m██        
[38;2;0;0;0m██[38;2;80;179;255m██[38;2;80;179;255m██[38;2;80;179;255m██[38;2;65;65;65m██[38;2;80;179;255m██[38;2;80;179;255m██[38;2;49;137;220m██[38;2;0;0;0m██  [38;2;0;0;0m██[38;2;255;221;26m██[38;2;255;231;98m██[38;2;80;179;255m██[38;2;80;179;255m██[38;2;80;179;255m██[38;2;80;179;255m██[38;2;80;179;255m██[38;2;80;179;255m██[38;2;49;137;220m██[38;2;49;137;220m██[38;2;255;221;26m██[38;2;255;221;26m██[38;2;210;160;0m██[38;2;49;137;220m██[38;2;0;0;0m██          
[38;2;0;0;0m██[38;2;49;137;220m██[38;2;80;179;255m██[38;2;80;179;255m██[38;2;80;179;255m██[38;2;65;65;65m██[38;2;49;137;220m██[38;2;49;137;220m██[38;2;0;0;0m██  [38;2;0;0;0m██[38;2;49;137;220m██[38;2;255;231;98m██[38;2;49;137;220m██[38;2;80;179;255m██[38;2;49;137;220m██[38;2;80;179;255m██[38;2;49;137;220m██[38;2;49;137;220m██[38;2;255;221;26m██[38;2;255;221;26m██[38;2;210;160;0m██[38;2;255;221;26m██[38;2;49;137;220m██[38;2;0;0;0m██    [38;2;0;0;0m██[38;2;0;0;0m██    
  [38;2;0;0;0m██[38;2;49;137;220m██[38;2;80;179;255m██[38;2;65;65;65m██[38;2;49;137;220m██[38;2;49;137;220m██[38;2;49;137;220m██[38;2;0;0;0m██  [38;2;0;0;0m██[38;2;65;65;65m██[38;2;49;137;220m██[38;2;49;137;220m██[38;2;80;179;255m██[38;2;80;179;255m██[38;2;49;137;220m██[38;2;181;132;90m██[38;2;255;231;98m██[38;2;49;137;220m██[38;2;255;221;26m██[38;2;210;160;0m██[38;2;49;137;220m██[38;2;0;0;0m██  [38;2;0;0;0m██[38;2;0;0;0m██[38;2;0;0;0m██[38;2;80;179;255m██[38;2;0;0;0m██  
  [38;2;0;0;0m██[38;2;49;137;220m██[38;2;49;137;220m██[38;2;49;137;220m██[38;2;65;65;65m██[38;2;49;137;220m██[38;2;0;0;0m██  [38;2;0;0;0m██[38;2;80;179;255m██[38;2;65;65;65m██[38;2;255;221;26m██[38;2;49;137;220m██[38;2;49;137;220m██[38;2;49;137;220m██[38;2;255;231;98m██[38;2;181;132;90m██[38;2;206;176;1m██[38;2;49;137;220m██[38;2;255;221;26m██[38;2;49;137;220m██[38;2;0;0;0m██  [38;2;0;0;0m██[38;2;80;179;255m██[38;2;80;179;255m██[38;2;65;65;65m██[38;2;80;179;255m██[38;2;49;137;220m██[38;2;0;0;0m██
    [38;2;0;0;0m██[38;2;49;137;220m██[38;2;49;137;220m██[38;2;49;137;220m██[38;2;65;65;65m██[38;2;49;137;220m██[38;2;0;0;0m██[38;2;65;65;65m██[38;2;80;179;255m██[38;2;65;65;65m██[38;2;49;137;220m██[38;2;255;255;255m██[38;2;255;221;26m██[38;2;49;137;220m██[38;2;49;137;220m██[38;2;49;137;220m██[38;2;49;137;220m██[38;2;49;137;220m██[38;2;65;65;65m██[38;2;0;0;0m██  [38;2;0;0;0m██[38;2;80;179;255m██[38;2;80;179;255m██[38;2;80;179;255m██[38;2;65;65;65m██[38;2;80;179;255m██[38;2;80;179;255m██[38;2;0;0;0m██
      [38;2;0;0;0m██[38;2;0;0;0m██[38;2;0;0;0m██[38;2;49;137;220m██[38;2;49;137;220m██[38;2;65;65;65m██[38;2;65;65;65m██[38;2;49;137;220m██[38;2;80;179;255m██[38;2;65;65;65m██[38;2;65;65;65m██[38;2;49;137;220m██[38;2;255;255;255m██[38;2;255;221;26m██[38;2;255;255;255m██[38;2;65;65;65m██[38;2;65;65;65m██[38;2;49;137;220m██[38;2;80;179;255m██[38;2;0;0;0m██[38;2;65;65;65m██[38;2;80;179;255m██[38;2;80;179;255m██[38;2;80;179;255m██[38;2;65;65;65m██[38;2;80;179;255m██[38;2;80;179;255m██[38;2;0;0;0m██
            [38;2;0;0;0m██[38;2;65;65;65m██[38;2;255;221;26m██[38;2;255;221;26m██[38;2;65;65;65m██[38;2;80;179;255m██[38;2;80;179;255m██[38;2;49;137;220m██[38;2;65;65;65m██[38;2;65;65;65m██[38;2;65;65;65m██[38;2;65;65;65m██[38;2;49;137;220m██[38;2;80;179;255m██[38;2;80;179;255m██[38;2;80;179;255m██[38;2;65;65;65m██[38;2;80;179;255m██[38;2;80;179;255m██[38;2;65;65;65m██[38;2;65;65;65m██[38;2;65;65;65m██[38;2;80;179;255m██[38;2;80;179;255m██[38;2;0;0;0m██
          [38;2;0;0;0m██[38;2;65;65;65m██[38;2;65;65;65m██[38;2;65;65;65m██[38;2;65;65;65m██[38;2;49;137;220m██[38;2;80;179;255m██[38;2;49;137;220m██[38;2;80;179;255m██[38;2;80;179;255m██[38;2;80;179;255m██[38;2;80;179;255m██[38;2;49;137;220m██[38;2;80;179;255m██[38;2;80;179;255m██[38;2;80;179;255m██[38;2;65;65;65m██[38;2;65;65;65m██[38;2;49;137;220m██[38;2;80;179;255m██[38;2;65;65;65m██[38;2;80;179;255m██[38;2;80;179;255m██[38;2;80;179;255m██[38;2;80;179;255m██[38;2;0;0;0m██
            [38;2;0;0;0m██[38;2;65;65;65m██[38;2;65;65;65m██[38;2;65;65;65m██[38;2;80;179;255m██[38;2;49;137;220m██[38;2;65;65;65m██[38;2;65;65;65m██[38;2;80;179;255m██[38;2;80;179;255m██[38;2;80;179;255m██[38;2;49;137;220m██[38;2;80;179;255m██[38;2;80;179;255m██[38;2;65;65;65m██[38;2;210;160;0m██[38;2;65;65;65m██[38;2;49;137;220m██[38;2;49;137;220m██[38;2;49;137;220m██[38;2;65;65;65m██[38;2;80;179;255m██[38;2;80;179;255m██[38;2;49;137;220m██[38;2;0;0;0m██
              [38;2;0;0;0m██[38;2;65;65;65m██[38;2;65;65;65m██[38;2;65;65;65m██[38;2;65;65;65m██[38;2;65;65;65m██[38;2;49;137;220m██[38;2;65;65;65m██[38;2;65;65;65m██[38;2;65;65;65m██[38;2;65;65;65m██[38;2;49;137;220m██[38;2;80;179;255m██[38;2;65;65;65m██[38;2;255;221;26m██[38;2;65;65;65m██[38;2;49;137;220m██[38;2;65;65;65m██[38;2;65;65;65m██[38;2;49;137;220m██[38;2;49;137;220m██[38;2;49;137;220m██[38;2;0;0;0m██  
              [38;2;0;0;0m██[38;2;65;65;65m██[38;2;65;65;65m██[38;2;65;65;65m██[38;2;65;65;65m██[38;2;65;65;65m██[38;2;49;137;220m██[38;2;80;179;255m██[38;2;210;160;0m██[38;2;210;160;0m██[38;2;80;179;255m██[38;2;65;65;65m██[38;2;80;179;255m██[38;2;65;65;65m██[38;2;65;65;65m██[38;2;49;137;220m██[38;2;65;65;65m██[38;2;49;137;220m██[38;2;49;137;220m██[38;2;49;137;220m██[38;2;49;137;220m██[38;2;49;137;220m██[38;2;0;0;0m██  
            [38;2;0;0;0m██[38;2;0;0;0m██[38;2;65;65;65m██[38;2;80;179;255m██[38;2;80;179;255m██[38;2;65;65;65m██[38;2;80;179;255m██[38;2;65;65;65m██[38;2;49;137;220m██[38;2;80;179;255m██[38;2;80;179;255m██[38;2;65;65;65m██[38;2;65;65;65m██[38;2;65;65;65m██[38;2;65;65;65m██[38;2;65;65;65m██[38;2;65;65;65m██[38;2;49;137;220m██[38;2;65;65;65m██[38;2;49;137;220m██[38;2;49;137;220m██[38;2;0;0;0m██[38;2;0;0;0m██    
          [38;2;0;0;0m██[38;2;80;179;255m██[38;2;80;179;255m██[38;2;49;137;220m██[38;2;80;179;255m██[38;2;80;179;255m██[38;2;80;179;255m██[38;2;65;65;65m██[38;2;80;179;255m██[38;2;65;65;65m██[38;2;49;137;220m██[38;2;65;65;65m██[38;2;80;179;255m██[38;2;49;137;220m██[38;2;80;179;255m██[38;2;65;65;65m██[38;2;65;65;65m██[38;2;65;65;65m██[38;2;65;65;65m██[38;2;65;65;65m██[38;2;0;0;0m██[38;2;0;0;0m██        
            [38;2;0;0;0m██[38;2;0;0;0m██[38;2;65;65;65m██[38;2;49;137;220m██[38;2;80;179;255m██[38;2;49;137;220m██[38;2;65;65;65m██[38;2;49;137;220m██[38;2;65;65;65m██[38;2;0;0;0m██[38;2;0;0;0m██[38;2;65;65;65m██[38;2;49;137;220m██[38;2;49;137;220m██[38;2;0;0;0m██[38;2;0;0;0m██[38;2;0;0;0m██[38;2;65;65;65m██[38;2;0;0;0m██            
              [38;2;0;0;0m██[38;2;80;179;255m██[38;2;80;179;255m██[38;2;49;137;220m██[38;2;49;137;220m██[38;2;0;0;0m██[38;2;0;0;0m██[38;2;0;0;0m██    [38;2;0;0;0m██[38;2;49;137;220m██[38;2;49;137;220m██[38;2;0;0;0m██    [38;2;0;0;0m██[38;2;0;0;0m██            
                [38;2;0;0;0m██[38;2;0;0;0m██[38;2;0;0;0m██[38;2;0;0;0m██            [38;2;0;0;0m██[38;2;0;0;0m██                      
