        [38;2;0;0;0m██              
      [38;2;0;0;0m██[38;2;255;248;138m██[38;2;0;0;0m██            
      [38;2;0;0;0m██[38;2;255;248;138m██[38;2;0;0;0m██    [38;2;0;0;0m██      
      [38;2;0;0;0m██[38;2;224;203;87m██[38;2;0;0;0m██  [38;2;0;0;0m██[38;2;255;248;138m██[38;2;0;0;0m██    
    [38;2;0;0;0m██[38;2;255;248;138m██[38;2;65;65;65m██[38;2;0;0;0m██  [38;2;0;0;0m██[38;2;255;248;138m██[38;2;0;0;0m██    
    [38;2;0;0;0m██[38;2;224;203;87m██[38;2;255;248;138m██[38;2;255;248;138m██[38;2;0;0;0m██[38;2;255;248;138m██[38;2;193;160;55m██[38;2;0;0;0m██    
  [38;2;0;0;0m██[38;2;255;248;138m██[38;2;255;248;138m██[38;2;255;248;138m██[38;2;255;248;138m██[38;2;255;248;138m██[38;2;224;203;87m██[38;2;0;0;0m██      
[38;2;0;0;0m██[38;2;186;168;255m██[38;2;65;65;65m██[38;2;255;248;138m██[38;2;255;248;138m██[38;2;255;248;138m██[38;2;255;248;138m██[38;2;255;248;138m██[38;2;193;160;55m██[38;2;0;0;0m██    
[38;2;0;0;0m██[38;2;186;168;255m██[38;2;255;248;138m██[38;2;255;248;138m██[38;2;65;65;65m██[38;2;255;248;138m██[38;2;255;248;138m██[38;2;134;116;202m██[38;2;255;248;138m██[38;2;0;0;0m██    
[38;2;0;0;0m██[38;2;134;116;202m██[38;2;255;248;138m██[38;2;255;248;138m██[38;2;255;248;138m██[38;2;255;248;138m██[38;2;134;116;202m██[38;2;186;168;255m██[38;2;134;116;202m██[38;2;0;0;0m██    
[38;2;0;0;0m██[38;2;214;132;123m██[38;2;255;248;138m██[38;2;255;248;138m██[38;2;214;132;123m██[38;2;214;132;123m██[38;2;134;116;202m██[38;2;186;168;255m██[38;2;134;116;202m██[38;2;214;132;123m██[38;2;0;0;0m██  
  [38;2;0;0;0m██[38;2;214;132;123m██[38;2;214;132;123m██[38;2;231;168;143m██[38;2;231;168;143m██[38;2;231;168;143m██[38;2;134;116;202m██[38;2;231;168;143m██[38;2;231;168;143m██[38;2;231;168;143m██[38;2;0;0;0m██
  [38;2;0;0;0m██[38;2;231;168;143m██[38;2;231;168;143m██[38;2;0;0;0m██[38;2;0;0;0m██[38;2;231;168;143m██[38;2;231;168;143m██[38;2;214;132;123m██[38;2;0;0;0m██[38;2;0;0;0m██  
    [38;2;0;0;0m██[38;2;0;0;0m██    [38;2;0;0;0m██[38;2;0;0;0m██[38;2;0;0;0m██      
