                  [38;2;0;0;0m██[38;2;0;0;0m██              
                [38;2;0;0;0m██[38;2;88;82;77m██[38;2;88;82;77m██[38;2;0;0;0m██            
              [38;2;0;0;0m██[38;2;88;82;77m██[38;2;176;87;188m██[38;2;0;0;0m██[38;2;0;0;0m██            
              [38;2;0;0;0m██[38;2;160;57;186m██[38;2;0;0;0m██                
            [38;2;0;0;0m██[38;2;210;122;222m██[38;2;210;122;222m██[38;2;65;65;65m██[38;2;0;0;0m██              
    [38;2;0;0;0m██[38;2;0;0;0m██[38;2;0;0;0m██[38;2;0;0;0m██[38;2;210;122;222m██[38;2;210;122;222m██[38;2;210;122;222m██[38;2;210;122;222m██[38;2;176;87;188m██[38;2;0;0;0m██            
  [38;2;0;0;0m██[38;2;210;122;222m██[38;2;176;87;188m██[38;2;176;87;188m██[38;2;65;65;65m██[38;2;210;122;222m██[38;2;210;122;222m██[38;2;210;122;222m██[38;2;210;122;222m██[38;2;160;57;186m██[38;2;210;122;222m██[38;2;0;0;0m██          
[38;2;0;0;0m██[38;2;210;122;222m██[38;2;0;0;0m██[38;2;0;0;0m██[38;2;0;0;0m██[38;2;0;0;0m██[38;2;176;87;188m██[38;2;210;122;222m██[38;2;210;122;222m██[38;2;160;57;186m██[38;2;65;65;65m██[38;2;176;87;188m██[38;2;210;122;222m██[38;2;0;0;0m██[38;2;0;0;0m██      
[38;2;0;0;0m██[38;2;210;122;222m██[38;2;0;0;0m██    [38;2;0;0;0m██[38;2;160;57;186m██[38;2;176;87;188m██[38;2;160;57;186m██[38;2;186;134;60m██[38;2;0;0;0m██[38;2;0;0;0m██[38;2;160;57;186m██[38;2;210;122;222m██[38;2;176;87;188m██[38;2;0;0;0m██    
[38;2;0;0;0m██[38;2;160;57;186m██[38;2;210;122;222m██[38;2;0;0;0m██    [38;2;0;0;0m██[38;2;160;57;186m██[38;2;234;215;0m██[38;2;215;169;89m██[38;2;0;0;0m██  [38;2;0;0;0m██[38;2;0;0;0m██[38;2;0;0;0m██[38;2;210;122;222m██[38;2;0;0;0m██  
  [38;2;0;0;0m██[38;2;0;0;0m██      [38;2;0;0;0m██[38;2;215;169;89m██[38;2;255;223;88m██[38;2;215;169;89m██[38;2;0;0;0m██      [38;2;0;0;0m██[38;2;160;57;186m██[38;2;210;122;222m██[38;2;0;0;0m██
            [38;2;0;0;0m██[38;2;215;169;89m██[38;2;215;169;89m██[38;2;215;169;89m██[38;2;0;0;0m██      [38;2;0;0;0m██[38;2;210;122;222m██[38;2;210;122;222m██[38;2;0;0;0m██
          [38;2;0;0;0m██[38;2;186;134;60m██[38;2;215;169;89m██[38;2;215;169;89m██[38;2;186;134;60m██[38;2;0;0;0m██        [38;2;0;0;0m██[38;2;176;87;188m██[38;2;0;0;0m██
          [38;2;0;0;0m██[38;2;215;169;89m██[38;2;215;169;89m██[38;2;186;134;60m██[38;2;72;69;67m██[38;2;72;69;67m██[38;2;0;0;0m██        [38;2;0;0;0m██  
        [38;2;0;0;0m██[38;2;88;82;77m██[38;2;72;69;67m██[38;2;215;169;89m██[38;2;72;69;67m██[38;2;72;69;67m██[38;2;88;82;77m██[38;2;0;0;0m██            
      [38;2;0;0;0m██[38;2;88;82;77m██[38;2;234;215;0m██[38;2;72;69;67m██[38;2;72;69;67m██[38;2;88;82;77m██[38;2;72;69;67m██[38;2;72;69;67m██[38;2;88;82;77m██[38;2;0;0;0m██          
      [38;2;0;0;0m██[38;2;72;69;67m██[38;2;88;82;77m██[38;2;72;69;67m██[38;2;88;82;77m██[38;2;88;82;77m██[38;2;234;215;0m██[38;2;72;69;67m██[38;2;88;82;77m██[38;2;0;0;0m██          
      [38;2;0;0;0m██[38;2;72;69;67m██[38;2;234;215;0m██[38;2;88;82;77m██[38;2;234;215;0m██[38;2;88;82;77m██[38;2;88;82;77m██[38;2;72;69;67m██[38;2;88;82;77m██[38;2;0;0;0m██          
      [38;2;0;0;0m██[38;2;88;82;77m██[38;2;207;170;83m██[38;2;255;223;88m██[38;2;255;223;88m██[38;2;88;82;77m██[38;2;234;215;0m██[38;2;72;69;67m██[38;2;72;69;67m██[38;2;0;0;0m██          
        [38;2;0;0;0m██[38;2;72;69;67m██[38;2;72;69;67m██[38;2;255;223;88m██[38;2;234;215;0m██[38;2;174;133;78m██[38;2;88;82;77m██[38;2;0;0;0m██            
          [38;2;0;0;0m██[38;2;0;0;0m██[38;2;0;0;0m██[38;2;72;69;67m██[38;2;88;82;77m██[38;2;0;0;0m██              
                [38;2;0;0;0m██[38;2;0;0;0m██                
