    [38;2;0;0;0m██[38;2;0;0;0m██[38;2;0;0;0m██                                  
  [38;2;0;0;0m██[38;2;241;221;195m██[38;2;241;221;195m██[38;2;219;194;163m██[38;2;0;0;0m██[38;2;0;0;0m██                              
  [38;2;0;0;0m██[38;2;241;221;195m██[38;2;241;221;195m██[38;2;241;221;195m██[38;2;219;194;163m██[38;2;219;194;163m██[38;2;0;0;0m██                            
[38;2;0;0;0m██[38;2;219;194;163m██[38;2;219;194;163m██[38;2;219;194;163m██[38;2;241;221;195m██[38;2;241;221;195m██[38;2;219;194;163m██[38;2;219;194;163m██[38;2;0;0;0m██[38;2;0;0;0m██[38;2;0;0;0m██[38;2;0;0;0m██                    
[38;2;0;0;0m██[38;2;219;194;163m██[38;2;219;194;163m██[38;2;219;194;163m██[38;2;219;194;163m██[38;2;219;194;163m██[38;2;65;65;65m██[38;2;163;113;112m██[38;2;241;221;195m██[38;2;241;221;195m██[38;2;219;194;163m██[38;2;219;194;163m██[38;2;0;0;0m██[38;2;0;0;0m██  [38;2;0;0;0m██[38;2;0;0;0m██[38;2;0;0;0m██[38;2;0;0;0m██[38;2;0;0;0m██    
  [38;2;0;0;0m██[38;2;219;194;163m██[38;2;0;0;0m██[38;2;163;113;112m██[38;2;65;65;65m██[38;2;255;255;255m██[38;2;219;194;163m██[38;2;219;194;163m██[38;2;219;194;163m██[38;2;191;152;135m██[38;2;219;194;163m██[38;2;219;194;163m██[38;2;219;194;163m██[38;2;0;0;0m██[38;2;191;152;135m██[38;2;219;194;163m██[38;2;241;221;195m██[38;2;241;221;195m██[38;2;219;194;163m██[38;2;0;0;0m██  
    [38;2;0;0;0m██[38;2;219;194;163m██[38;2;65;65;65m██[38;2;219;194;163m██[38;2;0;0;0m██[38;2;219;194;163m██[38;2;219;194;163m██[38;2;191;152;135m██[38;2;255;255;255m██[38;2;219;194;163m██[38;2;219;194;163m██[38;2;219;194;163m██[38;2;219;194;163m██[38;2;241;221;195m██[38;2;241;221;195m██[38;2;241;221;195m██[38;2;219;194;163m██[38;2;65;65;65m██[38;2;65;65;65m██[38;2;0;0;0m██
    [38;2;0;0;0m██[38;2;219;194;163m██[38;2;65;65;65m██[38;2;219;194;163m██[38;2;65;65;65m██[38;2;65;65;65m██[38;2;219;194;163m██[38;2;0;0;0m██[38;2;255;255;255m██[38;2;219;194;163m██[38;2;65;65;65m██[38;2;219;194;163m██[38;2;219;194;163m██[38;2;219;194;163m██[38;2;219;194;163m██[38;2;219;194;163m██[38;2;65;65;65m██[38;2;65;65;65m██[38;2;65;65;65m██[38;2;0;0;0m██
    [38;2;0;0;0m██[38;2;219;194;163m██[38;2;191;152;135m██[38;2;255;255;255m██[38;2;163;113;112m██[38;2;65;65;65m██[38;2;219;194;163m██[38;2;219;194;163m██[38;2;219;194;163m██[38;2;65;65;65m██[38;2;219;194;163m██[38;2;65;65;65m██[38;2;219;194;163m██[38;2;65;65;65m██[38;2;163;113;112m██[38;2;219;194;163m██[38;2;65;65;65m██[38;2;65;65;65m██[38;2;0;0;0m██  
    [38;2;0;0;0m██[38;2;219;194;163m██[38;2;219;194;163m██[38;2;191;152;135m██[38;2;219;194;163m██[38;2;191;152;135m██[38;2;65;65;65m██[38;2;255;255;255m██[38;2;65;65;65m██[38;2;65;65;65m██[38;2;219;194;163m██[38;2;65;65;65m██[38;2;219;194;163m██[38;2;191;152;135m██[38;2;65;65;65m██[38;2;0;0;0m██[38;2;0;0;0m██[38;2;0;0;0m██    
      [38;2;0;0;0m██[38;2;219;194;163m██[38;2;219;194;163m██[38;2;219;194;163m██[38;2;219;194;163m██[38;2;191;152;135m██[38;2;163;113;112m██[38;2;219;194;163m██[38;2;219;194;163m██[38;2;219;194;163m██[38;2;65;65;65m██[38;2;191;152;135m██[38;2;163;113;112m██[38;2;0;0;0m██          
      [38;2;0;0;0m██[38;2;0;0;0m██[38;2;191;152;135m██[38;2;219;194;163m██[38;2;219;194;163m██[38;2;219;194;163m██[38;2;219;194;163m██[38;2;219;194;163m██[38;2;191;152;135m██[38;2;191;152;135m██[38;2;191;152;135m██[38;2;65;65;65m██[38;2;0;0;0m██            
    [38;2;0;0;0m██[38;2;241;221;195m██[38;2;241;221;195m██[38;2;0;0;0m██[38;2;65;65;65m██[38;2;191;152;135m██[38;2;191;152;135m██[38;2;191;152;135m██[38;2;163;113;112m██[38;2;65;65;65m██[38;2;65;65;65m██[38;2;65;65;65m██[38;2;65;65;65m██[38;2;0;0;0m██            
    [38;2;0;0;0m██[38;2;219;194;163m██[38;2;219;194;163m██[38;2;219;194;163m██[38;2;65;65;65m██[38;2;65;65;65m██[38;2;65;65;65m██[38;2;65;65;65m██[38;2;189;189;189m██[38;2;65;65;65m██[38;2;65;65;65m██[38;2;65;65;65m██[38;2;65;65;65m██[38;2;191;152;135m██[38;2;0;0;0m██          
      [38;2;0;0;0m██[38;2;191;152;135m██[38;2;163;113;112m██[38;2;65;65;65m██[38;2;65;65;65m██[38;2;65;65;65m██[38;2;65;65;65m██[38;2;65;65;65m██[38;2;241;221;195m██[38;2;241;221;195m██[38;2;65;65;65m██[38;2;191;152;135m██[38;2;191;152;135m██[38;2;0;0;0m██          
        [38;2;0;0;0m██[38;2;65;65;65m██[38;2;219;194;163m██[38;2;65;65;65m██[38;2;65;65;65m██[38;2;191;152;135m██[38;2;65;65;65m██[38;2;219;194;163m██[38;2;219;194;163m██[38;2;219;194;163m██[38;2;65;65;65m██[38;2;191;152;135m██[38;2;191;152;135m██[38;2;0;0;0m██[38;2;0;0;0m██[38;2;0;0;0m██    
        [38;2;0;0;0m██[38;2;191;152;135m██[38;2;219;194;163m██[38;2;219;194;163m██[38;2;219;194;163m██[38;2;191;152;135m██[38;2;191;152;135m██[38;2;65;65;65m██[38;2;219;194;163m██[38;2;65;65;65m██[38;2;65;65;65m██[38;2;65;65;65m██[38;2;191;152;135m██[38;2;65;65;65m██[38;2;191;152;135m██[38;2;0;0;0m██    
        [38;2;0;0;0m██[38;2;65;65;65m██[38;2;219;194;163m██[38;2;219;194;163m██[38;2;219;194;163m██[38;2;219;194;163m██[38;2;219;194;163m██[38;2;191;152;135m██[38;2;65;65;65m██[38;2;65;65;65m██[38;2;65;65;65m██[38;2;219;194;163m██[38;2;191;152;135m██[38;2;163;113;112m██[38;2;0;0;0m██      
      [38;2;0;0;0m██[38;2;219;194;163m██[38;2;191;152;135m██[38;2;65;65;65m██[38;2;219;194;163m██[38;2;219;194;163m██[38;2;219;194;163m██[38;2;191;152;135m██[38;2;65;65;65m██[38;2;219;194;163m██[38;2;219;194;163m██[38;2;219;194;163m██[38;2;219;194;163m██[38;2;191;152;135m██[38;2;163;113;112m██[38;2;0;0;0m██      
        [38;2;0;0;0m██[38;2;0;0;0m██[38;2;0;0;0m██[38;2;0;0;0m██[38;2;0;0;0m██[38;2;191;152;135m██[38;2;191;152;135m██[38;2;65;65;65m██[38;2;219;194;163m██[38;2;219;194;163m██[38;2;219;194;163m██[38;2;191;152;135m██[38;2;163;113;112m██[38;2;0;0;0m██        
                  [38;2;0;0;0m██[38;2;0;0;0m██[38;2;0;0;0m██[38;2;65;65;65m██[38;2;163;113;112m██[38;2;163;113;112m██[38;2;163;113;112m██[38;2;65;65;65m██[38;2;0;0;0m██        
                        [38;2;0;0;0m██[38;2;219;194;163m██[38;2;191;152;135m██[38;2;219;194;163m██[38;2;0;0;0m██          
                          [38;2;0;0;0m██[38;2;0;0;0m██[38;2;0;0;0m██            
