                    [38;2;0;0;0m██[38;2;0;0;0m██                  
                [38;2;0;0;0m██[38;2;0;0;0m██[38;2;148;204;112m██[38;2;148;204;112m██[38;2;0;0;0m██[38;2;0;0;0m██              
              [38;2;0;0;0m██[38;2;148;204;112m██[38;2;179;235;143m██[38;2;148;204;112m██[38;2;148;204;112m██[38;2;148;204;112m██[38;2;148;204;112m██[38;2;0;0;0m██            
    [38;2;0;0;0m██[38;2;0;0;0m██[38;2;0;0;0m██  [38;2;0;0;0m██[38;2;148;204;112m██[38;2;148;204;112m██[38;2;148;204;112m██[38;2;148;204;112m██[38;2;148;204;112m██[38;2;148;204;112m██[38;2;148;204;112m██[38;2;148;204;112m██[38;2;0;0;0m██          
  [38;2;0;0;0m██[38;2;148;204;112m██[38;2;148;204;112m██[38;2;75;131;39m██[38;2;0;0;0m██[38;2;111;167;75m██[38;2;148;204;112m██[38;2;148;204;112m██[38;2;148;204;112m██[38;2;148;204;112m██[38;2;111;167;75m██[38;2;111;167;75m██[38;2;148;204;112m██[38;2;111;167;75m██[38;2;0;0;0m██          
[38;2;0;0;0m██[38;2;179;235;143m██[38;2;148;204;112m██[38;2;148;204;112m██[38;2;148;204;112m██[38;2;65;65;65m██[38;2;148;204;112m██[38;2;148;204;112m██[38;2;148;204;112m██[38;2;111;167;75m██[38;2;111;167;75m██[38;2;255;255;255m██[38;2;255;255;255m██[38;2;75;131;39m██[38;2;111;167;75m██[38;2;148;204;112m██[38;2;0;0;0m██        
[38;2;0;0;0m██[38;2;148;204;112m██[38;2;111;167;75m██[38;2;148;204;112m██[38;2;65;65;65m██[38;2;148;204;112m██[38;2;148;204;112m██[38;2;148;204;112m██[38;2;111;167;75m██[38;2;75;131;39m██[38;2;255;255;255m██[38;2;0;0;0m██[38;2;255;255;255m██[38;2;75;131;39m██[38;2;148;204;112m██[38;2;111;167;75m██[38;2;0;0;0m██[38;2;0;0;0m██      
  [38;2;0;0;0m██[38;2;0;0;0m██[38;2;111;167;75m██[38;2;65;65;65m██[38;2;148;204;112m██[38;2;148;204;112m██[38;2;148;204;112m██[38;2;148;204;112m██[38;2;111;167;75m██[38;2;255;255;255m██[38;2;255;255;255m██[38;2;111;167;75m██[38;2;148;204;112m██[38;2;148;204;112m██[38;2;75;131;39m██[38;2;75;131;39m██[38;2;111;167;75m██[38;2;0;0;0m██    
      [38;2;0;0;0m██[38;2;111;167;75m██[38;2;65;65;65m██[38;2;65;65;65m██[38;2;148;204;112m██[38;2;148;204;112m██[38;2;148;204;112m██[38;2;148;204;112m██[38;2;148;204;112m██[38;2;65;65;65m██[38;2;111;167;75m██[38;2;75;131;39m██[38;2;75;131;39m██[38;2;111;167;75m██[38;2;111;167;75m██[38;2;0;0;0m██    
        [38;2;0;0;0m██[38;2;65;65;65m██[38;2;111;167;75m██[38;2;65;65;65m██[38;2;65;65;65m██[38;2;65;65;65m██[38;2;111;167;75m██[38;2;65;65;65m██[38;2;75;131;39m██[38;2;75;131;39m██[38;2;111;167;75m██[38;2;111;167;75m██[38;2;65;65;65m██[38;2;111;167;75m██[38;2;75;131;39m██[38;2;0;0;0m██  
      [38;2;0;0;0m██[38;2;111;167;75m██[38;2;111;167;75m██[38;2;75;131;39m██[38;2;65;65;65m██[38;2;65;65;65m██[38;2;65;65;65m██[38;2;65;65;65m██[38;2;111;167;75m██[38;2;111;167;75m██[38;2;111;167;75m██[38;2;111;167;75m██[38;2;148;204;112m██[38;2;111;167;75m██[38;2;65;65;65m██[38;2;75;131;39m██[38;2;111;167;75m██[38;2;0;0;0m██
    [38;2;0;0;0m██[38;2;111;167;75m██[38;2;75;131;39m██[38;2;148;204;112m██[38;2;65;65;65m██[38;2;65;65;65m██[38;2;123;140;148m██[38;2;123;140;148m██[38;2;65;65;65m██[38;2;148;204;112m██[38;2;65;65;65m██[38;2;65;65;65m██[38;2;148;204;112m██[38;2;148;204;112m██[38;2;148;204;112m██[38;2;65;65;65m██[38;2;111;167;75m██[38;2;111;167;75m██[38;2;0;0;0m██
    [38;2;0;0;0m██[38;2;111;167;75m██[38;2;75;131;39m██[38;2;148;204;112m██[38;2;148;204;112m██[38;2;65;65;65m██[38;2;65;65;65m██[38;2;65;65;65m██[38;2;148;204;112m██[38;2;65;65;65m██[38;2;111;167;75m██[38;2;179;235;143m██[38;2;179;235;143m██[38;2;148;204;112m██[38;2;111;167;75m██[38;2;65;65;65m██[38;2;111;167;75m██[38;2;75;131;39m██[38;2;0;0;0m██
      [38;2;0;0;0m██[38;2;111;167;75m██[38;2;75;131;39m██[38;2;179;235;143m██[38;2;179;235;143m██[38;2;148;204;112m██[38;2;148;204;112m██[38;2;111;167;75m██[38;2;65;65;65m██[38;2;148;204;112m██[38;2;111;167;75m██[38;2;179;235;143m██[38;2;111;167;75m██[38;2;65;65;65m██[38;2;111;167;75m██[38;2;111;167;75m██[38;2;0;0;0m██  
      [38;2;0;0;0m██[38;2;111;167;75m██[38;2;111;167;75m██[38;2;111;167;75m██[38;2;111;167;75m██[38;2;111;167;75m██[38;2;111;167;75m██[38;2;111;167;75m██[38;2;75;131;39m██[38;2;65;65;65m██[38;2;111;167;75m██[38;2;148;204;112m██[38;2;65;65;65m██[38;2;111;167;75m██[38;2;111;167;75m██[38;2;0;0;0m██    
        [38;2;0;0;0m██[38;2;111;167;75m██[38;2;111;167;75m██[38;2;0;0;0m██[38;2;111;167;75m██[38;2;75;131;39m██[38;2;75;131;39m██[38;2;75;131;39m██[38;2;111;167;75m██[38;2;65;65;65m██[38;2;65;65;65m██[38;2;111;167;75m██[38;2;0;0;0m██[38;2;0;0;0m██      
          [38;2;0;0;0m██[38;2;0;0;0m██  [38;2;0;0;0m██[38;2;111;167;75m██[38;2;111;167;75m██[38;2;111;167;75m██[38;2;111;167;75m██[38;2;0;0;0m██[38;2;0;0;0m██[38;2;0;0;0m██          
                  [38;2;0;0;0m██[38;2;0;0;0m██[38;2;0;0;0m██[38;2;0;0;0m██                
