            [38;2;0;0;0m██[38;2;0;0;0m██                              
          [38;2;0;0;0m██[38;2;65;65;65m██[38;2;65;65;65m██[38;2;0;0;0m██                            
            [38;2;0;0;0m██[38;2;65;65;65m██[38;2;65;65;65m██[38;2;0;0;0m██[38;2;0;0;0m██    [38;2;0;0;0m██[38;2;0;0;0m██[38;2;0;0;0m██[38;2;0;0;0m██            
            [38;2;0;0;0m██[38;2;65;65;65m██[38;2;214;178;52m██[38;2;237;223;50m██[38;2;214;178;52m██[38;2;0;0;0m██[38;2;0;0;0m██[38;2;123;123;123m██[38;2;123;123;123m██[38;2;123;123;123m██[38;2;123;123;123m██[38;2;0;0;0m██          
            [38;2;0;0;0m██[38;2;237;223;50m██[38;2;65;65;65m██[38;2;237;223;50m██[38;2;237;223;50m██[38;2;99;99;99m██[38;2;123;123;123m██[38;2;123;123;123m██[38;2;255;168;186m██[38;2;255;168;186m██[38;2;0;0;0m██            
          [38;2;0;0;0m██[38;2;237;223;50m██[38;2;237;223;50m██[38;2;237;223;50m██[38;2;237;223;50m██[38;2;237;223;50m██[38;2;237;223;50m██[38;2;99;99;99m██[38;2;123;123;123m██[38;2;228;106;131m██[38;2;0;0;0m██              
          [38;2;0;0;0m██[38;2;214;178;52m██[38;2;214;178;52m██[38;2;237;223;50m██[38;2;237;223;50m██[38;2;237;223;50m██[38;2;255;255;255m██[38;2;99;99;99m██[38;2;228;106;131m██[38;2;0;0;0m██                
        [38;2;0;0;0m██[38;2;255;168;186m██[38;2;255;168;186m██[38;2;255;168;186m██[38;2;214;178;52m██[38;2;237;223;50m██[38;2;0;0;0m██[38;2;255;255;255m██[38;2;214;178;52m██[38;2;99;99;99m██[38;2;0;0;0m██                
    [38;2;0;0;0m██[38;2;0;0;0m██[38;2;0;0;0m██[38;2;255;168;186m██[38;2;255;168;186m██[38;2;65;65;65m██[38;2;255;168;186m██[38;2;237;223;50m██[38;2;65;65;65m██[38;2;214;178;52m██[38;2;214;178;52m██[38;2;214;178;52m██[38;2;65;65;65m██[38;2;0;0;0m██[38;2;0;0;0m██[38;2;0;0;0m██[38;2;0;0;0m██[38;2;0;0;0m██      
  [38;2;0;0;0m██[38;2;65;65;65m██[38;2;65;65;65m██[38;2;0;0;0m██[38;2;65;65;65m██[38;2;255;168;186m██[38;2;255;168;186m██[38;2;255;168;186m██[38;2;214;178;52m██[38;2;214;178;52m██[38;2;214;178;52m██[38;2;214;178;52m██[38;2;65;65;65m██[38;2;123;123;123m██[38;2;123;123;123m██[38;2;0;0;0m██[38;2;255;168;186m██[38;2;255;168;186m██[38;2;228;106;131m██[38;2;0;0;0m██    
[38;2;0;0;0m██[38;2;65;65;65m██[38;2;65;65;65m██[38;2;65;65;65m██[38;2;65;65;65m██[38;2;0;0;0m██[38;2;65;65;65m██[38;2;214;178;52m██[38;2;214;178;52m██[38;2;255;255;255m██[38;2;255;255;255m██[38;2;237;223;50m██[38;2;65;65;65m██[38;2;123;123;123m██[38;2;99;99;99m██[38;2;123;123;123m██[38;2;123;123;123m██[38;2;65;65;65m██[38;2;65;65;65m██[38;2;255;168;186m██[38;2;255;168;186m██[38;2;0;0;0m██  
[38;2;0;0;0m██[38;2;214;178;52m██[38;2;214;178;52m██[38;2;65;65;65m██[38;2;0;0;0m██    [38;2;65;65;65m██[38;2;237;223;50m██[38;2;237;223;50m██[38;2;237;223;50m██[38;2;237;223;50m██[38;2;65;65;65m██[38;2;65;65;65m██[38;2;123;123;123m██[38;2;123;123;123m██[38;2;123;123;123m██[38;2;65;65;65m██[38;2;228;106;131m██[38;2;65;65;65m██[38;2;255;168;186m██[38;2;228;106;131m██[38;2;0;0;0m██
  [38;2;0;0;0m██[38;2;0;0;0m██[38;2;0;0;0m██    [38;2;0;0;0m██[38;2;65;65;65m██[38;2;237;223;50m██[38;2;65;65;65m██[38;2;237;223;50m██[38;2;65;65;65m██[38;2;123;123;123m██[38;2;123;123;123m██[38;2;123;123;123m██[38;2;123;123;123m██[38;2;65;65;65m██[38;2;228;106;131m██[38;2;255;168;186m██[38;2;228;106;131m██[38;2;65;65;65m██[38;2;255;168;186m██[38;2;0;0;0m██
            [38;2;0;0;0m██[38;2;65;65;65m██[38;2;123;123;123m██[38;2;123;123;123m██[38;2;123;123;123m██[38;2;65;65;65m██[38;2;237;223;50m██[38;2;237;223;50m██[38;2;123;123;123m██[38;2;65;65;65m██[38;2;65;65;65m██[38;2;228;106;131m██[38;2;65;65;65m██[38;2;255;168;186m██[38;2;0;0;0m██[38;2;255;168;186m██[38;2;0;0;0m██
            [38;2;0;0;0m██[38;2;99;99;99m██[38;2;65;65;65m██[38;2;123;123;123m██[38;2;123;123;123m██[38;2;123;123;123m██[38;2;65;65;65m██[38;2;65;65;65m██[38;2;65;65;65m██[38;2;123;123;123m██[38;2;123;123;123m██[38;2;65;65;65m██[38;2;228;106;131m██[38;2;0;0;0m██  [38;2;0;0;0m██  
              [38;2;0;0;0m██[38;2;99;99;99m██[38;2;99;99;99m██[38;2;65;65;65m██[38;2;0;0;0m██[38;2;123;123;123m██[38;2;123;123;123m██[38;2;123;123;123m██[38;2;123;123;123m██[38;2;123;123;123m██[38;2;0;0;0m██[38;2;0;0;0m██        
                [38;2;0;0;0m██[38;2;0;0;0m██[38;2;0;0;0m██  [38;2;0;0;0m██[38;2;123;123;123m██[38;2;123;123;123m██[38;2;123;123;123m██[38;2;65;65;65m██[38;2;0;0;0m██          
                        [38;2;0;0;0m██[38;2;237;223;50m██[38;2;65;65;65m██[38;2;237;223;50m██[38;2;0;0;0m██            
                          [38;2;0;0;0m██[38;2;0;0;0m██[38;2;0;0;0m██              
