                          [38;2;0;0;0m██                                
                        [38;2;0;0;0m██[38;2;156;123;214m██[38;2;0;0;0m██                              
                        [38;2;0;0;0m██[38;2;156;123;214m██[38;2;0;0;0m██                              
                      [38;2;0;0;0m██[38;2;156;123;214m██[38;2;156;123;214m██[38;2;123;99;181m██[38;2;0;0;0m██                            
              [38;2;0;0;0m██[38;2;0;0;0m██    [38;2;0;0;0m██[38;2;156;123;214m██[38;2;156;123;214m██[38;2;123;99;181m██[38;2;0;0;0m██[38;2;0;0;0m██[38;2;0;0;0m██[38;2;0;0;0m██                      
              [38;2;0;0;0m██[38;2;123;99;181m██[38;2;0;0;0m██[38;2;0;0;0m██[38;2;156;123;214m██[38;2;156;123;214m██[38;2;123;99;181m██[38;2;123;99;181m██[38;2;123;99;181m██[38;2;123;99;181m██[38;2;123;99;181m██[38;2;123;99;181m██[38;2;0;0;0m██[38;2;0;0;0m██          [38;2;0;0;0m██[38;2;0;0;0m██[38;2;0;0;0m██[38;2;0;0;0m██
              [38;2;0;0;0m██[38;2;123;99;181m██[38;2;123;99;181m██[38;2;65;65;65m██[38;2;156;123;214m██[38;2;156;123;214m██[38;2;123;99;181m██[38;2;123;99;181m██[38;2;123;99;181m██[38;2;123;99;181m██[38;2;123;99;181m██[38;2;123;99;181m██[38;2;156;123;214m██[38;2;156;123;214m██[38;2;0;0;0m██[38;2;0;0;0m██[38;2;0;0;0m██[38;2;0;0;0m██[38;2;0;0;0m██[38;2;156;123;214m██[38;2;156;123;214m██[38;2;123;99;181m██[38;2;0;0;0m██
                [38;2;0;0;0m██[38;2;123;99;181m██[38;2;65;65;65m██[38;2;156;123;214m██[38;2;156;123;214m██[38;2;156;123;214m██[38;2;123;99;181m██[38;2;123;99;181m██[38;2;123;99;181m██[38;2;123;99;181m██[38;2;123;99;181m██[38;2;123;99;181m██[38;2;156;123;214m██[38;2;156;123;214m██[38;2;156;123;214m██[38;2;156;123;214m██[38;2;156;123;214m██[38;2;156;123;214m██[38;2;123;99;181m██[38;2;123;99;181m██[38;2;0;0;0m██  
                [38;2;0;0;0m██[38;2;65;65;65m██[38;2;189;173;181m██[38;2;156;123;214m██[38;2;156;123;214m██[38;2;156;123;214m██[38;2;123;99;181m██[38;2;123;99;181m██[38;2;123;99;181m██[38;2;156;123;214m██[38;2;156;123;214m██[38;2;156;123;214m██[38;2;156;123;214m██[38;2;156;123;214m██[38;2;156;123;214m██[38;2;156;123;214m██[38;2;123;99;181m██[38;2;123;99;181m██[38;2;123;99;181m██[38;2;0;0;0m██    
                  [38;2;0;0;0m██[38;2;255;255;255m██[38;2;123;99;181m██[38;2;156;123;214m██[38;2;156;123;214m██[38;2;156;123;214m██[38;2;156;123;214m██[38;2;156;123;214m██[38;2;156;123;214m██[38;2;156;123;214m██[38;2;156;123;214m██[38;2;156;123;214m██[38;2;123;99;181m██[38;2;123;99;181m██[38;2;123;99;181m██[38;2;123;99;181m██[38;2;123;99;181m██[38;2;0;0;0m██      
                [38;2;0;0;0m██[38;2;123;99;181m██[38;2;189;173;181m██[38;2;0;0;0m██[38;2;156;123;214m██[38;2;156;123;214m██[38;2;156;123;214m██[38;2;156;123;214m██[38;2;156;123;214m██[38;2;156;123;214m██[38;2;156;123;214m██[38;2;123;99;181m██[38;2;65;65;65m██[38;2;123;99;181m██[38;2;123;99;181m██[38;2;123;99;181m██[38;2;123;99;181m██[38;2;65;65;65m██[38;2;0;0;0m██[38;2;0;0;0m██[38;2;0;0;0m██  
                [38;2;0;0;0m██[38;2;123;99;181m██[38;2;123;99;181m██[38;2;65;65;65m██[38;2;156;123;214m██[38;2;156;123;214m██[38;2;156;123;214m██[38;2;156;123;214m██[38;2;156;123;214m██[38;2;123;99;181m██[38;2;65;65;65m██[38;2;65;65;65m██[38;2;123;99;181m██[38;2;123;99;181m██[38;2;123;99;181m██[38;2;123;99;181m██[38;2;65;65;65m██[38;2;123;99;181m██[38;2;123;99;181m██[38;2;123;99;181m██[38;2;123;99;181m██[38;2;0;0;0m██
        [38;2;0;0;0m██[38;2;0;0;0m██      [38;2;0;0;0m██[38;2;123;99;181m██[38;2;123;99;181m██[38;2;156;123;214m██[38;2;156;123;214m██[38;2;123;99;181m██[38;2;123;99;181m██[38;2;0;0;0m██[38;2;65;65;65m██[38;2;189;173;181m██[38;2;255;255;255m██[38;2;123;99;181m██[38;2;123;99;181m██[38;2;123;99;181m██[38;2;123;99;181m██[38;2;123;99;181m██[38;2;123;99;181m██[38;2;123;99;181m██[38;2;0;0;0m██[38;2;0;0;0m██  
    [38;2;0;0;0m██[38;2;0;0;0m██[38;2;156;123;214m██[38;2;156;123;214m██[38;2;0;0;0m██    [38;2;0;0;0m██[38;2;123;99;181m██[38;2;123;99;181m██[38;2;123;99;181m██[38;2;123;99;181m██[38;2;65;65;65m██[38;2;255;255;255m██[38;2;0;0;0m██[38;2;255;255;255m██[38;2;255;255;255m██[38;2;255;255;255m██[38;2;123;99;181m██[38;2;123;99;181m██[38;2;123;99;181m██[38;2;123;99;181m██[38;2;65;65;65m██[38;2;65;65;65m██[38;2;0;0;0m██      
  [38;2;0;0;0m██[38;2;123;99;181m██[38;2;65;65;65m██[38;2;156;123;214m██[38;2;156;123;214m██[38;2;156;123;214m██[38;2;0;0;0m██[38;2;0;0;0m██  [38;2;0;0;0m██[38;2;123;99;181m██[38;2;65;65;65m██[38;2;123;99;181m██[38;2;123;99;181m██[38;2;123;99;181m██[38;2;123;99;181m██[38;2;189;173;181m██[38;2;255;255;255m██[38;2;189;173;181m██[38;2;123;99;181m██[38;2;65;65;65m██[38;2;123;99;181m██[38;2;123;99;181m██[38;2;123;99;181m██[38;2;0;0;0m██        
[38;2;0;0;0m██[38;2;123;99;181m██[38;2;65;65;65m██[38;2;156;123;214m██[38;2;156;123;214m██[38;2;156;123;214m██[38;2;156;123;214m██[38;2;156;123;214m██[38;2;156;123;214m██[38;2;0;0;0m██  [38;2;0;0;0m██[38;2;74;128;229m██[38;2;65;65;65m██[38;2;123;99;181m██[38;2;65;65;65m██[38;2;65;65;65m██[38;2;123;99;181m██[38;2;65;65;65m██[38;2;65;65;65m██[38;2;65;65;65m██[38;2;123;99;181m██[38;2;123;99;181m██[38;2;123;99;181m██[38;2;123;99;181m██[38;2;123;99;181m██[38;2;0;0;0m██      
[38;2;0;0;0m██[38;2;123;99;181m██[38;2;65;65;65m██[38;2;156;123;214m██[38;2;123;99;181m██[38;2;65;65;65m██[38;2;156;123;214m██[38;2;156;123;214m██[38;2;123;99;181m██[38;2;0;0;0m██    [38;2;0;0;0m██[38;2;74;128;229m██[38;2;65;65;65m██[38;2;74;128;229m██[38;2;74;128;229m██[38;2;65;65;65m██[38;2;74;128;229m██[38;2;74;128;229m██[38;2;65;65;65m██[38;2;123;99;181m██[38;2;123;99;181m██[38;2;123;99;181m██[38;2;65;65;65m██[38;2;65;65;65m██[38;2;0;0;0m██      
  [38;2;0;0;0m██[38;2;123;99;181m██[38;2;0;0;0m██[38;2;0;0;0m██[38;2;123;99;181m██[38;2;123;99;181m██[38;2;123;99;181m██[38;2;0;0;0m██    [38;2;0;0;0m██[38;2;65;65;65m██[38;2;74;128;229m██[38;2;132;183;255m██[38;2;132;183;255m██[38;2;132;183;255m██[38;2;74;128;229m██[38;2;74;128;229m██[38;2;65;65;65m██[38;2;123;99;181m██[38;2;123;99;181m██[38;2;99;74;140m██[38;2;99;74;140m██[38;2;99;74;140m██[38;2;99;74;140m██[38;2;99;74;140m██[38;2;0;0;0m██[38;2;0;0;0m██  
  [38;2;0;0;0m██[38;2;0;0;0m██  [38;2;0;0;0m██[38;2;123;99;181m██[38;2;123;99;181m██[38;2;0;0;0m██        [38;2;0;0;0m██[38;2;65;65;65m██[38;2;65;65;65m██[38;2;132;183;255m██[38;2;132;183;255m██[38;2;132;183;255m██[38;2;65;65;65m██[38;2;99;74;140m██[38;2;99;74;140m██[38;2;99;74;140m██[38;2;0;0;0m██[38;2;0;0;0m██[38;2;99;74;140m██[38;2;99;74;140m██[38;2;99;74;140m██[38;2;99;74;140m██[38;2;99;74;140m██[38;2;0;0;0m██
          [38;2;0;0;0m██[38;2;123;99;181m██[38;2;0;0;0m██          [38;2;0;0;0m██[38;2;99;74;140m██[38;2;65;65;65m██[38;2;65;65;65m██[38;2;65;65;65m██[38;2;99;74;140m██[38;2;99;74;140m██[38;2;0;0;0m██[38;2;0;0;0m██[38;2;156;123;214m██[38;2;156;123;214m██[38;2;0;0;0m██[38;2;99;74;140m██[38;2;99;74;140m██[38;2;99;74;140m██[38;2;0;0;0m██  
            [38;2;0;0;0m██              [38;2;0;0;0m██[38;2;0;0;0m██[38;2;99;74;140m██[38;2;99;74;140m██[38;2;99;74;140m██[38;2;0;0;0m██[38;2;156;123;214m██[38;2;156;123;214m██[38;2;156;123;214m██[38;2;156;123;214m██[38;2;156;123;214m██[38;2;0;0;0m██[38;2;0;0;0m██[38;2;0;0;0m██    
                                [38;2;0;0;0m██[38;2;0;0;0m██[38;2;0;0;0m██[38;2;156;123;214m██[38;2;156;123;214m██[38;2;65;65;65m██[38;2;156;123;214m██[38;2;156;123;214m██[38;2;156;123;214m██[38;2;156;123;214m██[38;2;0;0;0m██      
                                    [38;2;0;0;0m██[38;2;123;99;181m██[38;2;65;65;65m██[38;2;156;123;214m██[38;2;156;123;214m██[38;2;65;65;65m██[38;2;156;123;214m██[38;2;156;123;214m██[38;2;0;0;0m██      
                                      [38;2;0;0;0m██[38;2;65;65;65m██[38;2;123;99;181m██[38;2;123;99;181m██[38;2;0;0;0m██[38;2;123;99;181m██[38;2;156;123;214m██[38;2;0;0;0m██      
                                        [38;2;0;0;0m██[38;2;123;99;181m██[38;2;0;0;0m██  [38;2;0;0;0m██[38;2;123;99;181m██[38;2;0;0;0m██      
                                          [38;2;0;0;0m██[38;2;0;0;0m██    [38;2;0;0;0m██        
