            [38;2;0;0;0m██[38;2;0;0;0m██[38;2;0;0;0m██                                  
          [38;2;0;0;0m██[38;2;65;65;65m██[38;2;219;61;209m██[38;2;0;0;0m██[38;2;0;0;0m██          [38;2;0;0;0m██                    
        [38;2;0;0;0m██[38;2;0;0;0m██[38;2;219;61;209m██[38;2;65;65;65m██[38;2;219;61;209m██[38;2;65;65;65m██[38;2;0;0;0m██    [38;2;0;0;0m██[38;2;0;0;0m██[38;2;219;61;209m██[38;2;0;0;0m██                  
    [38;2;0;0;0m██[38;2;0;0;0m██[38;2;65;65;65m██[38;2;219;61;209m██[38;2;153;44;126m██[38;2;219;61;209m██[38;2;219;61;209m██[38;2;219;61;209m██[38;2;65;65;65m██[38;2;0;0;0m██[38;2;0;0;0m██[38;2;219;61;209m██[38;2;219;61;209m██[38;2;65;65;65m██[38;2;0;0;0m██      [38;2;0;0;0m██  [38;2;0;0;0m██      
  [38;2;0;0;0m██[38;2;219;61;209m██[38;2;219;61;209m██[38;2;65;65;65m██[38;2;219;61;209m██[38;2;153;44;126m██[38;2;219;61;209m██[38;2;219;61;209m██[38;2;219;61;209m██[38;2;65;65;65m██[38;2;153;44;126m██[38;2;153;44;126m██[38;2;65;65;65m██[38;2;65;65;65m██[38;2;219;61;209m██[38;2;0;0;0m██    [38;2;0;0;0m██[38;2;181;66;49m██[38;2;0;0;0m██[38;2;181;66;49m██[38;2;0;0;0m██    
[38;2;0;0;0m██[38;2;219;61;209m██[38;2;219;61;209m██[38;2;219;61;209m██[38;2;219;61;209m██[38;2;219;61;209m██[38;2;219;61;209m██[38;2;219;61;209m██[38;2;219;61;209m██[38;2;219;61;209m██[38;2;219;61;209m██[38;2;153;44;126m██[38;2;153;44;126m██[38;2;219;61;209m██[38;2;219;61;209m██[38;2;0;0;0m██      [38;2;0;0;0m██[38;2;181;66;49m██[38;2;181;66;49m██[38;2;181;66;49m██[38;2;0;0;0m██    
[38;2;0;0;0m██[38;2;65;65;65m██[38;2;219;61;209m██[38;2;219;61;209m██[38;2;219;61;209m██[38;2;219;61;209m██[38;2;219;61;209m██[38;2;219;61;209m██[38;2;219;61;209m██[38;2;219;61;209m██[38;2;219;61;209m██[38;2;219;61;209m██[38;2;153;44;126m██[38;2;153;44;126m██[38;2;0;0;0m██      [38;2;0;0;0m██[38;2;181;66;49m██[38;2;181;66;49m██[38;2;181;66;49m██[38;2;181;66;49m██[38;2;181;66;49m██[38;2;0;0;0m██  
  [38;2;0;0;0m██[38;2;0;0;0m██[38;2;219;61;209m██[38;2;219;61;209m██[38;2;219;61;209m██[38;2;219;61;209m██[38;2;219;61;209m██[38;2;219;61;209m██[38;2;219;61;209m██[38;2;219;61;209m██[38;2;219;61;209m██[38;2;65;65;65m██[38;2;0;0;0m██      [38;2;0;0;0m██[38;2;181;66;49m██[38;2;181;66;49m██[38;2;181;66;49m██[38;2;181;66;49m██[38;2;181;66;49m██[38;2;181;66;49m██[38;2;181;66;49m██[38;2;0;0;0m██
      [38;2;0;0;0m██[38;2;65;65;65m██[38;2;65;65;65m██[38;2;219;61;209m██[38;2;219;61;209m██[38;2;219;61;209m██[38;2;219;61;209m██[38;2;65;65;65m██[38;2;65;65;65m██[38;2;153;44;126m██[38;2;0;0;0m██        [38;2;0;0;0m██[38;2;181;66;49m██[38;2;181;66;49m██[38;2;181;66;49m██[38;2;181;66;49m██[38;2;181;66;49m██[38;2;0;0;0m██  
    [38;2;0;0;0m██[38;2;247;230;41m██[38;2;247;230;41m██[38;2;247;230;41m██[38;2;65;65;65m██[38;2;189;189;189m██[38;2;181;66;49m██[38;2;0;0;0m██[38;2;255;255;255m██[38;2;65;65;65m██[38;2;189;189;189m██[38;2;153;44;126m██[38;2;0;0;0m██    [38;2;0;0;0m██[38;2;153;44;126m██[38;2;181;66;49m██[38;2;181;66;49m██[38;2;181;66;49m██[38;2;181;66;49m██[38;2;181;66;49m██[38;2;181;66;49m██[38;2;0;0;0m██
  [38;2;0;0;0m██[38;2;247;230;41m██[38;2;247;230;41m██[38;2;247;230;41m██[38;2;148;123;74m██[38;2;148;123;74m██[38;2;65;65;65m██[38;2;189;189;189m██[38;2;255;255;255m██[38;2;65;65;65m██[38;2;255;255;255m██[38;2;255;255;255m██[38;2;255;255;255m██[38;2;153;44;126m██[38;2;0;0;0m██[38;2;0;0;0m██[38;2;153;44;126m██[38;2;153;44;126m██[38;2;153;44;126m██[38;2;181;66;49m██[38;2;0;0;0m██[38;2;181;66;49m██[38;2;0;0;0m██[38;2;0;0;0m██  
[38;2;0;0;0m██[38;2;189;165;90m██[38;2;247;230;41m██[38;2;148;123;74m██[38;2;189;165;90m██[38;2;189;165;90m██[38;2;189;165;90m██[38;2;65;65;65m██[38;2;65;65;65m██[38;2;65;65;65m██[38;2;255;255;255m██[38;2;255;255;255m██[38;2;255;255;255m██[38;2;65;65;65m██[38;2;65;65;65m██[38;2;65;65;65m██[38;2;65;65;65m██[38;2;153;44;126m██[38;2;153;44;126m██[38;2;0;0;0m██[38;2;0;0;0m██  [38;2;0;0;0m██      
[38;2;0;0;0m██[38;2;247;230;41m██[38;2;0;0;0m██[38;2;0;0;0m██[38;2;65;65;65m██[38;2;65;65;65m██[38;2;65;65;65m██[38;2;189;189;189m██[38;2;255;255;255m██[38;2;255;255;255m██[38;2;255;255;255m██[38;2;65;65;65m██[38;2;65;65;65m██[38;2;219;61;209m██[38;2;219;61;209m██[38;2;153;44;126m██[38;2;153;44;126m██[38;2;65;65;65m██[38;2;0;0;0m██              
  [38;2;0;0;0m██  [38;2;0;0;0m██[38;2;189;189;189m██[38;2;189;189;189m██[38;2;189;189;189m██[38;2;255;255;255m██[38;2;255;255;255m██[38;2;255;255;255m██[38;2;65;65;65m██[38;2;219;61;209m██[38;2;219;61;209m██[38;2;219;61;209m██[38;2;219;61;209m██[38;2;219;61;209m██[38;2;153;44;126m██[38;2;153;44;126m██[38;2;65;65;65m██[38;2;0;0;0m██[38;2;0;0;0m██          
      [38;2;0;0;0m██[38;2;123;123;132m██[38;2;189;189;189m██[38;2;255;255;255m██[38;2;255;255;255m██[38;2;255;255;255m██[38;2;65;65;65m██[38;2;219;61;209m██[38;2;219;61;209m██[38;2;219;61;209m██[38;2;219;61;209m██[38;2;219;61;209m██[38;2;219;61;209m██[38;2;153;44;126m██[38;2;65;65;65m██[38;2;65;65;65m██[38;2;153;44;126m██[38;2;153;44;126m██[38;2;0;0;0m██        
        [38;2;0;0;0m██[38;2;189;189;189m██[38;2;189;189;189m██[38;2;255;255;255m██[38;2;189;189;189m██[38;2;65;65;65m██[38;2;219;61;209m██[38;2;219;61;209m██[38;2;219;61;209m██[38;2;219;61;209m██[38;2;219;61;209m██[38;2;219;61;209m██[38;2;153;44;126m██[38;2;153;44;126m██[38;2;153;44;126m██[38;2;153;44;126m██[38;2;0;0;0m██          
          [38;2;0;0;0m██[38;2;189;189;189m██[38;2;189;189;189m██[38;2;189;189;189m██[38;2;65;65;65m██[38;2;65;65;65m██[38;2;219;61;209m██[38;2;219;61;209m██[38;2;219;61;209m██[38;2;219;61;209m██[38;2;153;44;126m██[38;2;153;44;126m██[38;2;153;44;126m██[38;2;0;0;0m██[38;2;0;0;0m██            
        [38;2;0;0;0m██[38;2;189;189;189m██[38;2;189;189;189m██[38;2;189;189;189m██[38;2;65;65;65m██[38;2;153;44;126m██[38;2;153;44;126m██[38;2;65;65;65m██[38;2;153;44;126m██[38;2;153;44;126m██[38;2;153;44;126m██[38;2;153;44;126m██[38;2;0;0;0m██[38;2;0;0;0m██                
          [38;2;0;0;0m██[38;2;0;0;0m██[38;2;0;0;0m██[38;2;153;44;126m██[38;2;153;44;126m██[38;2;65;65;65m██[38;2;99;99;99m██[38;2;65;65;65m██[38;2;65;65;65m██[38;2;65;65;65m██[38;2;0;0;0m██                    
                [38;2;0;0;0m██[38;2;0;0;0m██[38;2;0;0;0m██[38;2;189;189;189m██[38;2;99;99;99m██[38;2;65;65;65m██[38;2;99;99;99m██[38;2;0;0;0m██                    
                    [38;2;0;0;0m██[38;2;0;0;0m██[38;2;0;0;0m██[38;2;255;255;255m██[38;2;65;65;65m██[38;2;255;255;255m██[38;2;0;0;0m██                  
                        [38;2;0;0;0m██[38;2;0;0;0m██[38;2;0;0;0m██[38;2;0;0;0m██[38;2;0;0;0m██                  
