        [38;2;0;0;0m██[38;2;0;0;0m██                          
      [38;2;0;0;0m██[38;2;86;116;189m██[38;2;0;0;0m██                          
      [38;2;0;0;0m██[38;2;86;116;189m██[38;2;0;0;0m██[38;2;0;0;0m██[38;2;0;0;0m██  [38;2;0;0;0m██[38;2;0;0;0m██[38;2;0;0;0m██              
    [38;2;0;0;0m██[38;2;53;83;156m██[38;2;255;255;255m██[38;2;255;255;255m██[38;2;213;178;186m██[38;2;86;116;189m██[38;2;0;0;0m██[38;2;86;116;189m██[38;2;86;116;189m██[38;2;0;0;0m██              
    [38;2;0;0;0m██[38;2;255;255;255m██[38;2;255;255;255m██[38;2;255;255;255m██[38;2;53;83;156m██[38;2;213;178;186m██[38;2;86;116;189m██[38;2;86;116;189m██[38;2;53;83;156m██[38;2;0;0;0m██              
  [38;2;0;0;0m██[38;2;255;255;255m██[38;2;255;255;255m██[38;2;255;255;255m██[38;2;53;83;156m██[38;2;53;83;156m██[38;2;213;178;186m██[38;2;86;116;189m██[38;2;53;83;156m██[38;2;53;83;156m██[38;2;0;0;0m██        [38;2;0;0;0m██[38;2;0;0;0m██  
  [38;2;0;0;0m██[38;2;170;140;36m██[38;2;255;255;255m██[38;2;213;178;186m██[38;2;213;178;186m██[38;2;255;255;255m██[38;2;53;83;156m██[38;2;86;116;189m██[38;2;53;83;156m██[38;2;53;83;156m██[38;2;0;0;0m██  [38;2;0;0;0m██[38;2;0;0;0m██[38;2;0;0;0m██[38;2;86;116;189m██[38;2;0;0;0m██  
[38;2;0;0;0m██[38;2;228;208;66m██[38;2;228;208;66m██[38;2;228;208;66m██[38;2;170;140;36m██[38;2;86;116;189m██[38;2;255;255;255m██[38;2;86;116;189m██[38;2;86;116;189m██[38;2;86;116;189m██[38;2;53;83;156m██[38;2;255;255;255m██[38;2;0;0;0m██[38;2;53;83;156m██[38;2;255;255;255m██[38;2;53;83;156m██[38;2;53;83;156m██[38;2;0;0;0m██  
[38;2;0;0;0m██[38;2;86;116;189m██[38;2;53;83;156m██[38;2;228;208;66m██[38;2;228;208;66m██[38;2;0;0;0m██[38;2;170;140;36m██[38;2;53;83;156m██[38;2;86;116;189m██[38;2;86;116;189m██[38;2;53;83;156m██[38;2;213;178;186m██[38;2;255;255;255m██[38;2;53;83;156m██[38;2;213;178;186m██[38;2;255;255;255m██[38;2;0;0;0m██    
[38;2;0;0;0m██[38;2;228;208;66m██[38;2;228;208;66m██[38;2;170;140;36m██[38;2;255;255;255m██[38;2;228;208;66m██[38;2;170;140;36m██[38;2;53;83;156m██[38;2;86;116;189m██[38;2;86;116;189m██[38;2;86;116;189m██[38;2;53;83;156m██[38;2;255;255;255m██[38;2;86;116;189m██[38;2;53;83;156m██[38;2;255;255;255m██[38;2;53;83;156m██[38;2;0;0;0m██  
  [38;2;0;0;0m██[38;2;0;0;0m██[38;2;170;140;36m██[38;2;170;140;36m██[38;2;170;140;36m██[38;2;53;83;156m██[38;2;53;83;156m██[38;2;86;116;189m██[38;2;86;116;189m██[38;2;86;116;189m██[38;2;86;116;189m██[38;2;53;83;156m██[38;2;86;116;189m██[38;2;86;116;189m██[38;2;53;83;156m██[38;2;86;116;189m██[38;2;0;0;0m██  
      [38;2;0;0;0m██[38;2;0;0;0m██[38;2;53;83;156m██[38;2;53;83;156m██[38;2;86;116;189m██[38;2;86;116;189m██[38;2;86;116;189m██[38;2;86;116;189m██[38;2;86;116;189m██[38;2;86;116;189m██[38;2;86;116;189m██[38;2;86;116;189m██[38;2;86;116;189m██[38;2;86;116;189m██[38;2;0;0;0m██  
        [38;2;0;0;0m██[38;2;170;140;36m██[38;2;53;83;156m██[38;2;86;116;189m██[38;2;86;116;189m██[38;2;86;116;189m██[38;2;86;116;189m██[38;2;86;116;189m██[38;2;86;116;189m██[38;2;53;83;156m██[38;2;86;116;189m██[38;2;86;116;189m██[38;2;86;116;189m██[38;2;53;83;156m██[38;2;0;0;0m██
      [38;2;0;0;0m██[38;2;213;178;186m██[38;2;86;116;189m██[38;2;170;140;36m██[38;2;53;83;156m██[38;2;86;116;189m██[38;2;86;116;189m██[38;2;86;116;189m██[38;2;53;83;156m██[38;2;86;116;189m██[38;2;53;83;156m██[38;2;53;83;156m██[38;2;86;116;189m██[38;2;53;83;156m██[38;2;53;83;156m██[38;2;0;0;0m██
      [38;2;0;0;0m██[38;2;53;83;156m██[38;2;213;178;186m██[38;2;213;178;186m██[38;2;53;83;156m██[38;2;86;116;189m██[38;2;86;116;189m██[38;2;86;116;189m██[38;2;53;83;156m██[38;2;170;140;36m██[38;2;170;140;36m██[38;2;0;0;0m██[38;2;53;83;156m██[38;2;53;83;156m██[38;2;255;255;255m██[38;2;0;0;0m██
      [38;2;0;0;0m██[38;2;53;83;156m██[38;2;53;83;156m██[38;2;0;0;0m██[38;2;0;0;0m██[38;2;53;83;156m██[38;2;86;116;189m██[38;2;86;116;189m██[38;2;53;83;156m██[38;2;0;0;0m██[38;2;0;0;0m██[38;2;0;0;0m██[38;2;255;255;255m██[38;2;255;255;255m██[38;2;53;83;156m██[38;2;0;0;0m██
        [38;2;0;0;0m██[38;2;0;0;0m██  [38;2;0;0;0m██[38;2;213;178;186m██[38;2;86;116;189m██[38;2;86;116;189m██[38;2;213;178;186m██[38;2;0;0;0m██    [38;2;0;0;0m██[38;2;53;83;156m██[38;2;53;83;156m██[38;2;0;0;0m██
                [38;2;0;0;0m██[38;2;255;255;255m██[38;2;255;255;255m██[38;2;0;0;0m██        [38;2;0;0;0m██[38;2;0;0;0m██  
                [38;2;0;0;0m██[38;2;53;83;156m██[38;2;53;83;156m██[38;2;0;0;0m██              
                  [38;2;0;0;0m██[38;2;0;0;0m██                
