                                      [38;2;0;0;0m██[38;2;0;0;0m██        
                          [38;2;0;0;0m██    [38;2;0;0;0m██[38;2;0;0;0m██  [38;2;0;0;0m██[38;2;74;187;96m██[38;2;0;0;0m██[38;2;0;0;0m██    
                        [38;2;0;0;0m██[38;2;251;176;51m██[38;2;0;0;0m██[38;2;0;0;0m██[38;2;229;137;51m██[38;2;229;137;51m██[38;2;0;0;0m██[38;2;74;187;96m██[38;2;199;122;87m██[38;2;229;137;51m██[38;2;199;122;87m██[38;2;0;0;0m██  
        [38;2;0;0;0m██[38;2;0;0;0m██[38;2;0;0;0m██        [38;2;0;0;0m██[38;2;251;176;51m██[38;2;229;137;51m██[38;2;229;137;51m██[38;2;65;65;65m██[38;2;65;65;65m██[38;2;65;65;65m██[38;2;74;187;96m██[38;2;74;187;96m██[38;2;229;137;51m██[38;2;222;222;222m██[38;2;229;137;51m██[38;2;74;187;96m██[38;2;0;0;0m██
    [38;2;0;0;0m██[38;2;0;0;0m██[38;2;251;176;51m██[38;2;251;176;51m██[38;2;199;122;87m██[38;2;0;0;0m██[38;2;0;0;0m██    [38;2;0;0;0m██[38;2;251;176;51m██[38;2;229;137;51m██[38;2;65;65;65m██[38;2;74;187;96m██[38;2;74;187;96m██[38;2;74;187;96m██[38;2;0;0;0m██[38;2;74;187;96m██[38;2;199;122;87m██[38;2;229;137;51m██[38;2;199;122;87m██[38;2;0;0;0m██  
  [38;2;0;0;0m██[38;2;65;65;65m██[38;2;199;122;87m██[38;2;251;176;51m██[38;2;251;176;51m██[38;2;199;122;87m██[38;2;251;176;51m██[38;2;251;176;51m██[38;2;0;0;0m██[38;2;0;0;0m██[38;2;65;65;65m██[38;2;229;137;51m██[38;2;65;65;65m██[38;2;74;187;96m██[38;2;74;187;96m██[38;2;0;0;0m██[38;2;0;0;0m██  [38;2;0;0;0m██[38;2;74;187;96m██[38;2;0;0;0m██[38;2;0;0;0m██    
  [38;2;0;0;0m██[38;2;251;176;51m██[38;2;251;176;51m██[38;2;199;122;87m██[38;2;251;176;51m██[38;2;251;176;51m██[38;2;199;122;87m██[38;2;251;176;51m██[38;2;251;176;51m██[38;2;0;0;0m██[38;2;65;65;65m██[38;2;229;137;51m██[38;2;65;65;65m██[38;2;74;187;96m██[38;2;0;0;0m██      [38;2;0;0;0m██[38;2;0;0;0m██        
    [38;2;0;0;0m██[38;2;0;0;0m██[38;2;251;176;51m██[38;2;199;122;87m██[38;2;251;176;51m██[38;2;199;122;87m██[38;2;251;176;51m██[38;2;0;0;0m██[38;2;0;0;0m██[38;2;110;223;132m██[38;2;65;65;65m██[38;2;229;137;51m██[38;2;65;65;65m██[38;2;0;0;0m██                  
        [38;2;0;0;0m██[38;2;65;65;65m██[38;2;251;176;51m██[38;2;65;65;65m██[38;2;0;0;0m██    [38;2;0;0;0m██[38;2;110;223;132m██[38;2;65;65;65m██[38;2;229;137;51m██[38;2;65;65;65m██[38;2;0;0;0m██[38;2;0;0;0m██              
      [38;2;0;0;0m██[38;2;65;65;65m██[38;2;110;223;132m██[38;2;110;223;132m██[38;2;110;223;132m██[38;2;65;65;65m██[38;2;0;0;0m██    [38;2;0;0;0m██[38;2;251;176;51m██[38;2;229;137;51m██[38;2;229;137;51m██[38;2;65;65;65m██[38;2;74;187;96m██[38;2;0;0;0m██            
    [38;2;0;0;0m██[38;2;110;223;132m██[38;2;110;223;132m██[38;2;110;223;132m██[38;2;110;223;132m██[38;2;110;223;132m██[38;2;251;176;51m██[38;2;110;223;132m██[38;2;0;0;0m██[38;2;0;0;0m██[38;2;251;176;51m██[38;2;251;176;51m██[38;2;251;176;51m██[38;2;229;137;51m██[38;2;65;65;65m██[38;2;229;137;51m██[38;2;222;222;222m██[38;2;0;0;0m██          
  [38;2;0;0;0m██[38;2;251;176;51m██[38;2;110;223;132m██[38;2;110;223;132m██[38;2;110;223;132m██[38;2;110;223;132m██[38;2;251;176;51m██[38;2;255;255;255m██[38;2;251;176;51m██[38;2;110;223;132m██[38;2;65;65;65m██[38;2;65;65;65m██[38;2;251;176;51m██[38;2;251;176;51m██[38;2;65;65;65m██[38;2;74;187;96m██[38;2;74;187;96m██[38;2;229;137;51m██[38;2;0;0;0m██          
[38;2;0;0;0m██[38;2;229;137;51m██[38;2;255;255;255m██[38;2;251;176;51m██[38;2;110;223;132m██[38;2;251;176;51m██[38;2;110;223;132m██[38;2;255;255;255m██[38;2;0;0;0m██[38;2;255;255;255m██[38;2;110;223;132m██[38;2;74;187;96m██[38;2;74;187;96m██[38;2;65;65;65m██[38;2;65;65;65m██[38;2;229;137;51m██[38;2;74;187;96m██[38;2;74;187;96m██[38;2;74;187;96m██[38;2;0;0;0m██          
  [38;2;0;0;0m██[38;2;251;176;51m██[38;2;110;223;132m██[38;2;251;176;51m██[38;2;255;255;255m██[38;2;251;176;51m██[38;2;251;176;51m██[38;2;255;255;255m██[38;2;251;176;51m██[38;2;110;223;132m██[38;2;74;187;96m██[38;2;74;187;96m██[38;2;74;187;96m██[38;2;229;137;51m██[38;2;222;222;222m██[38;2;229;137;51m██[38;2;74;187;96m██[38;2;0;0;0m██            
    [38;2;0;0;0m██[38;2;65;65;65m██[38;2;74;187;96m██[38;2;229;137;51m██[38;2;110;223;132m██[38;2;110;223;132m██[38;2;251;176;51m██[38;2;110;223;132m██[38;2;65;65;65m██[38;2;74;187;96m██[38;2;74;187;96m██[38;2;74;187;96m██[38;2;74;187;96m██[38;2;229;137;51m██[38;2;0;0;0m██[38;2;0;0;0m██              
    [38;2;0;0;0m██[38;2;65;65;65m██[38;2;255;255;255m██[38;2;65;65;65m██[38;2;65;65;65m██[38;2;255;255;255m██[38;2;65;65;65m██[38;2;65;65;65m██[38;2;74;187;96m██[38;2;74;187;96m██[38;2;74;187;96m██[38;2;74;187;96m██[38;2;0;0;0m██[38;2;0;0;0m██                  
  [38;2;0;0;0m██[38;2;255;255;255m██[38;2;173;66;74m██[38;2;65;65;65m██[38;2;173;66;74m██[38;2;173;66;74m██[38;2;65;65;65m██[38;2;65;65;65m██[38;2;74;187;96m██[38;2;74;187;96m██[38;2;74;187;96m██[38;2;74;187;96m██[38;2;0;0;0m██                      
[38;2;0;0;0m██[38;2;110;223;132m██[38;2;222;222;222m██[38;2;173;66;74m██[38;2;173;66;74m██[38;2;173;66;74m██[38;2;255;255;255m██[38;2;173;66;74m██[38;2;173;66;74m██[38;2;65;65;65m██[38;2;74;187;96m██[38;2;65;65;65m██[38;2;74;187;96m██[38;2;0;0;0m██                      
[38;2;0;0;0m██[38;2;74;187;96m██[38;2;65;65;65m██[38;2;65;65;65m██[38;2;65;65;65m██[38;2;65;65;65m██[38;2;255;255;255m██[38;2;222;222;222m██[38;2;173;66;74m██[38;2;65;65;65m██[38;2;74;187;96m██[38;2;65;65;65m██[38;2;0;0;0m██                        
  [38;2;0;0;0m██[38;2;74;187;96m██[38;2;110;223;132m██[38;2;110;223;132m██[38;2;110;223;132m██[38;2;65;65;65m██[38;2;65;65;65m██[38;2;65;65;65m██[38;2;110;223;132m██[38;2;74;187;96m██[38;2;199;122;87m██[38;2;0;0;0m██                        
[38;2;0;0;0m██[38;2;199;122;87m██[38;2;0;0;0m██[38;2;0;0;0m██[38;2;0;0;0m██[38;2;0;0;0m██[38;2;110;223;132m██[38;2;110;223;132m██[38;2;74;187;96m██[38;2;74;187;96m██[38;2;199;122;87m██[38;2;251;176;51m██[38;2;251;176;51m██[38;2;0;0;0m██                      
[38;2;0;0;0m██[38;2;0;0;0m██        [38;2;0;0;0m██[38;2;0;0;0m██[38;2;199;122;87m██[38;2;199;122;87m██[38;2;251;176;51m██[38;2;251;176;51m██[38;2;251;176;51m██[38;2;0;0;0m██                      
                [38;2;0;0;0m██[38;2;251;176;51m██[38;2;251;176;51m██[38;2;251;176;51m██[38;2;0;0;0m██                        
                  [38;2;0;0;0m██[38;2;0;0;0m██[38;2;0;0;0m██                          
