      [38;2;0;0;0m██                              
    [38;2;0;0;0m██[38;2;255;177;121m██[38;2;0;0;0m██                            
    [38;2;0;0;0m██[38;2;255;177;121m██[38;2;0;0;0m██  [38;2;0;0;0m██[38;2;0;0;0m██[38;2;0;0;0m██    [38;2;0;0;0m██[38;2;0;0;0m██            
    [38;2;0;0;0m██[38;2;255;177;121m██[38;2;227;108;24m██[38;2;0;0;0m██[38;2;252;226;82m██[38;2;252;226;82m██[38;2;227;180;0m██[38;2;0;0;0m██[38;2;0;0;0m██[38;2;255;177;121m██[38;2;0;0;0m██            
    [38;2;0;0;0m██[38;2;227;108;24m██[38;2;255;177;121m██[38;2;65;65;65m██[38;2;65;65;65m██[38;2;227;180;0m██[38;2;252;226;82m██[38;2;65;65;65m██[38;2;255;177;121m██[38;2;255;177;121m██[38;2;65;65;65m██[38;2;0;0;0m██          
  [38;2;0;0;0m██[38;2;227;180;0m██[38;2;252;226;82m██[38;2;255;177;121m██[38;2;65;65;65m██[38;2;131;218;255m██[38;2;131;218;255m██[38;2;65;65;65m██[38;2;65;65;65m██[38;2;255;177;121m██[38;2;227;108;24m██[38;2;65;65;65m██[38;2;227;180;0m██[38;2;0;0;0m██        
  [38;2;0;0;0m██[38;2;252;226;82m██[38;2;65;65;65m██[38;2;131;218;255m██[38;2;131;218;255m██[38;2;131;218;255m██[38;2;131;218;255m██[38;2;131;218;255m██[38;2;255;177;121m██[38;2;255;177;121m██[38;2;65;65;65m██[38;2;252;226;82m██[38;2;252;226;82m██[38;2;0;0;0m██        
[38;2;0;0;0m██[38;2;227;180;0m██[38;2;227;180;0m██[38;2;131;218;255m██[38;2;131;218;255m██[38;2;131;218;255m██[38;2;131;218;255m██[38;2;131;218;255m██[38;2;131;218;255m██[38;2;255;177;121m██[38;2;65;65;65m██[38;2;252;226;82m██[38;2;252;226;82m██[38;2;252;226;82m██[38;2;227;180;0m██[38;2;0;0;0m██      
[38;2;0;0;0m██[38;2;227;180;0m██[38;2;255;255;255m██[38;2;84;165;246m██[38;2;131;218;255m██[38;2;131;218;255m██[38;2;131;218;255m██[38;2;131;218;255m██[38;2;131;218;255m██[38;2;131;218;255m██[38;2;131;218;255m██[38;2;65;65;65m██[38;2;252;226;82m██[38;2;252;226;82m██[38;2;252;226;82m██[38;2;0;0;0m██      
[38;2;0;0;0m██[38;2;227;180;0m██[38;2;255;255;255m██[38;2;0;0;0m██[38;2;131;218;255m██[38;2;131;218;255m██[38;2;131;218;255m██[38;2;131;218;255m██[38;2;227;180;0m██[38;2;227;180;0m██[38;2;131;218;255m██[38;2;84;165;246m██[38;2;252;226;82m██[38;2;252;226;82m██[38;2;227;180;0m██[38;2;0;0;0m██      
  [38;2;0;0;0m██[38;2;227;180;0m██[38;2;131;218;255m██[38;2;65;65;65m██[38;2;131;218;255m██[38;2;131;218;255m██[38;2;84;165;246m██[38;2;255;255;255m██[38;2;227;180;0m██[38;2;65;65;65m██[38;2;65;65;65m██[38;2;227;180;0m██[38;2;227;180;0m██[38;2;227;180;0m██[38;2;0;0;0m██[38;2;0;0;0m██    
    [38;2;0;0;0m██[38;2;65;65;65m██[38;2;84;165;246m██[38;2;131;218;255m██[38;2;131;218;255m██[38;2;0;0;0m██[38;2;255;255;255m██[38;2;65;65;65m██[38;2;227;180;0m██[38;2;252;226;82m██[38;2;65;65;65m██[38;2;227;180;0m██[38;2;65;65;65m██[38;2;65;65;65m██[38;2;65;65;65m██[38;2;0;0;0m██  
    [38;2;0;0;0m██[38;2;123;123;123m██[38;2;65;65;65m██[38;2;65;65;65m██[38;2;84;165;246m██[38;2;131;218;255m██[38;2;131;218;255m██[38;2;65;65;65m██[38;2;252;226;82m██[38;2;252;226;82m██[38;2;227;180;0m██[38;2;227;180;0m██[38;2;65;65;65m██[38;2;255;255;255m██[38;2;255;255;255m██[38;2;255;255;255m██[38;2;0;0;0m██
      [38;2;0;0;0m██[38;2;0;0;0m██[38;2;227;180;0m██[38;2;65;65;65m██[38;2;65;65;65m██[38;2;65;65;65m██[38;2;65;65;65m██[38;2;65;65;65m██[38;2;227;180;0m██[38;2;227;180;0m██[38;2;65;65;65m██[38;2;189;197;206m██[38;2;255;255;255m██[38;2;255;255;255m██[38;2;0;0;0m██  
          [38;2;0;0;0m██[38;2;255;177;121m██[38;2;227;108;24m██[38;2;227;108;24m██[38;2;65;65;65m██[38;2;123;123;123m██[38;2;65;65;65m██[38;2;65;65;65m██[38;2;189;197;206m██[38;2;189;197;206m██[38;2;123;123;123m██[38;2;0;0;0m██    
            [38;2;0;0;0m██[38;2;131;218;255m██[38;2;255;177;121m██[38;2;255;177;121m██[38;2;65;65;65m██[38;2;65;65;65m██[38;2;65;65;65m██[38;2;65;65;65m██[38;2;0;0;0m██[38;2;0;0;0m██      
            [38;2;0;0;0m██[38;2;65;65;65m██[38;2;131;218;255m██[38;2;84;165;246m██[38;2;131;218;255m██[38;2;65;65;65m██[38;2;227;180;0m██[38;2;227;180;0m██[38;2;0;0;0m██        
            [38;2;0;0;0m██[38;2;65;65;65m██[38;2;65;65;65m██[38;2;0;0;0m██[38;2;0;0;0m██[38;2;227;180;0m██[38;2;65;65;65m██[38;2;65;65;65m██[38;2;0;0;0m██        
              [38;2;0;0;0m██[38;2;0;0;0m██    [38;2;0;0;0m██[38;2;65;65;65m██[38;2;65;65;65m██[38;2;0;0;0m██        
                        [38;2;0;0;0m██[38;2;0;0;0m██          
