      [38;2;0;0;0m██[38;2;0;0;0m██[38;2;0;0;0m██                                            
    [38;2;0;0;0m██[38;2;199;183;0m██[38;2;255;215;0m██[38;2;255;215;0m██[38;2;0;0;0m██                                          
    [38;2;0;0;0m██[38;2;255;215;0m██[38;2;255;215;0m██[38;2;65;65;65m██[38;2;0;0;0m██                                          
  [38;2;0;0;0m██[38;2;255;215;0m██[38;2;255;215;0m██[38;2;65;65;65m██[38;2;0;0;0m██                                            
[38;2;0;0;0m██[38;2;255;215;0m██[38;2;199;183;0m██[38;2;65;65;65m██[38;2;65;65;65m██[38;2;0;0;0m██[38;2;0;0;0m██                                [38;2;0;0;0m██[38;2;0;0;0m██      
[38;2;0;0;0m██[38;2;199;183;0m██[38;2;199;183;0m██[38;2;65;65;65m██[38;2;65;65;65m██[38;2;65;65;65m██[38;2;255;215;0m██[38;2;0;0;0m██                            [38;2;0;0;0m██[38;2;255;215;0m██[38;2;199;183;0m██[38;2;0;0;0m██    
[38;2;0;0;0m██[38;2;199;183;0m██[38;2;199;183;0m██[38;2;199;183;0m██[38;2;65;65;65m██[38;2;65;65;65m██[38;2;255;215;0m██[38;2;255;215;0m██[38;2;0;0;0m██                        [38;2;0;0;0m██[38;2;255;215;0m██[38;2;255;215;0m██[38;2;255;215;0m██[38;2;255;215;0m██[38;2;0;0;0m██  
  [38;2;0;0;0m██[38;2;199;183;0m██[38;2;199;183;0m██[38;2;65;65;65m██[38;2;255;215;0m██[38;2;255;215;0m██[38;2;199;183;0m██[38;2;0;0;0m██  [38;2;0;0;0m██                  [38;2;0;0;0m██  [38;2;0;0;0m██[38;2;255;215;0m██[38;2;255;215;0m██[38;2;255;215;0m██[38;2;199;183;0m██[38;2;0;0;0m██
    [38;2;0;0;0m██[38;2;65;65;65m██[38;2;199;183;0m██[38;2;199;183;0m██[38;2;0;0;0m██[38;2;0;0;0m██  [38;2;0;0;0m██[38;2;255;215;0m██[38;2;0;0;0m██    [38;2;0;0;0m██        [38;2;0;0;0m██[38;2;255;215;0m██[38;2;0;0;0m██[38;2;65;65;65m██[38;2;65;65;65m██[38;2;255;215;0m██[38;2;255;215;0m██[38;2;255;215;0m██[38;2;0;0;0m██
  [38;2;0;0;0m██[38;2;252;239;187m██[38;2;211;190;136m██[38;2;65;65;65m██[38;2;65;65;65m██[38;2;0;0;0m██    [38;2;0;0;0m██[38;2;255;215;0m██[38;2;0;0;0m██  [38;2;0;0;0m██[38;2;255;215;0m██[38;2;0;0;0m██    [38;2;0;0;0m██[38;2;199;183;0m██[38;2;255;215;0m██[38;2;65;65;65m██[38;2;65;65;65m██[38;2;65;65;65m██[38;2;255;215;0m██[38;2;255;215;0m██[38;2;255;215;0m██[38;2;0;0;0m██
  [38;2;0;0;0m██[38;2;252;239;187m██[38;2;252;239;187m██[38;2;252;239;187m██[38;2;252;239;187m██[38;2;0;0;0m██  [38;2;0;0;0m██[38;2;255;255;255m██[38;2;255;215;0m██[38;2;255;215;0m██[38;2;0;0;0m██[38;2;255;215;0m██[38;2;255;215;0m██[38;2;199;183;0m██[38;2;0;0;0m██  [38;2;0;0;0m██[38;2;199;183;0m██[38;2;199;183;0m██[38;2;65;65;65m██[38;2;65;65;65m██[38;2;199;183;0m██[38;2;255;215;0m██[38;2;255;215;0m██[38;2;199;183;0m██[38;2;0;0;0m██
    [38;2;0;0;0m██[38;2;252;239;187m██[38;2;252;239;187m██[38;2;65;65;65m██[38;2;211;190;136m██[38;2;0;0;0m██[38;2;255;215;0m██[38;2;255;255;255m██[38;2;0;0;0m██[38;2;255;215;0m██[38;2;255;215;0m██[38;2;255;215;0m██[38;2;255;215;0m██[38;2;255;215;0m██[38;2;255;215;0m██[38;2;0;0;0m██  [38;2;0;0;0m██[38;2;199;183;0m██[38;2;199;183;0m██[38;2;65;65;65m██[38;2;199;183;0m██[38;2;199;183;0m██[38;2;199;183;0m██[38;2;0;0;0m██  
      [38;2;0;0;0m██[38;2;211;190;136m██[38;2;211;190;136m██[38;2;65;65;65m██[38;2;252;239;187m██[38;2;65;65;65m██[38;2;255;215;0m██[38;2;255;255;255m██[38;2;255;215;0m██[38;2;255;215;0m██[38;2;255;255;255m██[38;2;0;0;0m██[38;2;255;255;255m██[38;2;255;215;0m██[38;2;255;215;0m██[38;2;0;0;0m██  [38;2;65;65;65m██[38;2;65;65;65m██[38;2;199;183;0m██[38;2;199;183;0m██[38;2;199;183;0m██[38;2;0;0;0m██    
        [38;2;0;0;0m██[38;2;65;65;65m██[38;2;65;65;65m██[38;2;211;190;136m██[38;2;65;65;65m██[38;2;199;183;0m██[38;2;255;215;0m██[38;2;255;215;0m██[38;2;255;255;255m██[38;2;255;255;255m██[38;2;255;255;255m██[38;2;255;255;255m██[38;2;199;183;0m██[38;2;65;65;65m██[38;2;0;0;0m██[38;2;0;0;0m██[38;2;252;239;187m██[38;2;252;239;187m██[38;2;65;65;65m██[38;2;0;0;0m██[38;2;0;0;0m██      
      [38;2;0;0;0m██[38;2;211;190;136m██[38;2;211;190;136m██[38;2;0;0;0m██[38;2;252;239;187m██[38;2;252;239;187m██[38;2;65;65;65m██[38;2;199;183;0m██[38;2;199;183;0m██[38;2;199;183;0m██[38;2;199;183;0m██[38;2;199;183;0m██[38;2;199;183;0m██[38;2;65;65;65m██[38;2;252;239;187m██[38;2;252;239;187m██[38;2;65;65;65m██[38;2;211;190;136m██[38;2;252;239;187m██[38;2;252;239;187m██[38;2;0;0;0m██        
    [38;2;0;0;0m██[38;2;211;190;136m██[38;2;156;128;79m██[38;2;0;0;0m██  [38;2;0;0;0m██[38;2;252;239;187m██[38;2;211;190;136m██[38;2;65;65;65m██[38;2;199;183;0m██[38;2;65;65;65m██[38;2;65;65;65m██[38;2;65;65;65m██[38;2;65;65;65m██[38;2;252;239;187m██[38;2;65;65;65m██[38;2;252;239;187m██[38;2;252;239;187m██[38;2;65;65;65m██[38;2;65;65;65m██[38;2;65;65;65m██[38;2;0;0;0m██        
    [38;2;0;0;0m██[38;2;0;0;0m██[38;2;0;0;0m██    [38;2;0;0;0m██[38;2;252;239;187m██[38;2;252;239;187m██[38;2;65;65;65m██[38;2;65;65;65m██[38;2;252;239;187m██[38;2;252;239;187m██[38;2;252;239;187m██[38;2;156;128;79m██[38;2;252;239;187m██[38;2;65;65;65m██[38;2;65;65;65m██[38;2;252;239;187m██[38;2;252;239;187m██[38;2;0;0;0m██[38;2;156;128;79m██[38;2;156;128;79m██[38;2;0;0;0m██      
                [38;2;0;0;0m██[38;2;211;190;136m██[38;2;252;239;187m██[38;2;252;239;187m██[38;2;252;239;187m██[38;2;252;239;187m██[38;2;211;190;136m██[38;2;211;190;136m██[38;2;156;128;79m██[38;2;211;190;136m██[38;2;211;190;136m██[38;2;0;0;0m██[38;2;65;65;65m██[38;2;211;190;136m██[38;2;0;0;0m██[38;2;156;128;79m██[38;2;156;128;79m██[38;2;0;0;0m██    
                  [38;2;0;0;0m██[38;2;0;0;0m██[38;2;211;190;136m██[38;2;211;190;136m██[38;2;211;190;136m██[38;2;211;190;136m██[38;2;211;190;136m██[38;2;211;190;136m██[38;2;0;0;0m██[38;2;0;0;0m██  [38;2;0;0;0m██[38;2;211;190;136m██[38;2;211;190;136m██[38;2;0;0;0m██[38;2;0;0;0m██[38;2;0;0;0m██    
                      [38;2;0;0;0m██[38;2;0;0;0m██[38;2;0;0;0m██[38;2;0;0;0m██[38;2;0;0;0m██[38;2;0;0;0m██        [38;2;0;0;0m██[38;2;211;190;136m██[38;2;0;0;0m██        
                                            [38;2;0;0;0m██[38;2;0;0;0m██        
