    [38;2;0;0;0m██[38;2;0;0;0m██[38;2;0;0;0m██                        
  [38;2;0;0;0m██[38;2;138;117;77m██[38;2;138;117;77m██[38;2;65;65;65m██[38;2;0;0;0m██                      
[38;2;0;0;0m██[38;2;138;117;77m██[38;2;138;117;77m██[38;2;138;117;77m██[38;2;138;117;77m██[38;2;0;0;0m██          [38;2;0;0;0m██[38;2;0;0;0m██        
[38;2;0;0;0m██[38;2;138;117;77m██[38;2;138;117;77m██[38;2;65;65;65m██[38;2;138;117;77m██[38;2;0;0;0m██        [38;2;0;0;0m██[38;2;138;117;77m██[38;2;138;117;77m██[38;2;0;0;0m██      
  [38;2;0;0;0m██[38;2;0;0;0m██[38;2;0;0;0m██[38;2;138;117;77m██[38;2;0;0;0m██  [38;2;0;0;0m██[38;2;0;0;0m██[38;2;0;0;0m██[38;2;65;65;65m██[38;2;138;117;77m██[38;2;138;117;77m██[38;2;138;117;77m██[38;2;0;0;0m██    
      [38;2;0;0;0m██[38;2;65;65;65m██[38;2;138;117;77m██[38;2;0;0;0m██[38;2;247;230;165m██[38;2;247;230;165m██[38;2;65;65;65m██[38;2;138;117;77m██[38;2;65;65;65m██[38;2;138;117;77m██[38;2;138;117;77m██[38;2;0;0;0m██    
        [38;2;0;0;0m██[38;2;138;117;77m██[38;2;65;65;65m██[38;2;65;65;65m██[38;2;65;65;65m██[38;2;138;117;77m██[38;2;138;117;77m██[38;2;65;65;65m██[38;2;65;65;65m██[38;2;0;0;0m██      
      [38;2;0;0;0m██[38;2;247;230;165m██[38;2;65;65;65m██[38;2;235;125;0m██[38;2;235;125;0m██[38;2;65;65;65m██[38;2;138;117;77m██[38;2;65;65;65m██[38;2;65;65;65m██[38;2;247;230;165m██[38;2;247;230;165m██[38;2;0;0;0m██    
    [38;2;0;0;0m██[38;2;247;230;165m██[38;2;65;65;65m██[38;2;65;65;65m██[38;2;170;91;1m██[38;2;170;91;1m██[38;2;170;91;1m██[38;2;65;65;65m██[38;2;255;192;35m██[38;2;235;125;0m██[38;2;65;65;65m██[38;2;247;230;165m██[38;2;247;230;165m██[38;2;0;0;0m██  
  [38;2;0;0;0m██[38;2;248;207;72m██[38;2;65;65;65m██[38;2;255;255;255m██[38;2;255;192;35m██[38;2;65;65;65m██[38;2;65;65;65m██[38;2;65;65;65m██[38;2;255;192;35m██[38;2;255;192;35m██[38;2;255;192;35m██[38;2;235;125;0m██[38;2;65;65;65m██[38;2;247;230;165m██[38;2;248;207;72m██[38;2;0;0;0m██
  [38;2;0;0;0m██[38;2;248;207;72m██[38;2;65;65;65m██[38;2;0;0;0m██[38;2;255;192;35m██[38;2;255;192;35m██[38;2;255;192;35m██[38;2;255;192;35m██[38;2;255;255;255m██[38;2;255;192;35m██[38;2;255;192;35m██[38;2;255;192;35m██[38;2;65;65;65m██[38;2;248;207;72m██[38;2;248;207;72m██[38;2;0;0;0m██
    [38;2;0;0;0m██[38;2;248;207;72m██[38;2;65;65;65m██[38;2;65;65;65m██[38;2;65;65;65m██[38;2;255;192;35m██[38;2;255;192;35m██[38;2;0;0;0m██[38;2;255;192;35m██[38;2;255;192;35m██[38;2;65;65;65m██[38;2;65;65;65m██[38;2;248;207;72m██[38;2;248;207;72m██[38;2;0;0;0m██
      [38;2;0;0;0m██[38;2;170;91;1m██[38;2;235;125;0m██[38;2;170;91;1m██[38;2;65;65;65m██[38;2;255;192;35m██[38;2;255;192;35m██[38;2;235;125;0m██[38;2;65;65;65m██[38;2;65;65;65m██[38;2;248;207;72m██[38;2;248;207;72m██[38;2;0;0;0m██  
    [38;2;0;0;0m██[38;2;65;65;65m██[38;2;65;65;65m██[38;2;170;91;1m██[38;2;170;91;1m██[38;2;65;65;65m██[38;2;65;65;65m██[38;2;65;65;65m██[38;2;65;65;65m██[38;2;248;207;72m██[38;2;248;207;72m██[38;2;248;207;72m██[38;2;0;0;0m██    
  [38;2;0;0;0m██[38;2;138;117;77m██[38;2;138;117;77m██[38;2;235;125;0m██[38;2;65;65;65m██[38;2;65;65;65m██[38;2;247;230;165m██[38;2;247;230;165m██[38;2;247;230;165m██[38;2;247;230;165m██[38;2;247;230;165m██[38;2;65;65;65m██[38;2;65;65;65m██[38;2;0;0;0m██    
  [38;2;0;0;0m██[38;2;138;117;77m██[38;2;138;117;77m██[38;2;235;125;0m██[38;2;248;207;72m██[38;2;248;207;72m██[38;2;65;65;65m██[38;2;65;65;65m██[38;2;247;230;165m██[38;2;248;207;72m██[38;2;65;65;65m██[38;2;255;192;35m██[38;2;255;192;35m██[38;2;0;0;0m██    
    [38;2;0;0;0m██[38;2;0;0;0m██[38;2;255;192;35m██[38;2;247;230;165m██[38;2;65;65;65m██[38;2;138;117;77m██[38;2;138;117;77m██[38;2;65;65;65m██[38;2;65;65;65m██[38;2;255;192;35m██[38;2;255;192;35m██[38;2;255;192;35m██[38;2;0;0;0m██    
        [38;2;0;0;0m██[38;2;0;0;0m██[38;2;65;65;65m██[38;2;138;117;77m██[38;2;138;117;77m██[38;2;65;65;65m██[38;2;255;192;35m██[38;2;255;192;35m██[38;2;255;192;35m██[38;2;0;0;0m██      
          [38;2;0;0;0m██[38;2;117;96;57m██[38;2;65;65;65m██[38;2;0;0;0m██[38;2;248;207;72m██[38;2;235;125;0m██[38;2;235;125;0m██[38;2;65;65;65m██[38;2;0;0;0m██      
            [38;2;0;0;0m██[38;2;0;0;0m██  [38;2;0;0;0m██[38;2;65;65;65m██[38;2;117;96;57m██[38;2;117;96;57m██[38;2;0;0;0m██      
                  [38;2;0;0;0m██[38;2;117;96;57m██[38;2;117;96;57m██[38;2;0;0;0m██        
                    [38;2;0;0;0m██[38;2;0;0;0m██          
