                [38;2;0;0;0m██[38;2;0;0;0m██                
      [38;2;0;0;0m██[38;2;0;0;0m██[38;2;0;0;0m██  [38;2;0;0;0m██[38;2;255;187;138m██[38;2;255;187;138m██[38;2;0;0;0m██  [38;2;0;0;0m██[38;2;0;0;0m██[38;2;0;0;0m██      
    [38;2;0;0;0m██[38;2;255;187;138m██[38;2;255;187;138m██[38;2;255;187;138m██[38;2;0;0;0m██[38;2;65;65;65m██[38;2;255;141;60m██[38;2;255;141;60m██[38;2;65;65;65m██[38;2;0;0;0m██[38;2;255;187;138m██[38;2;255;187;138m██[38;2;255;187;138m██[38;2;0;0;0m██    
  [38;2;0;0;0m██[38;2;255;141;60m██[38;2;223;104;20m██[38;2;223;104;20m██[38;2;255;141;60m██[38;2;255;141;60m██[38;2;65;65;65m██[38;2;65;65;65m██[38;2;65;65;65m██[38;2;65;65;65m██[38;2;255;141;60m██[38;2;255;141;60m██[38;2;223;104;20m██[38;2;223;104;20m██[38;2;255;141;60m██[38;2;0;0;0m██  
  [38;2;0;0;0m██[38;2;223;104;20m██[38;2;223;104;20m██[38;2;65;65;65m██[38;2;65;65;65m██[38;2;65;65;65m██[38;2;242;225;91m██[38;2;115;115;115m██[38;2;115;115;115m██[38;2;65;65;65m██[38;2;65;65;65m██[38;2;65;65;65m██[38;2;65;65;65m██[38;2;223;104;20m██[38;2;223;104;20m██[38;2;0;0;0m██  
    [38;2;0;0;0m██[38;2;65;65;65m██[38;2;255;187;138m██[38;2;255;141;60m██[38;2;65;65;65m██[38;2;115;115;115m██[38;2;115;115;115m██[38;2;115;115;115m██[38;2;242;225;91m██[38;2;65;65;65m██[38;2;255;141;60m██[38;2;255;187;138m██[38;2;65;65;65m██[38;2;0;0;0m██    
  [38;2;0;0;0m██[38;2;255;187;138m██[38;2;255;187;138m██[38;2;255;187;138m██[38;2;255;187;138m██[38;2;255;141;60m██[38;2;65;65;65m██[38;2;115;115;115m██[38;2;115;115;115m██[38;2;65;65;65m██[38;2;255;141;60m██[38;2;255;187;138m██[38;2;255;187;138m██[38;2;255;187;138m██[38;2;255;187;138m██[38;2;0;0;0m██  
[38;2;0;0;0m██[38;2;255;141;60m██[38;2;223;104;20m██[38;2;255;187;138m██[38;2;65;65;65m██[38;2;65;65;65m██[38;2;65;65;65m██[38;2;255;187;138m██[38;2;65;65;65m██[38;2;65;65;65m██[38;2;255;187;138m██[38;2;65;65;65m██[38;2;65;65;65m██[38;2;65;65;65m██[38;2;255;187;138m██[38;2;223;104;20m██[38;2;255;141;60m██[38;2;0;0;0m██
[38;2;0;0;0m██[38;2;255;141;60m██[38;2;255;141;60m██[38;2;65;65;65m██[38;2;107;225;172m██[38;2;65;65;65m██[38;2;255;187;138m██[38;2;255;187;138m██[38;2;65;65;65m██[38;2;65;65;65m██[38;2;255;187;138m██[38;2;255;187;138m██[38;2;65;65;65m██[38;2;107;225;172m██[38;2;65;65;65m██[38;2;255;141;60m██[38;2;255;141;60m██[38;2;0;0;0m██
  [38;2;0;0;0m██[38;2;65;65;65m██[38;2;67;191;132m██[38;2;65;65;65m██[38;2;255;187;138m██[38;2;255;187;138m██[38;2;65;65;65m██[38;2;107;225;172m██[38;2;107;225;172m██[38;2;65;65;65m██[38;2;255;187;138m██[38;2;255;187;138m██[38;2;65;65;65m██[38;2;67;191;132m██[38;2;65;65;65m██[38;2;0;0;0m██  
    [38;2;0;0;0m██[38;2;67;191;132m██[38;2;65;65;65m██[38;2;223;104;20m██[38;2;223;104;20m██[38;2;65;65;65m██[38;2;67;191;132m██[38;2;67;191;132m██[38;2;65;65;65m██[38;2;223;104;20m██[38;2;223;104;20m██[38;2;65;65;65m██[38;2;67;191;132m██[38;2;0;0;0m██    
      [38;2;0;0;0m██[38;2;0;0;0m██[38;2;255;141;60m██[38;2;255;141;60m██[38;2;65;65;65m██[38;2;67;191;132m██[38;2;67;191;132m██[38;2;65;65;65m██[38;2;255;141;60m██[38;2;255;141;60m██[38;2;0;0;0m██[38;2;0;0;0m██      
          [38;2;0;0;0m██[38;2;0;0;0m██[38;2;67;191;132m██[38;2;67;191;132m██[38;2;67;191;132m██[38;2;67;191;132m██[38;2;0;0;0m██[38;2;0;0;0m██          
              [38;2;0;0;0m██[38;2;65;65;65m██[38;2;65;65;65m██[38;2;0;0;0m██              
          [38;2;0;0;0m██[38;2;0;0;0m██[38;2;65;65;65m██[38;2;192;151;27m██[38;2;192;151;27m██[38;2;65;65;65m██[38;2;0;0;0m██[38;2;0;0;0m██          
        [38;2;0;0;0m██[38;2;67;191;132m██[38;2;67;191;132m██[38;2;65;65;65m██[38;2;242;225;91m██[38;2;242;225;91m██[38;2;65;65;65m██[38;2;67;191;132m██[38;2;67;191;132m██[38;2;0;0;0m██        
          [38;2;0;0;0m██[38;2;107;225;172m██[38;2;107;225;172m██[38;2;67;191;132m██[38;2;67;191;132m██[38;2;107;225;172m██[38;2;107;225;172m██[38;2;0;0;0m██          
        [38;2;0;0;0m██[38;2;107;225;172m██[38;2;67;191;132m██[38;2;107;225;172m██[38;2;107;225;172m██[38;2;107;225;172m██[38;2;107;225;172m██[38;2;67;191;132m██[38;2;107;225;172m██[38;2;0;0;0m██        
        [38;2;0;0;0m██[38;2;0;0;0m██[38;2;0;0;0m██[38;2;67;191;132m██[38;2;107;225;172m██[38;2;107;225;172m██[38;2;67;191;132m██[38;2;0;0;0m██[38;2;0;0;0m██[38;2;0;0;0m██        
              [38;2;0;0;0m██[38;2;0;0;0m██[38;2;0;0;0m██[38;2;0;0;0m██              
