                              [38;2;0;0;0m██[38;2;0;0;0m██[38;2;0;0;0m██[38;2;0;0;0m██      
                            [38;2;0;0;0m██[38;2;255;155;52m██[38;2;251;234;206m██[38;2;251;234;206m██[38;2;251;234;206m██[38;2;0;0;0m██    
                          [38;2;0;0;0m██[38;2;255;155;52m██[38;2;251;234;206m██[38;2;251;234;206m██[38;2;216;199;171m██[38;2;0;0;0m██      
                          [38;2;0;0;0m██[38;2;255;155;52m██[38;2;251;234;206m██[38;2;251;234;206m██[38;2;251;234;206m██[38;2;0;0;0m██      
                            [38;2;0;0;0m██[38;2;210;108;4m██[38;2;251;234;206m██[38;2;251;234;206m██[38;2;251;234;206m██[38;2;0;0;0m██    
                          [38;2;0;0;0m██[38;2;0;0;0m██[38;2;255;155;52m██[38;2;210;108;4m██[38;2;251;234;206m██[38;2;251;234;206m██[38;2;255;155;52m██[38;2;0;0;0m██  
          [38;2;0;0;0m██        [38;2;0;0;0m██[38;2;0;0;0m██[38;2;0;0;0m██[38;2;251;234;206m██[38;2;251;234;206m██[38;2;255;155;52m██[38;2;210;108;4m██[38;2;251;234;206m██[38;2;251;234;206m██[38;2;251;234;206m██[38;2;210;108;4m██[38;2;0;0;0m██
        [38;2;0;0;0m██[38;2;251;234;206m██[38;2;0;0;0m██  [38;2;0;0;0m██[38;2;0;0;0m██[38;2;251;234;206m██[38;2;251;234;206m██[38;2;251;234;206m██[38;2;251;234;206m██[38;2;255;155;52m██[38;2;210;108;4m██[38;2;210;108;4m██[38;2;251;234;206m██[38;2;251;234;206m██[38;2;251;234;206m██[38;2;210;108;4m██[38;2;0;0;0m██
      [38;2;0;0;0m██[38;2;251;234;206m██[38;2;251;234;206m██[38;2;65;65;65m██[38;2;0;0;0m██[38;2;251;234;206m██[38;2;255;155;52m██[38;2;65;65;65m██[38;2;210;108;4m██[38;2;210;108;4m██[38;2;210;108;4m██[38;2;210;108;4m██[38;2;210;108;4m██[38;2;251;234;206m██[38;2;251;234;206m██[38;2;251;234;206m██[38;2;255;155;52m██[38;2;210;108;4m██[38;2;0;0;0m██
      [38;2;0;0;0m██[38;2;251;234;206m██[38;2;255;155;52m██[38;2;255;155;52m██[38;2;210;108;4m██[38;2;210;108;4m██[38;2;65;65;65m██[38;2;251;234;206m██[38;2;65;65;65m██[38;2;210;108;4m██[38;2;210;108;4m██[38;2;255;155;52m██[38;2;251;234;206m██[38;2;251;234;206m██[38;2;251;234;206m██[38;2;255;155;52m██[38;2;210;108;4m██[38;2;0;0;0m██  
    [38;2;0;0;0m██[38;2;251;234;206m██[38;2;255;155;52m██[38;2;210;108;4m██[38;2;210;108;4m██[38;2;210;108;4m██[38;2;65;65;65m██[38;2;251;234;206m██[38;2;251;234;206m██[38;2;65;65;65m██[38;2;251;234;206m██[38;2;251;234;206m██[38;2;251;234;206m██[38;2;251;234;206m██[38;2;251;234;206m██[38;2;255;155;52m██[38;2;210;108;4m██[38;2;210;108;4m██[38;2;0;0;0m██  
  [38;2;0;0;0m██[38;2;255;155;52m██[38;2;210;108;4m██[38;2;210;108;4m██[38;2;210;108;4m██[38;2;255;155;52m██[38;2;251;234;206m██[38;2;251;234;206m██[38;2;251;234;206m██[38;2;251;234;206m██[38;2;255;155;52m██[38;2;210;108;4m██[38;2;210;108;4m██[38;2;251;234;206m██[38;2;251;234;206m██[38;2;210;108;4m██[38;2;210;108;4m██[38;2;255;155;52m██[38;2;216;199;171m██[38;2;138;121;93m██[38;2;0;0;0m██
  [38;2;0;0;0m██[38;2;210;108;4m██[38;2;210;108;4m██[38;2;255;155;52m██[38;2;251;234;206m██[38;2;251;234;206m██[38;2;251;234;206m██[38;2;251;234;206m██[38;2;255;155;52m██[38;2;210;108;4m██[38;2;210;108;4m██[38;2;210;108;4m██[38;2;251;234;206m██[38;2;251;234;206m██[38;2;216;199;171m██[38;2;216;199;171m██[38;2;216;199;171m██[38;2;216;199;171m██[38;2;216;199;171m██[38;2;138;121;93m██[38;2;0;0;0m██
[38;2;0;0;0m██[38;2;251;234;206m██[38;2;210;108;4m██[38;2;255;155;52m██[38;2;251;234;206m██[38;2;216;199;171m██[38;2;216;199;171m██[38;2;255;155;52m██[38;2;210;108;4m██[38;2;210;108;4m██[38;2;210;108;4m██[38;2;210;108;4m██[38;2;210;108;4m██[38;2;210;108;4m██[38;2;216;199;171m██[38;2;216;199;171m██[38;2;138;121;93m██[38;2;216;199;171m██[38;2;216;199;171m██[38;2;138;121;93m██[38;2;216;199;171m██[38;2;0;0;0m██
[38;2;0;0;0m██[38;2;251;234;206m██[38;2;251;234;206m██[38;2;251;234;206m██[38;2;210;108;4m██[38;2;255;255;255m██[38;2;65;65;65m██[38;2;210;108;4m██[38;2;210;108;4m██[38;2;138;121;93m██[38;2;255;155;52m██[38;2;216;199;171m██[38;2;216;199;171m██[38;2;216;199;171m██[38;2;216;199;171m██[38;2;138;121;93m██[38;2;0;0;0m██[38;2;0;0;0m██[38;2;138;121;93m██[38;2;216;199;171m██[38;2;0;0;0m██  
[38;2;0;0;0m██[38;2;138;121;93m██[38;2;251;234;206m██[38;2;255;155;52m██[38;2;255;236;33m██[38;2;0;0;0m██[38;2;65;65;65m██[38;2;255;155;52m██[38;2;216;199;171m██[38;2;216;199;171m██[38;2;138;121;93m██[38;2;216;199;171m██[38;2;216;199;171m██[38;2;210;108;4m██[38;2;0;0;0m██[38;2;0;0;0m██    [38;2;0;0;0m██[38;2;0;0;0m██    
  [38;2;0;0;0m██[38;2;0;0;0m██[38;2;216;199;171m██[38;2;216;199;171m██[38;2;216;199;171m██[38;2;216;199;171m██[38;2;216;199;171m██[38;2;216;199;171m██[38;2;138;121;93m██[38;2;138;121;93m██[38;2;138;121;93m██[38;2;0;0;0m██[38;2;0;0;0m██                
      [38;2;0;0;0m██[38;2;0;0;0m██[38;2;0;0;0m██[38;2;0;0;0m██[38;2;138;121;93m██[38;2;138;121;93m██[38;2;216;199;171m██[38;2;216;199;171m██[38;2;0;0;0m██                    
              [38;2;0;0;0m██[38;2;251;234;206m██[38;2;216;199;171m██[38;2;0;0;0m██                      
                [38;2;0;0;0m██[38;2;0;0;0m██                        
