          [38;2;0;0;0m██                              
  [38;2;0;0;0m██[38;2;0;0;0m██  [38;2;0;0;0m██[38;2;247;58;49m██[38;2;0;0;0m██      [38;2;0;0;0m██[38;2;0;0;0m██[38;2;0;0;0m██                
[38;2;0;0;0m██[38;2;161;126;95m██[38;2;250;248;234m██[38;2;0;0;0m██[38;2;165;58;66m██[38;2;247;58;49m██[38;2;247;58;49m██[38;2;0;0;0m██  [38;2;0;0;0m██[38;2;250;248;234m██[38;2;250;248;234m██[38;2;142;107;76m██[38;2;0;0;0m██          [38;2;0;0;0m██  
[38;2;0;0;0m██[38;2;244;236;205m██[38;2;142;107;76m██[38;2;142;107;76m██[38;2;247;58;49m██[38;2;247;58;49m██[38;2;247;58;49m██[38;2;165;58;66m██[38;2;0;0;0m██[38;2;250;248;234m██[38;2;250;248;234m██[38;2;250;248;234m██[38;2;250;248;234m██[38;2;0;0;0m██      [38;2;0;0;0m██[38;2;0;0;0m██[38;2;250;248;234m██[38;2;0;0;0m██
[38;2;0;0;0m██[38;2;244;236;205m██[38;2;142;107;76m██[38;2;165;58;66m██[38;2;247;58;49m██[38;2;161;126;95m██[38;2;201;166;135m██[38;2;201;166;135m██[38;2;250;248;234m██[38;2;201;166;135m██[38;2;142;107;76m██[38;2;201;166;135m██[38;2;250;248;234m██[38;2;0;0;0m██    [38;2;0;0;0m██[38;2;142;107;76m██[38;2;250;248;234m██[38;2;250;248;234m██[38;2;0;0;0m██
  [38;2;0;0;0m██[38;2;142;107;76m██[38;2;247;58;49m██[38;2;161;126;95m██[38;2;201;166;135m██[38;2;201;166;135m██[38;2;201;166;135m██[38;2;201;166;135m██[38;2;142;107;76m██[38;2;142;107;76m██[38;2;142;107;76m██[38;2;244;236;205m██[38;2;0;0;0m██    [38;2;0;0;0m██[38;2;250;248;234m██[38;2;250;248;234m██[38;2;250;248;234m██[38;2;0;0;0m██
  [38;2;0;0;0m██[38;2;201;166;135m██[38;2;0;0;0m██[38;2;201;166;135m██[38;2;201;166;135m██[38;2;161;126;95m██[38;2;161;126;95m██[38;2;201;166;135m██[38;2;201;166;135m██[38;2;142;107;76m██[38;2;244;236;205m██[38;2;0;0;0m██        [38;2;0;0;0m██[38;2;250;248;234m██[38;2;142;107;76m██[38;2;0;0;0m██
[38;2;0;0;0m██[38;2;255;255;255m██[38;2;201;166;135m██[38;2;201;166;135m██[38;2;201;166;135m██[38;2;161;126;95m██[38;2;255;255;255m██[38;2;189;173;173m██[38;2;161;126;95m██[38;2;201;166;135m██[38;2;201;166;135m██[38;2;0;0;0m██        [38;2;0;0;0m██[38;2;201;166;135m██[38;2;0;0;0m██[38;2;0;0;0m██  
[38;2;0;0;0m██[38;2;250;248;234m██[38;2;201;166;135m██[38;2;201;166;135m██[38;2;201;166;135m██[38;2;189;173;173m██[38;2;0;0;0m██[38;2;255;255;255m██[38;2;250;248;234m██[38;2;161;126;95m██[38;2;0;0;0m██        [38;2;0;0;0m██[38;2;201;166;135m██[38;2;0;0;0m██      
  [38;2;0;0;0m██[38;2;247;58;49m██[38;2;247;58;49m██[38;2;161;126;95m██[38;2;250;248;234m██[38;2;255;255;255m██[38;2;250;248;234m██[38;2;244;236;205m██[38;2;244;236;205m██[38;2;0;0;0m██    [38;2;0;0;0m██[38;2;0;0;0m██[38;2;161;126;95m██[38;2;0;0;0m██        
    [38;2;0;0;0m██[38;2;161;126;95m██[38;2;250;248;234m██[38;2;250;248;234m██[38;2;161;126;95m██[38;2;244;236;205m██[38;2;244;236;205m██[38;2;0;0;0m██[38;2;201;166;135m██[38;2;0;0;0m██[38;2;0;0;0m██[38;2;201;166;135m██[38;2;201;166;135m██[38;2;0;0;0m██          
      [38;2;0;0;0m██[38;2;0;0;0m██[38;2;161;126;95m██[38;2;244;236;205m██[38;2;244;236;205m██[38;2;161;126;95m██[38;2;201;166;135m██[38;2;201;166;135m██[38;2;201;166;135m██[38;2;201;166;135m██[38;2;201;166;135m██[38;2;201;166;135m██[38;2;201;166;135m██[38;2;0;0;0m██        
          [38;2;0;0;0m██[38;2;161;126;95m██[38;2;201;166;135m██[38;2;201;166;135m██[38;2;201;166;135m██[38;2;201;166;135m██[38;2;201;166;135m██[38;2;201;166;135m██[38;2;201;166;135m██[38;2;201;166;135m██[38;2;201;166;135m██[38;2;0;0;0m██        
        [38;2;0;0;0m██[38;2;161;126;95m██[38;2;161;126;95m██[38;2;161;126;95m██[38;2;201;166;135m██[38;2;201;166;135m██[38;2;201;166;135m██[38;2;161;126;95m██[38;2;161;126;95m██[38;2;201;166;135m██[38;2;201;166;135m██[38;2;161;126;95m██[38;2;161;126;95m██[38;2;0;0;0m██      
        [38;2;0;0;0m██[38;2;161;126;95m██[38;2;161;126;95m██[38;2;161;126;95m██[38;2;142;107;76m██[38;2;201;166;135m██[38;2;201;166;135m██[38;2;142;107;76m██[38;2;161;126;95m██[38;2;0;0;0m██[38;2;161;126;95m██[38;2;161;126;95m██[38;2;161;126;95m██[38;2;0;0;0m██      
      [38;2;0;0;0m██[38;2;244;236;205m██[38;2;161;126;95m██[38;2;161;126;95m██[38;2;0;0;0m██[38;2;142;107;76m██[38;2;201;166;135m██[38;2;201;166;135m██[38;2;201;166;135m██[38;2;0;0;0m██  [38;2;0;0;0m██[38;2;161;126;95m██[38;2;244;236;205m██[38;2;0;0;0m██      
    [38;2;0;0;0m██[38;2;244;236;205m██[38;2;161;126;95m██[38;2;244;236;205m██[38;2;0;0;0m██  [38;2;0;0;0m██[38;2;201;166;135m██[38;2;201;166;135m██[38;2;201;166;135m██[38;2;0;0;0m██  [38;2;0;0;0m██[38;2;244;236;205m██[38;2;244;236;205m██[38;2;0;0;0m██      
      [38;2;0;0;0m██[38;2;0;0;0m██[38;2;0;0;0m██    [38;2;0;0;0m██[38;2;250;248;234m██[38;2;244;236;205m██[38;2;0;0;0m██      [38;2;0;0;0m██[38;2;0;0;0m██        
              [38;2;0;0;0m██[38;2;250;248;234m██[38;2;201;166;135m██[38;2;250;248;234m██[38;2;0;0;0m██                  
                [38;2;0;0;0m██[38;2;0;0;0m██[38;2;0;0;0m██                    
