              [38;2;0;0;0m██                                                  
            [38;2;0;0;0m██[38;2;249;172;162m██[38;2;0;0;0m██      [38;2;0;0;0m██[38;2;0;0;0m██    [38;2;0;0;0m██[38;2;0;0;0m██                              
            [38;2;0;0;0m██[38;2;249;172;162m██[38;2;249;172;162m██[38;2;0;0;0m██  [38;2;0;0;0m██[38;2;185;126;93m██[38;2;185;126;93m██[38;2;0;0;0m██[38;2;0;0;0m██[38;2;249;172;162m██[38;2;249;172;162m██[38;2;0;0;0m██                            
            [38;2;0;0;0m██[38;2;249;172;162m██[38;2;249;172;162m██[38;2;218;122;157m██[38;2;0;0;0m██[38;2;185;126;93m██[38;2;185;126;93m██[38;2;185;126;93m██[38;2;65;65;65m██[38;2;249;172;162m██[38;2;249;172;162m██[38;2;218;122;157m██[38;2;65;65;65m██[38;2;0;0;0m██                          
              [38;2;0;0;0m██[38;2;249;172;162m██[38;2;249;172;162m██[38;2;65;65;65m██[38;2;185;126;93m██[38;2;185;126;93m██[38;2;65;65;65m██[38;2;249;172;162m██[38;2;249;172;162m██[38;2;249;172;162m██[38;2;65;65;65m██[38;2;185;126;93m██[38;2;185;126;93m██[38;2;0;0;0m██                        
              [38;2;0;0;0m██[38;2;218;122;157m██[38;2;249;172;162m██[38;2;65;65;65m██[38;2;185;126;93m██[38;2;65;65;65m██[38;2;249;172;162m██[38;2;249;172;162m██[38;2;249;172;162m██[38;2;65;65;65m██[38;2;185;126;93m██[38;2;185;126;93m██[38;2;185;126;93m██[38;2;0;0;0m██                        
                [38;2;0;0;0m██[38;2;249;172;162m██[38;2;249;172;162m██[38;2;65;65;65m██[38;2;249;172;162m██[38;2;249;172;162m██[38;2;218;122;157m██[38;2;65;65;65m██[38;2;246;123;139m██[38;2;65;65;65m██[38;2;185;126;93m██[38;2;185;126;93m██[38;2;185;126;93m██[38;2;0;0;0m██[38;2;0;0;0m██[38;2;0;0;0m██                  
            [38;2;0;0;0m██[38;2;0;0;0m██[38;2;139;102;76m██[38;2;65;65;65m██[38;2;249;172;162m██[38;2;249;172;162m██[38;2;218;122;157m██[38;2;65;65;65m██[38;2;65;65;65m██[38;2;185;126;93m██[38;2;139;102;76m██[38;2;65;65;65m██[38;2;185;126;93m██[38;2;185;126;93m██[38;2;185;126;93m██[38;2;65;65;65m██[38;2;249;172;162m██[38;2;249;172;162m██[38;2;0;0;0m██                
          [38;2;0;0;0m██[38;2;218;122;157m██[38;2;139;102;76m██[38;2;65;65;65m██[38;2;249;172;162m██[38;2;218;122;157m██[38;2;65;65;65m██[38;2;249;172;162m██[38;2;249;172;162m██[38;2;65;65;65m██[38;2;185;126;93m██[38;2;185;126;93m██[38;2;185;126;93m██[38;2;65;65;65m██[38;2;139;102;76m██[38;2;139;102;76m██[38;2;249;172;162m██[38;2;249;172;162m██[38;2;218;122;157m██[38;2;0;0;0m██                
        [38;2;0;0;0m██[38;2;65;65;65m██[38;2;218;122;157m██[38;2;218;122;157m██[38;2;139;102;76m██[38;2;65;65;65m██[38;2;65;65;65m██[38;2;185;126;93m██[38;2;65;65;65m██[38;2;249;172;162m██[38;2;249;172;162m██[38;2;65;65;65m██[38;2;185;126;93m██[38;2;185;126;93m██[38;2;65;65;65m██[38;2;249;172;162m██[38;2;249;172;162m██[38;2;249;172;162m██[38;2;249;172;162m██[38;2;0;0;0m██                  
      [38;2;0;0;0m██[38;2;218;122;157m██[38;2;65;65;65m██[38;2;65;65;65m██[38;2;218;122;157m██[38;2;65;65;65m██[38;2;185;126;93m██[38;2;185;126;93m██[38;2;185;126;93m██[38;2;185;126;93m██[38;2;65;65;65m██[38;2;65;65;65m██[38;2;185;126;93m██[38;2;185;126;93m██[38;2;65;65;65m██[38;2;249;172;162m██[38;2;218;122;157m██[38;2;249;172;162m██[38;2;218;122;157m██[38;2;65;65;65m██[38;2;185;126;93m██[38;2;0;0;0m██  [38;2;0;0;0m██[38;2;0;0;0m██          
  [38;2;0;0;0m██[38;2;0;0;0m██[38;2;65;65;65m██[38;2;218;122;157m██[38;2;65;65;65m██[38;2;139;102;76m██[38;2;65;65;65m██[38;2;65;65;65m██[38;2;185;126;93m██[38;2;185;126;93m██[38;2;185;126;93m██[38;2;185;126;93m██[38;2;185;126;93m██[38;2;255;255;255m██[38;2;246;123;139m██[38;2;185;126;93m██[38;2;139;102;76m██[38;2;65;65;65m██[38;2;0;0;0m██[38;2;0;0;0m██[38;2;65;65;65m██[38;2;185;126;93m██[38;2;185;126;93m██[38;2;185;126;93m██[38;2;0;0;0m██[38;2;249;172;162m██[38;2;218;122;157m██[38;2;0;0;0m██        
[38;2;0;0;0m██[38;2;139;102;76m██[38;2;139;102;76m██[38;2;65;65;65m██[38;2;218;122;157m██[38;2;218;122;157m██[38;2;65;65;65m██[38;2;139;102;76m██[38;2;0;0;0m██[38;2;185;126;93m██[38;2;185;126;93m██[38;2;185;126;93m██[38;2;185;126;93m██[38;2;65;65;65m██[38;2;0;0;0m██[38;2;246;123;139m██[38;2;139;102;76m██[38;2;139;102;76m██[38;2;0;0;0m██    [38;2;0;0;0m██[38;2;185;126;93m██[38;2;185;126;93m██[38;2;185;126;93m██[38;2;65;65;65m██[38;2;218;122;157m██[38;2;249;172;162m██[38;2;0;0;0m██        
  [38;2;0;0;0m██[38;2;139;102;76m██[38;2;139;102;76m██[38;2;0;0;0m██[38;2;218;122;157m██[38;2;218;122;157m██[38;2;0;0;0m██  [38;2;0;0;0m██[38;2;246;123;139m██[38;2;185;126;93m██[38;2;185;126;93m██[38;2;65;65;65m██[38;2;246;123;139m██[38;2;246;123;139m██[38;2;139;102;76m██[38;2;65;65;65m██[38;2;0;0;0m██      [38;2;0;0;0m██[38;2;185;126;93m██[38;2;139;102;76m██[38;2;249;172;162m██[38;2;249;172;162m██[38;2;218;122;157m██[38;2;0;0;0m██        
    [38;2;0;0;0m██[38;2;0;0;0m██  [38;2;0;0;0m██[38;2;0;0;0m██  [38;2;0;0;0m██[38;2;218;122;157m██[38;2;65;65;65m██[38;2;65;65;65m██[38;2;139;102;76m██[38;2;139;102;76m██[38;2;139;102;76m██[38;2;65;65;65m██[38;2;65;65;65m██[38;2;218;122;157m██[38;2;218;122;157m██[38;2;0;0;0m██  [38;2;0;0;0m██[38;2;218;122;157m██[38;2;139;102;76m██[38;2;249;172;162m██[38;2;249;172;162m██[38;2;249;172;162m██[38;2;65;65;65m██[38;2;139;102;76m██[38;2;0;0;0m██[38;2;0;0;0m██    
                [38;2;0;0;0m██[38;2;139;102;76m██[38;2;218;122;157m██[38;2;218;122;157m██[38;2;0;0;0m██[38;2;65;65;65m██[38;2;65;65;65m██[38;2;65;65;65m██[38;2;218;122;157m██[38;2;249;172;162m██[38;2;218;122;157m██[38;2;218;122;157m██[38;2;0;0;0m██  [38;2;0;0;0m██[38;2;249;172;162m██[38;2;218;122;157m██[38;2;65;65;65m██[38;2;65;65;65m██[38;2;185;126;93m██[38;2;185;126;93m██[38;2;185;126;93m██[38;2;139;102;76m██[38;2;0;0;0m██  
                  [38;2;0;0;0m██[38;2;0;0;0m██[38;2;0;0;0m██  [38;2;0;0;0m██[38;2;185;126;93m██[38;2;65;65;65m██[38;2;249;172;162m██[38;2;249;172;162m██[38;2;249;172;162m██[38;2;218;122;157m██[38;2;0;0;0m██    [38;2;0;0;0m██[38;2;0;0;0m██[38;2;0;0;0m██[38;2;185;126;93m██[38;2;185;126;93m██[38;2;185;126;93m██[38;2;139;102;76m██[38;2;139;102;76m██[38;2;139;102;76m██[38;2;0;0;0m██
                        [38;2;0;0;0m██[38;2;98;90;82m██[38;2;98;90;82m██[38;2;98;90;82m██[38;2;65;65;65m██[38;2;249;172;162m██[38;2;249;172;162m██[38;2;0;0;0m██            [38;2;0;0;0m██[38;2;139;102;76m██[38;2;139;102;76m██[38;2;139;102;76m██[38;2;0;0;0m██[38;2;0;0;0m██  
                      [38;2;0;0;0m██[38;2;98;90;82m██[38;2;98;90;82m██[38;2;65;65;65m██[38;2;65;65;65m██[38;2;98;90;82m██[38;2;0;0;0m██[38;2;0;0;0m██                [38;2;0;0;0m██[38;2;0;0;0m██[38;2;0;0;0m██      
                      [38;2;0;0;0m██[38;2;98;90;82m██[38;2;65;65;65m██[38;2;249;172;162m██[38;2;249;172;162m██[38;2;0;0;0m██                                
                        [38;2;0;0;0m██[38;2;249;172;162m██[38;2;249;172;162m██[38;2;218;122;157m██[38;2;218;122;157m██[38;2;0;0;0m██                              
                          [38;2;0;0;0m██[38;2;65;65;65m██[38;2;218;122;157m██[38;2;249;172;162m██[38;2;0;0;0m██                              
                          [38;2;0;0;0m██[38;2;218;122;157m██[38;2;65;65;65m██[38;2;0;0;0m██                                
                            [38;2;0;0;0m██[38;2;0;0;0m██                                  
