              [38;2;0;0;0m██                            
            [38;2;0;0;0m██[38;2;189;154;66m██[38;2;0;0;0m██                          
            [38;2;0;0;0m██[38;2;247;229;41m██[38;2;0;0;0m██[38;2;0;0;0m██[38;2;0;0;0m██                      
        [38;2;0;0;0m██[38;2;65;65;65m██[38;2;189;154;66m██[38;2;247;229;41m██[38;2;65;65;65m██[38;2;247;229;41m██[38;2;0;0;0m██                      
        [38;2;0;0;0m██[38;2;247;229;41m██[38;2;189;154;66m██[38;2;247;229;41m██[38;2;247;229;41m██[38;2;247;229;41m██[38;2;0;0;0m██        [38;2;0;0;0m██            
          [38;2;0;0;0m██[38;2;247;229;41m██[38;2;247;229;41m██[38;2;247;229;41m██[38;2;247;229;41m██[38;2;0;0;0m██      [38;2;0;0;0m██[38;2;248;218;10m██[38;2;0;0;0m██          
          [38;2;0;0;0m██[38;2;189;154;66m██[38;2;65;65;65m██[38;2;65;65;65m██[38;2;65;65;65m██[38;2;0;0;0m██[38;2;0;0;0m██    [38;2;0;0;0m██[38;2;248;218;10m██[38;2;255;255;255m██[38;2;0;0;0m██        
            [38;2;0;0;0m██[38;2;248;218;10m██[38;2;248;218;10m██[38;2;233;174;11m██[38;2;248;218;10m██[38;2;198;122;9m██[38;2;0;0;0m██[38;2;0;0;0m██[38;2;248;218;10m██[38;2;248;218;10m██[38;2;255;255;255m██[38;2;255;255;255m██[38;2;0;0;0m██      
          [38;2;0;0;0m██[38;2;248;218;10m██[38;2;248;218;10m██[38;2;248;218;10m██[38;2;248;218;10m██[38;2;233;174;11m██[38;2;233;174;11m██[38;2;233;174;11m██[38;2;248;218;10m██[38;2;65;65;65m██[38;2;248;218;10m██[38;2;255;255;255m██[38;2;255;255;255m██[38;2;0;0;0m██      
        [38;2;0;0;0m██[38;2;248;218;10m██[38;2;248;218;10m██[38;2;248;218;10m██[38;2;197;189;189m██[38;2;255;255;255m██[38;2;248;218;10m██[38;2;233;174;11m██[38;2;248;218;10m██[38;2;233;174;11m██[38;2;248;218;10m██[38;2;65;65;65m██[38;2;255;255;255m██[38;2;197;189;189m██[38;2;0;0;0m██      
        [38;2;0;0;0m██[38;2;248;218;10m██[38;2;248;218;10m██[38;2;248;218;10m██[38;2;255;255;255m██[38;2;0;0;0m██[38;2;255;255;255m██[38;2;248;218;10m██[38;2;233;174;11m██[38;2;233;174;11m██[38;2;248;218;10m██[38;2;198;122;9m██[38;2;197;189;189m██[38;2;255;255;255m██[38;2;255;255;255m██[38;2;0;0;0m██    
      [38;2;0;0;0m██[38;2;248;218;10m██[38;2;248;218;10m██[38;2;248;218;10m██[38;2;248;218;10m██[38;2;255;255;255m██[38;2;255;255;255m██[38;2;255;255;255m██[38;2;248;218;10m██[38;2;233;174;11m██[38;2;248;218;10m██[38;2;65;65;65m██[38;2;65;65;65m██[38;2;65;65;65m██[38;2;255;255;255m██[38;2;255;255;255m██[38;2;0;0;0m██    
      [38;2;0;0;0m██[38;2;233;174;11m██[38;2;233;174;11m██[38;2;248;218;10m██[38;2;248;218;10m██[38;2;248;218;10m██[38;2;255;255;255m██[38;2;197;189;189m██[38;2;248;218;10m██[38;2;65;65;65m██[38;2;65;65;65m██[38;2;248;218;10m██[38;2;248;218;10m██[38;2;248;218;10m██[38;2;65;65;65m██[38;2;197;189;189m██[38;2;197;189;189m██[38;2;0;0;0m██  
    [38;2;0;0;0m██[38;2;198;122;9m██[38;2;255;254;148m██[38;2;255;254;148m██[38;2;255;251;125m██[38;2;248;218;10m██[38;2;248;218;10m██[38;2;248;218;10m██[38;2;248;218;10m██[38;2;65;65;65m██[38;2;248;218;10m██[38;2;248;218;10m██[38;2;255;255;255m██[38;2;255;255;255m██[38;2;65;65;65m██[38;2;132;132;115m██[38;2;132;132;115m██[38;2;132;132;115m██[38;2;0;0;0m██  
    [38;2;0;0;0m██[38;2;255;251;125m██[38;2;65;65;65m██[38;2;65;65;65m██[38;2;255;254;148m██[38;2;233;174;11m██[38;2;248;218;10m██[38;2;248;218;10m██[38;2;65;65;65m██[38;2;65;65;65m██[38;2;255;255;255m██[38;2;255;255;255m██[38;2;197;189;189m██[38;2;197;189;189m██[38;2;65;65;65m██[38;2;233;174;11m██[38;2;197;189;189m██[38;2;197;189;189m██[38;2;0;0;0m██  
      [38;2;0;0;0m██[38;2;65;65;65m██[38;2;65;65;65m██[38;2;255;251;125m██[38;2;233;174;11m██[38;2;248;218;10m██[38;2;65;65;65m██[38;2;247;229;41m██[38;2;247;229;41m██[38;2;65;65;65m██[38;2;197;189;189m██[38;2;255;255;255m██[38;2;255;255;255m██[38;2;255;255;255m██[38;2;0;0;0m██[38;2;233;174;11m██[38;2;233;174;11m██[38;2;233;174;11m██[38;2;0;0;0m██
    [38;2;0;0;0m██[38;2;0;0;0m██[38;2;65;65;65m██[38;2;65;65;65m██[38;2;65;65;65m██[38;2;255;254;148m██[38;2;233;174;11m██[38;2;248;218;10m██[38;2;65;65;65m██[38;2;65;65;65m██[38;2;247;229;41m██[38;2;65;65;65m██[38;2;255;255;255m██[38;2;65;65;65m██[38;2;0;0;0m██  [38;2;0;0;0m██[38;2;0;0;0m██[38;2;0;0;0m██  
  [38;2;0;0;0m██[38;2;189;154;66m██[38;2;0;0;0m██[38;2;198;122;9m██[38;2;65;65;65m██[38;2;65;65;65m██[38;2;255;254;148m██[38;2;198;122;9m██[38;2;248;218;10m██[38;2;248;218;10m██[38;2;248;218;10m██[38;2;65;65;65m██[38;2;247;229;41m██[38;2;65;65;65m██[38;2;233;174;11m██[38;2;0;0;0m██          
[38;2;0;0;0m██[38;2;189;154;66m██[38;2;0;0;0m██  [38;2;0;0;0m██[38;2;255;254;148m██[38;2;255;254;148m██[38;2;255;251;125m██[38;2;233;174;11m██[38;2;198;122;9m██[38;2;198;122;9m██[38;2;233;174;11m██[38;2;65;65;65m██[38;2;247;229;41m██[38;2;65;65;65m██[38;2;0;0;0m██            
[38;2;0;0;0m██[38;2;189;154;66m██[38;2;0;0;0m██    [38;2;0;0;0m██[38;2;0;0;0m██[38;2;0;0;0m██[38;2;233;174;11m██[38;2;233;174;11m██[38;2;233;174;11m██[38;2;65;65;65m██[38;2;65;65;65m██[38;2;247;229;41m██[38;2;65;65;65m██[38;2;0;0;0m██            
  [38;2;0;0;0m██[38;2;189;154;66m██[38;2;0;0;0m██        [38;2;0;0;0m██[38;2;0;0;0m██[38;2;65;65;65m██[38;2;189;154;66m██[38;2;189;154;66m██[38;2;65;65;65m██[38;2;247;229;41m██[38;2;247;229;41m██[38;2;0;0;0m██          
    [38;2;0;0;0m██[38;2;189;154;66m██[38;2;0;0;0m██          [38;2;0;0;0m██[38;2;189;154;66m██[38;2;0;0;0m██[38;2;189;154;66m██[38;2;65;65;65m██[38;2;0;0;0m██            
    [38;2;0;0;0m██[38;2;189;154;66m██[38;2;0;0;0m██          [38;2;0;0;0m██[38;2;0;0;0m██  [38;2;0;0;0m██[38;2;0;0;0m██              
      [38;2;0;0;0m██                                    
