            [38;2;0;0;0m██                      
          [38;2;0;0;0m██[38;2;251;247;122m██[38;2;0;0;0m██        [38;2;0;0;0m██          
          [38;2;0;0;0m██[38;2;251;247;122m██[38;2;251;247;122m██[38;2;0;0;0m██[38;2;0;0;0m██  [38;2;0;0;0m██[38;2;251;247;122m██[38;2;0;0;0m██        
          [38;2;0;0;0m██[38;2;251;247;122m██[38;2;65;65;65m██[38;2;251;247;122m██[38;2;251;247;122m██[38;2;0;0;0m██[38;2;251;247;122m██[38;2;251;247;122m██[38;2;0;0;0m██        
            [38;2;0;0;0m██[38;2;192;144;65m██[38;2;251;247;122m██[38;2;242;208;73m██[38;2;192;144;65m██[38;2;251;247;122m██[38;2;192;144;65m██[38;2;0;0;0m██        
          [38;2;0;0;0m██[38;2;65;65;65m██[38;2;251;247;122m██[38;2;192;144;65m██[38;2;192;144;65m██[38;2;251;247;122m██[38;2;65;65;65m██[38;2;0;0;0m██          
        [38;2;0;0;0m██[38;2;251;247;122m██[38;2;251;247;122m██[38;2;251;247;122m██[38;2;251;247;122m██[38;2;251;247;122m██[38;2;251;247;122m██[38;2;251;247;122m██[38;2;0;0;0m██          
      [38;2;0;0;0m██[38;2;251;247;122m██[38;2;0;0;0m██[38;2;251;247;122m██[38;2;251;247;122m██[38;2;251;247;122m██[38;2;251;247;122m██[38;2;251;247;122m██[38;2;251;247;122m██[38;2;242;208;73m██[38;2;0;0;0m██        
    [38;2;0;0;0m██[38;2;255;91;63m██[38;2;251;247;122m██[38;2;0;0;0m██[38;2;251;247;122m██[38;2;251;247;122m██[38;2;251;247;122m██[38;2;0;0;0m██[38;2;0;0;0m██[38;2;251;247;122m██[38;2;251;247;122m██[38;2;0;0;0m██        
  [38;2;0;0;0m██[38;2;0;0;0m██[38;2;255;91;63m██[38;2;242;208;73m██[38;2;251;247;122m██[38;2;251;247;122m██[38;2;251;247;122m██[38;2;0;0;0m██[38;2;251;247;122m██[38;2;251;247;122m██[38;2;251;247;122m██[38;2;255;91;63m██[38;2;255;91;63m██[38;2;0;0;0m██      
[38;2;0;0;0m██[38;2;255;85;58m██[38;2;199;54;29m██[38;2;65;65;65m██[38;2;242;208;73m██[38;2;65;65;65m██[38;2;251;247;122m██[38;2;251;247;122m██[38;2;251;247;122m██[38;2;251;247;122m██[38;2;65;65;65m██[38;2;255;91;63m██[38;2;242;208;73m██[38;2;255;91;63m██[38;2;0;0;0m██      
[38;2;0;0;0m██[38;2;255;85;58m██[38;2;255;85;58m██[38;2;65;65;65m██[38;2;192;144;65m██[38;2;242;208;73m██[38;2;65;65;65m██[38;2;65;65;65m██[38;2;65;65;65m██[38;2;65;65;65m██[38;2;242;208;73m██[38;2;255;91;63m██[38;2;255;91;63m██[38;2;65;65;65m██[38;2;242;208;73m██[38;2;0;0;0m██    
[38;2;0;0;0m██[38;2;199;54;29m██[38;2;65;65;65m██[38;2;251;247;122m██[38;2;65;65;65m██[38;2;65;65;65m██[38;2;242;208;73m██[38;2;242;208;73m██[38;2;242;208;73m██[38;2;242;208;73m██[38;2;242;208;73m██[38;2;65;65;65m██[38;2;65;65;65m██[38;2;242;208;73m██[38;2;65;65;65m██[38;2;65;65;65m██[38;2;0;0;0m██  
  [38;2;0;0;0m██[38;2;0;0;0m██[38;2;251;247;122m██[38;2;251;247;122m██[38;2;192;144;65m██[38;2;65;65;65m██[38;2;65;65;65m██[38;2;65;65;65m██[38;2;65;65;65m██[38;2;65;65;65m██[38;2;192;144;65m██[38;2;242;208;73m██[38;2;65;65;65m██[38;2;255;85;58m██[38;2;255;85;58m██[38;2;0;0;0m██  
      [38;2;0;0;0m██[38;2;251;247;122m██[38;2;251;247;122m██[38;2;65;65;65m██[38;2;65;65;65m██[38;2;65;65;65m██[38;2;242;208;73m██[38;2;242;208;73m██[38;2;242;208;73m██[38;2;65;65;65m██[38;2;255;85;58m██[38;2;255;85;58m██[38;2;255;85;58m██[38;2;199;54;29m██[38;2;0;0;0m██
    [38;2;0;0;0m██[38;2;242;208;73m██[38;2;65;65;65m██[38;2;192;144;65m██[38;2;251;247;122m██[38;2;251;247;122m██[38;2;251;247;122m██[38;2;242;208;73m██[38;2;242;208;73m██[38;2;242;208;73m██[38;2;65;65;65m██[38;2;255;85;58m██[38;2;255;85;58m██[38;2;199;54;29m██[38;2;199;54;29m██[38;2;0;0;0m██
      [38;2;0;0;0m██[38;2;0;0;0m██[38;2;0;0;0m██[38;2;0;0;0m██[38;2;0;0;0m██[38;2;242;208;73m██[38;2;242;208;73m██[38;2;192;144;65m██[38;2;65;65;65m██[38;2;192;144;65m██[38;2;65;65;65m██[38;2;199;54;29m██[38;2;199;54;29m██[38;2;0;0;0m██  
                [38;2;0;0;0m██[38;2;0;0;0m██[38;2;251;247;122m██[38;2;251;247;122m██[38;2;242;208;73m██[38;2;0;0;0m██[38;2;0;0;0m██[38;2;0;0;0m██    
                    [38;2;0;0;0m██[38;2;0;0;0m██[38;2;0;0;0m██          
