    [38;2;0;0;0m██[38;2;0;0;0m██                                                
  [38;2;0;0;0m██[38;2;190;161;86m██[38;2;190;161;86m██[38;2;0;0;0m██      [38;2;0;0;0m██                                      
[38;2;0;0;0m██[38;2;190;161;86m██[38;2;155;121;57m██[38;2;190;161;86m██[38;2;190;161;86m██[38;2;0;0;0m██  [38;2;0;0;0m██[38;2;210;252;150m██[38;2;0;0;0m██    [38;2;0;0;0m██[38;2;0;0;0m██    [38;2;0;0;0m██                      
[38;2;0;0;0m██[38;2;155;121;57m██[38;2;190;161;86m██[38;2;190;161;86m██[38;2;65;65;65m██[38;2;0;0;0m██  [38;2;0;0;0m██[38;2;173;199;112m██[38;2;210;252;150m██[38;2;0;0;0m██[38;2;0;0;0m██[38;2;210;252;150m██[38;2;65;65;65m██[38;2;0;0;0m██[38;2;0;0;0m██[38;2;210;252;150m██[38;2;0;0;0m██    [38;2;0;0;0m██[38;2;0;0;0m██[38;2;0;0;0m██[38;2;0;0;0m██        
  [38;2;0;0;0m██[38;2;0;0;0m██[38;2;0;0;0m██[38;2;155;121;57m██[38;2;155;121;57m██[38;2;0;0;0m██[38;2;0;0;0m██[38;2;145;148;69m██[38;2;210;252;150m██[38;2;210;252;150m██[38;2;65;65;65m██[38;2;210;252;150m██[38;2;173;199;112m██[38;2;210;252;150m██[38;2;65;65;65m██[38;2;145;148;69m██[38;2;0;0;0m██  [38;2;0;0;0m██[38;2;190;161;86m██[38;2;155;121;57m██[38;2;190;161;86m██[38;2;155;121;57m██[38;2;0;0;0m██      
      [38;2;0;0;0m██[38;2;155;121;57m██[38;2;155;121;57m██[38;2;65;65;65m██[38;2;210;252;150m██[38;2;145;148;69m██[38;2;210;252;150m██[38;2;210;252;150m██[38;2;173;199;112m██[38;2;210;252;150m██[38;2;173;199;112m██[38;2;65;65;65m██[38;2;210;252;150m██[38;2;145;148;69m██[38;2;210;252;150m██[38;2;0;0;0m██[38;2;0;0;0m██[38;2;190;161;86m██[38;2;155;121;57m██[38;2;190;161;86m██[38;2;65;65;65m██[38;2;0;0;0m██      
        [38;2;0;0;0m██[38;2;173;199;112m██[38;2;173;199;112m██[38;2;65;65;65m██[38;2;210;252;150m██[38;2;210;252;150m██[38;2;210;252;150m██[38;2;210;252;150m██[38;2;210;252;150m██[38;2;210;252;150m██[38;2;65;65;65m██[38;2;210;252;150m██[38;2;145;148;69m██[38;2;210;252;150m██[38;2;0;0;0m██  [38;2;0;0;0m██[38;2;65;65;65m██[38;2;65;65;65m██[38;2;0;0;0m██        
          [38;2;0;0;0m██[38;2;0;0;0m██[38;2;210;252;150m██[38;2;173;199;112m██[38;2;210;252;150m██[38;2;210;252;150m██[38;2;210;252;150m██[38;2;210;252;150m██[38;2;210;252;150m██[38;2;210;252;150m██[38;2;210;252;150m██[38;2;173;199;112m██[38;2;173;199;112m██[38;2;173;199;112m██[38;2;0;0;0m██[38;2;0;0;0m██[38;2;155;121;57m██[38;2;155;121;57m██[38;2;0;0;0m██        
            [38;2;0;0;0m██[38;2;173;199;112m██[38;2;65;65;65m██[38;2;210;252;150m██[38;2;210;252;150m██[38;2;173;199;112m██[38;2;210;252;150m██[38;2;210;252;150m██[38;2;65;65;65m██[38;2;145;148;69m██[38;2;173;199;112m██[38;2;173;199;112m██[38;2;173;199;112m██[38;2;173;199;112m██[38;2;173;199;112m██[38;2;155;121;57m██[38;2;190;161;86m██[38;2;0;0;0m██        
            [38;2;0;0;0m██[38;2;255;255;255m██[38;2;230;74;41m██[38;2;173;199;112m██[38;2;210;252;150m██[38;2;173;199;112m██[38;2;145;148;69m██[38;2;0;0;0m██[38;2;255;255;255m██[38;2;145;148;69m██[38;2;173;199;112m██[38;2;173;199;112m██[38;2;65;65;65m██[38;2;65;65;65m██[38;2;0;0;0m██[38;2;173;199;112m██[38;2;173;199;112m██[38;2;0;0;0m██        
            [38;2;0;0;0m██[38;2;173;199;112m██[38;2;65;65;65m██[38;2;65;65;65m██[38;2;65;65;65m██[38;2;145;148;69m██[38;2;255;255;255m██[38;2;230;74;41m██[38;2;255;255;255m██[38;2;145;148;69m██[38;2;173;199;112m██[38;2;173;199;112m██[38;2;173;199;112m██[38;2;0;0;0m██  [38;2;0;0;0m██[38;2;0;0;0m██  [38;2;0;0;0m██[38;2;0;0;0m██    
              [38;2;0;0;0m██[38;2;247;173;156m██[38;2;247;173;156m██[38;2;206;132;107m██[38;2;65;65;65m██[38;2;145;148;69m██[38;2;145;148;69m██[38;2;173;199;112m██[38;2;173;199;112m██[38;2;173;199;112m██[38;2;173;199;112m██[38;2;65;65;65m██[38;2;0;0;0m██      [38;2;0;0;0m██[38;2;145;148;69m██[38;2;145;148;69m██[38;2;0;0;0m██  
              [38;2;0;0;0m██[38;2;206;132;107m██[38;2;247;173;156m██[38;2;247;173;156m██[38;2;65;65;65m██[38;2;173;199;112m██[38;2;173;199;112m██[38;2;173;199;112m██[38;2;173;199;112m██[38;2;173;199;112m██[38;2;145;148;69m██[38;2;65;65;65m██[38;2;173;199;112m██[38;2;0;0;0m██[38;2;0;0;0m██    [38;2;0;0;0m██[38;2;145;148;69m██[38;2;145;148;69m██[38;2;0;0;0m██
                [38;2;65;65;65m██[38;2;65;65;65m██[38;2;65;65;65m██[38;2;173;199;112m██[38;2;173;199;112m██[38;2;173;199;112m██[38;2;173;199;112m██[38;2;173;199;112m██[38;2;210;252;150m██[38;2;210;252;150m██[38;2;65;65;65m██[38;2;173;199;112m██[38;2;173;199;112m██[38;2;173;199;112m██[38;2;0;0;0m██[38;2;0;0;0m██[38;2;0;0;0m██[38;2;65;65;65m██[38;2;145;148;69m██[38;2;0;0;0m██
              [38;2;0;0;0m██[38;2;155;121;57m██[38;2;0;0;0m██[38;2;173;199;112m██[38;2;0;0;0m██[38;2;173;199;112m██[38;2;0;0;0m██[38;2;0;0;0m██[38;2;145;148;69m██[38;2;210;252;150m██[38;2;210;252;150m██[38;2;173;199;112m██[38;2;65;65;65m██[38;2;0;0;0m██[38;2;0;0;0m██[38;2;173;199;112m██[38;2;173;199;112m██[38;2;173;199;112m██[38;2;145;148;69m██[38;2;0;0;0m██  
            [38;2;0;0;0m██[38;2;155;121;57m██[38;2;155;121;57m██[38;2;155;121;57m██[38;2;0;0;0m██  [38;2;0;0;0m██    [38;2;0;0;0m██[38;2;145;148;69m██[38;2;173;199;112m██[38;2;145;148;69m██[38;2;0;0;0m██    [38;2;0;0;0m██[38;2;0;0;0m██[38;2;0;0;0m██[38;2;0;0;0m██    
            [38;2;0;0;0m██[38;2;155;121;57m██[38;2;0;0;0m██[38;2;0;0;0m██            [38;2;0;0;0m██[38;2;155;121;57m██[38;2;0;0;0m██                  
              [38;2;0;0;0m██              [38;2;0;0;0m██[38;2;155;121;57m██[38;2;190;161;86m██[38;2;155;121;57m██[38;2;0;0;0m██                
                              [38;2;0;0;0m██[38;2;190;161;86m██[38;2;0;0;0m██[38;2;190;161;86m██[38;2;0;0;0m██                
                                [38;2;0;0;0m██  [38;2;0;0;0m██                  
