                [38;2;0;0;0m██[38;2;0;0;0m██[38;2;0;0;0m██[38;2;0;0;0m██[38;2;0;0;0m██                  
            [38;2;0;0;0m██[38;2;0;0;0m██[38;2;194;128;108m██[38;2;0;0;0m██[38;2;255;238;49m██[38;2;0;0;0m██[38;2;194;128;108m██[38;2;0;0;0m██[38;2;0;0;0m██              
            [38;2;0;0;0m██[38;2;240;174;154m██[38;2;65;65;65m██[38;2;205;189;49m██[38;2;255;238;49m██[38;2;205;189;49m██[38;2;65;65;65m██[38;2;240;174;154m██[38;2;0;0;0m██              
          [38;2;0;0;0m██[38;2;65;65;65m██[38;2;65;65;65m██[38;2;240;174;154m██[38;2;65;65;65m██[38;2;205;189;49m██[38;2;65;65;65m██[38;2;240;174;154m██[38;2;65;65;65m██[38;2;0;0;0m██              
        [38;2;0;0;0m██[38;2;240;174;154m██[38;2;240;174;154m██[38;2;240;174;154m██[38;2;194;128;108m██[38;2;240;174;154m██[38;2;194;128;108m██[38;2;240;174;154m██[38;2;194;128;108m██[38;2;240;174;154m██[38;2;240;174;154m██[38;2;0;0;0m██            
      [38;2;0;0;0m██[38;2;237;90;118m██[38;2;65;65;65m██[38;2;240;174;154m██[38;2;240;174;154m██[38;2;240;174;154m██[38;2;240;174;154m██[38;2;240;174;154m██[38;2;240;174;154m██[38;2;240;174;154m██[38;2;240;174;154m██[38;2;240;174;154m██[38;2;240;174;154m██[38;2;0;0;0m██          
      [38;2;0;0;0m██[38;2;65;65;65m██[38;2;222;189;246m██[38;2;237;90;118m██[38;2;237;90;118m██[38;2;240;174;154m██[38;2;240;174;154m██[38;2;240;174;154m██[38;2;237;90;118m██[38;2;240;174;154m██[38;2;240;174;154m██[38;2;237;90;118m██[38;2;65;65;65m██[38;2;237;90;118m██[38;2;0;0;0m██        
    [38;2;0;0;0m██[38;2;237;90;118m██[38;2;65;65;65m██[38;2;184;29;65m██[38;2;184;29;65m██[38;2;237;90;118m██[38;2;237;90;118m██[38;2;240;174;154m██[38;2;237;90;118m██[38;2;237;90;118m██[38;2;184;29;65m██[38;2;65;65;65m██[38;2;237;90;118m██[38;2;222;189;246m██[38;2;65;65;65m██[38;2;0;0;0m██        
    [38;2;0;0;0m██[38;2;237;90;118m██[38;2;65;65;65m██[38;2;237;90;118m██[38;2;237;90;118m██[38;2;237;90;118m██[38;2;237;90;118m██[38;2;65;65;65m██[38;2;237;90;118m██[38;2;237;90;118m██[38;2;237;90;118m██[38;2;222;189;246m██[38;2;65;65;65m██[38;2;184;29;65m██[38;2;65;65;65m██[38;2;237;90;118m██[38;2;0;0;0m██      
    [38;2;0;0;0m██[38;2;65;65;65m██[38;2;222;189;246m██[38;2;237;90;118m██[38;2;237;90;118m██[38;2;237;90;118m██[38;2;237;90;118m██[38;2;65;65;65m██[38;2;237;90;118m██[38;2;237;90;118m██[38;2;65;65;65m██[38;2;65;65;65m██[38;2;237;90;118m██[38;2;237;90;118m██[38;2;65;65;65m██[38;2;237;90;118m██[38;2;0;0;0m██      
    [38;2;0;0;0m██[38;2;65;65;65m██[38;2;184;29;65m██[38;2;184;29;65m██[38;2;237;90;118m██[38;2;237;90;118m██[38;2;0;0;0m██[38;2;65;65;65m██[38;2;237;90;118m██[38;2;237;90;118m██[38;2;237;90;118m██[38;2;65;65;65m██[38;2;237;90;118m██[38;2;237;90;118m██[38;2;222;189;246m██[38;2;65;65;65m██[38;2;237;90;118m██[38;2;0;0;0m██[38;2;0;0;0m██  
    [38;2;0;0;0m██[38;2;237;90;118m██[38;2;65;65;65m██[38;2;65;65;65m██[38;2;237;90;118m██[38;2;237;90;118m██[38;2;0;0;0m██[38;2;255;238;49m██[38;2;237;90;118m██[38;2;237;90;118m██[38;2;237;90;118m██[38;2;184;29;65m██[38;2;65;65;65m██[38;2;237;90;118m██[38;2;184;29;65m██[38;2;65;65;65m██[38;2;184;29;65m██[38;2;184;29;65m██[38;2;184;29;65m██[38;2;0;0;0m██
  [38;2;0;0;0m██[38;2;237;90;118m██[38;2;237;90;118m██[38;2;184;29;65m██[38;2;240;174;154m██[38;2;65;65;65m██[38;2;65;65;65m██[38;2;255;238;49m██[38;2;255;238;49m██[38;2;237;90;118m██[38;2;237;90;118m██[38;2;237;90;118m██[38;2;237;90;118m██[38;2;222;189;246m██[38;2;65;65;65m██[38;2;237;90;118m██[38;2;237;90;118m██[38;2;65;65;65m██[38;2;184;29;65m██[38;2;184;29;65m██[38;2;0;0;0m██
  [38;2;0;0;0m██[38;2;237;90;118m██[38;2;237;90;118m██[38;2;237;90;118m██[38;2;65;65;65m██[38;2;240;174;154m██[38;2;240;174;154m██[38;2;240;174;154m██[38;2;240;174;154m██[38;2;65;65;65m██[38;2;237;90;118m██[38;2;237;90;118m██[38;2;184;29;65m██[38;2;65;65;65m██[38;2;65;65;65m██[38;2;237;90;118m██[38;2;237;90;118m██[38;2;65;65;65m██[38;2;65;65;65m██[38;2;0;0;0m██  
[38;2;0;0;0m██[38;2;237;90;118m██[38;2;237;90;118m██[38;2;237;90;118m██[38;2;65;65;65m██[38;2;184;29;65m██[38;2;65;65;65m██[38;2;65;65;65m██[38;2;255;255;255m██[38;2;65;65;65m██[38;2;65;65;65m██[38;2;237;90;118m██[38;2;237;90;118m██[38;2;237;90;118m██[38;2;237;90;118m██[38;2;65;65;65m██[38;2;237;90;118m██[38;2;237;90;118m██[38;2;237;90;118m██[38;2;0;0;0m██    
[38;2;0;0;0m██[38;2;65;65;65m██[38;2;237;90;118m██[38;2;237;90;118m██[38;2;0;0;0m██[38;2;184;29;65m██[38;2;65;65;65m██[38;2;240;174;154m██[38;2;194;128;108m██[38;2;194;128;108m██[38;2;240;174;154m██[38;2;65;65;65m██[38;2;237;90;118m██[38;2;237;90;118m██[38;2;237;90;118m██[38;2;237;90;118m██[38;2;65;65;65m██[38;2;184;29;65m██[38;2;222;189;246m██[38;2;0;0;0m██    
  [38;2;0;0;0m██[38;2;0;0;0m██[38;2;0;0;0m██  [38;2;0;0;0m██[38;2;240;174;154m██[38;2;240;174;154m██[38;2;240;174;154m██[38;2;240;174;154m██[38;2;240;174;154m██[38;2;65;65;65m██[38;2;237;90;118m██[38;2;237;90;118m██[38;2;237;90;118m██[38;2;237;90;118m██[38;2;65;65;65m██[38;2;0;0;0m██[38;2;0;0;0m██      
          [38;2;0;0;0m██[38;2;65;65;65m██[38;2;240;174;154m██[38;2;194;128;108m██[38;2;240;174;154m██[38;2;240;174;154m██[38;2;240;174;154m██[38;2;0;0;0m██[38;2;237;90;118m██[38;2;184;29;65m██[38;2;222;189;246m██[38;2;0;0;0m██          
            [38;2;0;0;0m██[38;2;0;0;0m██[38;2;0;0;0m██[38;2;240;174;154m██[38;2;240;174;154m██[38;2;0;0;0m██  [38;2;0;0;0m██[38;2;0;0;0m██[38;2;0;0;0m██            
                  [38;2;0;0;0m██[38;2;0;0;0m██                      
