            [38;2;0;0;0m██[38;2;0;0;0m██[38;2;0;0;0m██[38;2;0;0;0m██                    
          [38;2;0;0;0m██[38;2;129;100;151m██[38;2;65;65;65m██[38;2;129;100;151m██[38;2;65;65;65m██[38;2;0;0;0m██                  
          [38;2;0;0;0m██[38;2;129;100;151m██[38;2;65;65;65m██[38;2;129;100;151m██[38;2;65;65;65m██[38;2;129;100;151m██[38;2;0;0;0m██                
            [38;2;0;0;0m██[38;2;129;100;151m██[38;2;65;65;65m██[38;2;129;100;151m██[38;2;65;65;65m██[38;2;0;0;0m██                
          [38;2;0;0;0m██[38;2;0;0;0m██[38;2;129;100;151m██[38;2;65;65;65m██[38;2;129;100;151m██[38;2;65;65;65m██[38;2;129;100;151m██[38;2;0;0;0m██              
        [38;2;0;0;0m██[38;2;200;94;217m██[38;2;65;65;65m██[38;2;129;100;151m██[38;2;65;65;65m██[38;2;65;65;65m██[38;2;65;65;65m██[38;2;129;100;151m██[38;2;0;0;0m██              
      [38;2;0;0;0m██[38;2;221;138;243m██[38;2;238;178;255m██[38;2;65;65;65m██[38;2;65;65;65m██[38;2;238;178;255m██[38;2;238;178;255m██[38;2;200;94;217m██[38;2;65;65;65m██[38;2;0;0;0m██              
    [38;2;0;0;0m██[38;2;238;178;255m██[38;2;255;255;255m██[38;2;238;178;255m██[38;2;238;178;255m██[38;2;238;178;255m██[38;2;238;178;255m██[38;2;238;178;255m██[38;2;238;178;255m██[38;2;221;138;243m██[38;2;143;104;158m██[38;2;0;0;0m██            
  [38;2;0;0;0m██[38;2;143;104;158m██[38;2;238;178;255m██[38;2;0;0;0m██[38;2;238;178;255m██[38;2;238;178;255m██[38;2;238;178;255m██[38;2;255;255;255m██[38;2;238;178;255m██[38;2;238;178;255m██[38;2;221;138;243m██[38;2;200;94;217m██[38;2;0;0;0m██            
[38;2;0;0;0m██[38;2;255;237;96m██[38;2;255;237;96m██[38;2;238;178;255m██[38;2;245;204;52m██[38;2;238;178;255m██[38;2;238;178;255m██[38;2;238;178;255m██[38;2;0;0;0m██[38;2;238;178;255m██[38;2;238;178;255m██[38;2;200;94;217m██[38;2;255;237;96m██[38;2;255;237;96m██[38;2;0;0;0m██          
  [38;2;0;0;0m██[38;2;175;145;46m██[38;2;200;94;217m██[38;2;221;138;243m██[38;2;238;178;255m██[38;2;221;138;243m██[38;2;238;178;255m██[38;2;245;204;52m██[38;2;221;138;243m██[38;2;200;94;217m██[38;2;255;237;96m██[38;2;245;204;52m██[38;2;245;204;52m██[38;2;0;0;0m██          
    [38;2;0;0;0m██[38;2;143;104;158m██[38;2;238;223;243m██[38;2;238;223;243m██[38;2;238;178;255m██[38;2;238;178;255m██[38;2;221;138;243m██[38;2;200;94;217m██[38;2;200;94;217m██[38;2;255;237;96m██[38;2;245;204;52m██[38;2;255;237;96m██[38;2;255;237;96m██[38;2;0;0;0m██        
      [38;2;0;0;0m██[38;2;65;65;65m██[38;2;238;223;243m██[38;2;238;223;243m██[38;2;238;223;243m██[38;2;238;223;243m██[38;2;238;223;243m██[38;2;143;104;158m██[38;2;143;104;158m██[38;2;255;237;96m██[38;2;175;145;46m██[38;2;0;0;0m██  [38;2;0;0;0m██[38;2;0;0;0m██[38;2;0;0;0m██  
    [38;2;0;0;0m██[38;2;200;94;217m██[38;2;200;94;217m██[38;2;143;104;158m██[38;2;200;94;217m██[38;2;238;223;243m██[38;2;143;104;158m██[38;2;143;104;158m██[38;2;200;94;217m██[38;2;143;104;158m██[38;2;143;104;158m██[38;2;0;0;0m██  [38;2;0;0;0m██[38;2;129;100;151m██[38;2;129;100;151m██[38;2;129;100;151m██[38;2;0;0;0m██
  [38;2;0;0;0m██[38;2;221;138;243m██[38;2;221;138;243m██[38;2;65;65;65m██[38;2;143;104;158m██[38;2;238;223;243m██[38;2;238;223;243m██[38;2;238;223;243m██[38;2;200;94;217m██[38;2;200;94;217m██[38;2;200;94;217m██[38;2;221;138;243m██[38;2;200;94;217m██[38;2;0;0;0m██[38;2;65;65;65m██[38;2;129;100;151m██[38;2;65;65;65m██[38;2;65;65;65m██[38;2;0;0;0m██
    [38;2;0;0;0m██[38;2;0;0;0m██[38;2;0;0;0m██[38;2;200;94;217m██[38;2;255;182;24m██[38;2;255;237;96m██[38;2;255;182;24m██[38;2;200;94;217m██[38;2;200;94;217m██[38;2;143;104;158m██[38;2;221;138;243m██[38;2;221;138;243m██[38;2;200;94;217m██[38;2;65;65;65m██[38;2;65;65;65m██[38;2;129;100;151m██[38;2;129;100;151m██[38;2;0;0;0m██
        [38;2;0;0;0m██[38;2;200;94;217m██[38;2;255;237;96m██[38;2;255;237;96m██[38;2;255;237;96m██[38;2;255;182;24m██[38;2;200;94;217m██[38;2;200;94;217m██[38;2;143;104;158m██[38;2;221;138;243m██[38;2;238;178;255m██[38;2;238;178;255m██[38;2;65;65;65m██[38;2;129;100;151m██[38;2;0;0;0m██  
          [38;2;0;0;0m██[38;2;143;104;158m██[38;2;255;237;96m██[38;2;255;182;24m██[38;2;255;182;24m██[38;2;143;104;158m██[38;2;221;138;243m██[38;2;200;94;217m██[38;2;143;104;158m██[38;2;65;65;65m██[38;2;65;65;65m██[38;2;129;100;151m██[38;2;65;65;65m██[38;2;0;0;0m██  
          [38;2;0;0;0m██[38;2;200;94;217m██[38;2;143;104;158m██[38;2;0;0;0m██[38;2;0;0;0m██[38;2;200;94;217m██[38;2;221;138;243m██[38;2;200;94;217m██[38;2;65;65;65m██[38;2;129;100;151m██[38;2;129;100;151m██[38;2;0;0;0m██[38;2;0;0;0m██    
            [38;2;0;0;0m██[38;2;0;0;0m██  [38;2;0;0;0m██[38;2;200;94;217m██[38;2;200;94;217m██[38;2;0;0;0m██  [38;2;0;0;0m██[38;2;0;0;0m██        
                    [38;2;0;0;0m██[38;2;0;0;0m██                
