      [38;2;0;0;0m██                                            
    [38;2;0;0;0m██[38;2;135;187;19m██[38;2;0;0;0m██                                          
    [38;2;0;0;0m██[38;2;135;187;19m██[38;2;0;0;0m██                                          
    [38;2;0;0;0m██[38;2;135;187;19m██[38;2;0;0;0m██                  [38;2;0;0;0m██                      
  [38;2;0;0;0m██[38;2;135;187;19m██[38;2;135;187;19m██[38;2;245;255;108m██[38;2;0;0;0m██              [38;2;0;0;0m██[38;2;185;255;171m██[38;2;0;0;0m██                [38;2;0;0;0m██[38;2;0;0;0m██
  [38;2;0;0;0m██[38;2;135;187;19m██[38;2;245;255;108m██[38;2;245;255;108m██[38;2;0;0;0m██              [38;2;0;0;0m██[38;2;185;255;171m██[38;2;0;0;0m██              [38;2;0;0;0m██[38;2;135;187;19m██[38;2;0;0;0m██
[38;2;0;0;0m██[38;2;245;255;108m██[38;2;135;187;19m██[38;2;245;255;108m██[38;2;229;115;177m██[38;2;0;0;0m██            [38;2;0;0;0m██[38;2;185;255;171m██[38;2;108;208;103m██[38;2;0;0;0m██            [38;2;0;0;0m██[38;2;135;187;19m██[38;2;135;187;19m██[38;2;0;0;0m██
[38;2;0;0;0m██[38;2;135;187;19m██[38;2;135;187;19m██[38;2;245;255;108m██[38;2;167;53;115m██[38;2;167;53;115m██[38;2;0;0;0m██          [38;2;0;0;0m██[38;2;185;255;171m██[38;2;0;0;0m██            [38;2;0;0;0m██[38;2;135;187;19m██[38;2;135;187;19m██[38;2;0;0;0m██  
[38;2;0;0;0m██[38;2;245;255;108m██[38;2;135;187;19m██[38;2;245;255;108m██[38;2;167;53;115m██[38;2;167;53;115m██[38;2;0;0;0m██        [38;2;0;0;0m██[38;2;185;255;171m██[38;2;108;208;103m██[38;2;0;0;0m██          [38;2;0;0;0m██[38;2;245;255;108m██[38;2;135;187;19m██[38;2;135;187;19m██[38;2;0;0;0m██  
[38;2;0;0;0m██[38;2;135;187;19m██[38;2;135;187;19m██[38;2;245;255;108m██[38;2;245;255;108m██[38;2;167;53;115m██[38;2;0;0;0m██        [38;2;0;0;0m██[38;2;185;255;171m██[38;2;0;0;0m██          [38;2;0;0;0m██[38;2;229;115;177m██[38;2;245;255;108m██[38;2;245;255;108m██[38;2;135;187;19m██[38;2;245;255;108m██[38;2;0;0;0m██
  [38;2;0;0;0m██[38;2;245;255;108m██[38;2;135;187;19m██[38;2;245;255;108m██[38;2;245;255;108m██[38;2;245;255;108m██[38;2;0;0;0m██    [38;2;0;0;0m██[38;2;185;255;171m██[38;2;185;255;171m██[38;2;0;0;0m██        [38;2;0;0;0m██[38;2;167;53;115m██[38;2;167;53;115m██[38;2;245;255;108m██[38;2;245;255;108m██[38;2;135;187;19m██[38;2;135;187;19m██[38;2;0;0;0m██
  [38;2;0;0;0m██[38;2;135;187;19m██[38;2;245;255;108m██[38;2;135;187;19m██[38;2;135;187;19m██[38;2;135;187;19m██[38;2;0;0;0m██  [38;2;0;0;0m██[38;2;185;255;171m██[38;2;185;255;171m██[38;2;108;208;103m██[38;2;0;0;0m██      [38;2;0;0;0m██[38;2;167;53;115m██[38;2;167;53;115m██[38;2;167;53;115m██[38;2;245;255;108m██[38;2;245;255;108m██[38;2;135;187;19m██[38;2;245;255;108m██[38;2;0;0;0m██
    [38;2;0;0;0m██[38;2;245;255;108m██[38;2;135;187;19m██[38;2;245;255;108m██[38;2;135;187;19m██[38;2;135;187;19m██[38;2;0;0;0m██[38;2;185;255;171m██[38;2;185;255;171m██[38;2;185;255;171m██[38;2;108;208;103m██[38;2;108;208;103m██[38;2;0;0;0m██  [38;2;0;0;0m██[38;2;245;255;108m██[38;2;167;53;115m██[38;2;167;53;115m██[38;2;245;255;108m██[38;2;245;255;108m██[38;2;135;187;19m██[38;2;135;187;19m██[38;2;245;255;108m██[38;2;0;0;0m██
      [38;2;0;0;0m██[38;2;0;0;0m██[38;2;245;255;108m██[38;2;135;187;19m██[38;2;65;65;65m██[38;2;108;208;103m██[38;2;185;255;171m██[38;2;185;255;171m██[38;2;185;255;171m██[38;2;185;255;171m██[38;2;108;208;103m██[38;2;108;208;103m██[38;2;0;0;0m██[38;2;135;187;19m██[38;2;135;187;19m██[38;2;245;255;108m██[38;2;245;255;108m██[38;2;245;255;108m██[38;2;135;187;19m██[38;2;245;255;108m██[38;2;245;255;108m██[38;2;0;0;0m██  
          [38;2;0;0;0m██[38;2;0;0;0m██[38;2;108;208;103m██[38;2;185;255;171m██[38;2;185;255;171m██[38;2;185;255;171m██[38;2;185;255;171m██[38;2;185;255;171m██[38;2;185;255;171m██[38;2;65;65;65m██[38;2;135;187;19m██[38;2;135;187;19m██[38;2;135;187;19m██[38;2;135;187;19m██[38;2;135;187;19m██[38;2;135;187;19m██[38;2;135;187;19m██[38;2;245;255;108m██[38;2;0;0;0m██    
            [38;2;0;0;0m██[38;2;255;255;255m██[38;2;242;88;51m██[38;2;242;88;51m██[38;2;185;255;171m██[38;2;108;208;103m██[38;2;185;255;171m██[38;2;185;255;171m██[38;2;65;65;65m██[38;2;65;65;65m██[38;2;245;255;108m██[38;2;245;255;108m██[38;2;135;187;19m██[38;2;245;255;108m██[38;2;245;255;108m██[38;2;0;0;0m██[38;2;0;0;0m██      
          [38;2;0;0;0m██[38;2;65;65;65m██[38;2;0;0;0m██[38;2;255;121;89m██[38;2;255;121;89m██[38;2;242;88;51m██[38;2;255;255;255m██[38;2;0;0;0m██[38;2;185;255;171m██[38;2;108;208;103m██[38;2;108;208;103m██[38;2;65;65;65m██[38;2;65;65;65m██[38;2;65;65;65m██[38;2;65;65;65m██[38;2;0;0;0m██          
        [38;2;0;0;0m██[38;2;185;255;171m██[38;2;65;65;65m██[38;2;242;88;51m██[38;2;255;121;89m██[38;2;255;121;89m██[38;2;255;121;89m██[38;2;0;0;0m██[38;2;65;65;65m██[38;2;108;208;103m██[38;2;108;208;103m██[38;2;108;208;103m██[38;2;65;65;65m██[38;2;108;208;103m██[38;2;108;208;103m██[38;2;185;255;171m██[38;2;0;0;0m██          
      [38;2;0;0;0m██[38;2;185;255;171m██[38;2;185;255;171m██[38;2;185;255;171m██[38;2;0;0;0m██[38;2;255;121;89m██[38;2;255;121;89m██[38;2;255;121;89m██[38;2;242;88;51m██[38;2;108;208;103m██[38;2;108;208;103m██[38;2;108;208;103m██[38;2;65;65;65m██[38;2;65;65;65m██[38;2;65;65;65m██[38;2;185;255;171m██[38;2;185;255;171m██[38;2;185;255;171m██[38;2;0;0;0m██        
      [38;2;0;0;0m██[38;2;0;0;0m██[38;2;0;0;0m██[38;2;0;0;0m██  [38;2;0;0;0m██[38;2;0;0;0m██[38;2;242;88;51m██[38;2;108;208;103m██[38;2;108;208;103m██[38;2;0;0;0m██[38;2;0;0;0m██[38;2;185;255;171m██[38;2;108;208;103m██[38;2;108;208;103m██[38;2;65;65;65m██[38;2;0;0;0m██[38;2;0;0;0m██[38;2;0;0;0m██        
                    [38;2;0;0;0m██[38;2;0;0;0m██[38;2;0;0;0m██    [38;2;0;0;0m██[38;2;185;255;171m██[38;2;185;255;171m██[38;2;185;255;171m██[38;2;0;0;0m██            
                                [38;2;0;0;0m██[38;2;185;255;171m██[38;2;185;255;171m██[38;2;185;255;171m██[38;2;0;0;0m██          
                                  [38;2;0;0;0m██[38;2;0;0;0m██[38;2;0;0;0m██[38;2;0;0;0m██          
