                    [38;2;0;0;0m██[38;2;0;0;0m██[38;2;0;0;0m██[38;2;0;0;0m██[38;2;0;0;0m██                
                  [38;2;0;0;0m██[38;2;85;136;182m██[38;2;119;170;216m██[38;2;119;170;216m██[38;2;119;170;216m██[38;2;85;136;182m██[38;2;0;0;0m██              
            [38;2;0;0;0m██[38;2;0;0;0m██[38;2;0;0;0m██[38;2;119;170;216m██[38;2;119;170;216m██[38;2;119;170;216m██[38;2;119;170;216m██[38;2;85;136;182m██[38;2;0;0;0m██                
        [38;2;0;0;0m██[38;2;0;0;0m██[38;2;119;170;216m██[38;2;119;170;216m██[38;2;119;170;216m██[38;2;119;170;216m██[38;2;119;170;216m██[38;2;85;136;182m██[38;2;0;0;0m██[38;2;0;0;0m██                  
    [38;2;0;0;0m██[38;2;0;0;0m██[38;2;85;136;182m██[38;2;119;170;216m██[38;2;0;0;0m██[38;2;0;0;0m██[38;2;0;0;0m██[38;2;0;0;0m██[38;2;0;0;0m██[38;2;0;0;0m██                      
  [38;2;0;0;0m██[38;2;65;65;65m██[38;2;85;136;182m██[38;2;0;0;0m██[38;2;0;0;0m██                                  
[38;2;0;0;0m██[38;2;65;65;65m██[38;2;85;136;182m██[38;2;0;0;0m██                                      
[38;2;0;0;0m██[38;2;85;136;182m██[38;2;0;0;0m██    [38;2;0;0;0m██[38;2;0;0;0m██                                
[38;2;0;0;0m██[38;2;85;136;182m██[38;2;65;65;65m██[38;2;0;0;0m██[38;2;0;0;0m██[38;2;65;65;65m██[38;2;119;170;216m██[38;2;0;0;0m██[38;2;0;0;0m██  [38;2;0;0;0m██[38;2;0;0;0m██                      
  [38;2;0;0;0m██[38;2;85;136;182m██[38;2;85;136;182m██[38;2;65;65;65m██[38;2;119;170;216m██[38;2;85;136;182m██[38;2;165;225;255m██[38;2;165;225;255m██[38;2;0;0;0m██[38;2;85;136;182m██[38;2;165;225;255m██[38;2;0;0;0m██                    
    [38;2;0;0;0m██[38;2;0;0;0m██[38;2;0;0;0m██[38;2;165;225;255m██[38;2;165;225;255m██[38;2;165;225;255m██[38;2;165;225;255m██[38;2;165;225;255m██[38;2;165;225;255m██[38;2;119;170;216m██[38;2;0;0;0m██                    
        [38;2;0;0;0m██[38;2;119;170;216m██[38;2;165;225;255m██[38;2;165;225;255m██[38;2;165;225;255m██[38;2;85;136;182m██[38;2;165;225;255m██[38;2;165;225;255m██[38;2;0;0;0m██[38;2;0;0;0m██[38;2;0;0;0m██[38;2;0;0;0m██              
      [38;2;0;0;0m██[38;2;165;225;255m██[38;2;119;170;216m██[38;2;165;225;255m██[38;2;165;225;255m██[38;2;85;136;182m██[38;2;255;255;255m██[38;2;90;123;255m██[38;2;255;255;255m██[38;2;119;170;216m██[38;2;65;65;65m██[38;2;85;136;182m██[38;2;85;136;182m██[38;2;0;0;0m██[38;2;0;0;0m██[38;2;0;0;0m██        
      [38;2;0;0;0m██[38;2;165;225;255m██[38;2;165;225;255m██[38;2;165;225;255m██[38;2;165;225;255m██[38;2;85;136;182m██[38;2;0;0;0m██[38;2;0;0;0m██[38;2;255;255;255m██[38;2;119;170;216m██[38;2;0;0;0m██[38;2;0;0;0m██[38;2;0;0;0m██[38;2;85;136;182m██[38;2;119;170;216m██[38;2;119;170;216m██[38;2;0;0;0m██[38;2;0;0;0m██    
        [38;2;0;0;0m██[38;2;165;225;255m██[38;2;165;225;255m██[38;2;165;225;255m██[38;2;165;225;255m██[38;2;90;123;255m██[38;2;255;255;255m██[38;2;119;170;216m██[38;2;0;0;0m██      [38;2;0;0;0m██[38;2;0;0;0m██[38;2;0;0;0m██[38;2;119;170;216m██[38;2;65;65;65m██[38;2;0;0;0m██  
        [38;2;0;0;0m██[38;2;119;170;216m██[38;2;165;225;255m██[38;2;165;225;255m██[38;2;165;225;255m██[38;2;119;170;216m██[38;2;119;170;216m██[38;2;85;136;182m██[38;2;119;170;216m██[38;2;0;0;0m██[38;2;0;0;0m██[38;2;0;0;0m██      [38;2;0;0;0m██[38;2;119;170;216m██[38;2;0;0;0m██  
          [38;2;0;0;0m██[38;2;119;170;216m██[38;2;119;170;216m██[38;2;0;0;0m██[38;2;0;0;0m██[38;2;65;65;65m██[38;2;119;170;216m██[38;2;119;170;216m██[38;2;165;225;255m██[38;2;165;225;255m██[38;2;119;170;216m██[38;2;0;0;0m██      [38;2;0;0;0m██[38;2;119;170;216m██[38;2;0;0;0m██
            [38;2;0;0;0m██[38;2;0;0;0m██  [38;2;0;0;0m██[38;2;119;170;216m██[38;2;165;225;255m██[38;2;165;225;255m██[38;2;119;170;216m██[38;2;65;65;65m██[38;2;0;0;0m██        [38;2;0;0;0m██[38;2;119;170;216m██[38;2;0;0;0m██
                [38;2;0;0;0m██[38;2;119;170;216m██[38;2;65;65;65m██[38;2;165;225;255m██[38;2;85;136;182m██[38;2;165;225;255m██[38;2;165;225;255m██[38;2;0;0;0m██      [38;2;0;0;0m██[38;2;119;170;216m██[38;2;65;65;65m██[38;2;0;0;0m██
                [38;2;0;0;0m██[38;2;119;170;216m██[38;2;65;65;65m██[38;2;165;225;255m██[38;2;85;136;182m██[38;2;165;225;255m██[38;2;165;225;255m██[38;2;165;225;255m██[38;2;0;0;0m██[38;2;0;0;0m██[38;2;0;0;0m██[38;2;119;170;216m██[38;2;65;65;65m██[38;2;0;0;0m██  
                  [38;2;0;0;0m██[38;2;65;65;65m██[38;2;65;65;65m██[38;2;119;170;216m██[38;2;85;136;182m██[38;2;165;225;255m██[38;2;119;170;216m██[38;2;65;65;65m██[38;2;85;136;182m██[38;2;85;136;182m██[38;2;0;0;0m██[38;2;0;0;0m██    
                  [38;2;0;0;0m██[38;2;85;136;182m██[38;2;65;65;65m██[38;2;0;0;0m██[38;2;0;0;0m██[38;2;65;65;65m██[38;2;85;136;182m██[38;2;119;170;216m██[38;2;0;0;0m██[38;2;0;0;0m██        
                    [38;2;0;0;0m██[38;2;0;0;0m██    [38;2;0;0;0m██[38;2;119;170;216m██[38;2;119;170;216m██[38;2;0;0;0m██          
                            [38;2;0;0;0m██[38;2;85;136;182m██[38;2;165;225;255m██[38;2;0;0;0m██          
                              [38;2;0;0;0m██[38;2;0;0;0m██            
