        [38;2;0;0;0m██[38;2;0;0;0m██[38;2;0;0;0m██                            
        [38;2;0;0;0m██[38;2;199;199;199m██[38;2;111;111;111m██[38;2;0;0;0m██        [38;2;0;0;0m██[38;2;0;0;0m██              
          [38;2;0;0;0m██[38;2;199;199;199m██[38;2;0;0;0m██      [38;2;0;0;0m██[38;2;199;199;199m██[38;2;234;234;234m██[38;2;0;0;0m██            
          [38;2;0;0;0m██[38;2;156;156;156m██[38;2;111;111;111m██[38;2;0;0;0m██[38;2;0;0;0m██[38;2;0;0;0m██[38;2;234;234;234m██[38;2;234;234;234m██[38;2;0;0;0m██              
        [38;2;0;0;0m██[38;2;199;199;199m██[38;2;111;111;111m██[38;2;234;234;234m██[38;2;234;234;234m██[38;2;111;111;111m██[38;2;234;234;234m██[38;2;234;234;234m██[38;2;199;199;199m██[38;2;0;0;0m██      [38;2;0;0;0m██[38;2;0;0;0m██[38;2;0;0;0m██  
        [38;2;0;0;0m██[38;2;234;234;234m██[38;2;234;234;234m██[38;2;156;156;156m██[38;2;156;156;156m██[38;2;234;234;234m██[38;2;234;234;234m██[38;2;234;234;234m██[38;2;0;0;0m██      [38;2;0;0;0m██[38;2;73;123;1m██[38;2;132;204;1m██[38;2;73;123;1m██[38;2;0;0;0m██
      [38;2;0;0;0m██[38;2;234;234;234m██[38;2;234;234;234m██[38;2;156;156;156m██[38;2;234;234;234m██[38;2;234;234;234m██[38;2;234;234;234m██[38;2;234;234;234m██[38;2;199;199;199m██[38;2;0;0;0m██      [38;2;0;0;0m██[38;2;132;204;1m██[38;2;132;204;1m██[38;2;132;204;1m██[38;2;0;0;0m██
      [38;2;0;0;0m██[38;2;234;234;234m██[38;2;234;234;234m██[38;2;234;234;234m██[38;2;234;234;234m██[38;2;234;234;234m██[38;2;65;65;65m██[38;2;156;156;156m██[38;2;199;199;199m██[38;2;0;0;0m██      [38;2;0;0;0m██[38;2;132;204;1m██[38;2;100;165;1m██[38;2;132;204;1m██[38;2;0;0;0m██
        [38;2;0;0;0m██[38;2;234;234;234m██[38;2;199;199;199m██[38;2;234;234;234m██[38;2;0;0;0m██[38;2;234;234;234m██[38;2;156;156;156m██[38;2;199;199;199m██[38;2;73;123;1m██[38;2;0;0;0m██[38;2;0;0;0m██    [38;2;0;0;0m██[38;2;73;123;1m██[38;2;132;204;1m██[38;2;0;0;0m██
      [38;2;0;0;0m██[38;2;65;65;65m██[38;2;199;199;199m██[38;2;234;234;234m██[38;2;65;65;65m██[38;2;120;184;1m██[38;2;199;199;199m██[38;2;199;199;199m██[38;2;73;123;1m██[38;2;132;204;1m██[38;2;132;204;1m██[38;2;100;165;1m██[38;2;0;0;0m██  [38;2;0;0;0m██[38;2;132;204;1m██[38;2;0;0;0m██  
    [38;2;0;0;0m██[38;2;65;65;65m██[38;2;199;199;199m██[38;2;234;234;234m██[38;2;234;234;234m██[38;2;199;199;199m██[38;2;199;199;199m██[38;2;65;65;65m██[38;2;73;123;1m██[38;2;132;204;1m██[38;2;132;204;1m██[38;2;132;204;1m██[38;2;132;204;1m██[38;2;0;0;0m██  [38;2;0;0;0m██[38;2;132;204;1m██[38;2;0;0;0m██  
  [38;2;0;0;0m██[38;2;156;156;156m██[38;2;111;111;111m██[38;2;65;65;65m██[38;2;199;199;199m██[38;2;199;199;199m██[38;2;65;65;65m██[38;2;156;156;156m██[38;2;199;199;199m██[38;2;73;123;1m██[38;2;132;204;1m██[38;2;100;165;1m██[38;2;73;123;1m██[38;2;0;0;0m██  [38;2;0;0;0m██[38;2;100;165;1m██[38;2;100;165;1m██[38;2;0;0;0m██  
[38;2;0;0;0m██[38;2;156;156;156m██[38;2;111;111;111m██[38;2;156;156;156m██[38;2;0;0;0m██[38;2;100;165;1m██[38;2;100;165;1m██[38;2;73;123;1m██[38;2;199;199;199m██[38;2;73;123;1m██[38;2;132;204;1m██[38;2;100;165;1m██[38;2;73;123;1m██[38;2;199;199;199m██[38;2;0;0;0m██[38;2;0;0;0m██[38;2;100;165;1m██[38;2;100;165;1m██[38;2;0;0;0m██    
[38;2;0;0;0m██[38;2;156;156;156m██[38;2;156;156;156m██[38;2;0;0;0m██  [38;2;0;0;0m██[38;2;100;165;1m██[38;2;73;123;1m██[38;2;199;199;199m██[38;2;73;123;1m██[38;2;132;204;1m██[38;2;0;0;0m██[38;2;0;0;0m██[38;2;234;234;234m██[38;2;234;234;234m██[38;2;234;234;234m██[38;2;65;65;65m██[38;2;100;165;1m██[38;2;0;0;0m██    
  [38;2;0;0;0m██[38;2;0;0;0m██  [38;2;0;0;0m██[38;2;156;156;156m██[38;2;65;65;65m██[38;2;199;199;199m██[38;2;156;156;156m██[38;2;199;199;199m██[38;2;100;165;1m██[38;2;0;0;0m██  [38;2;0;0;0m██[38;2;234;234;234m██[38;2;199;199;199m██[38;2;234;234;234m██[38;2;0;0;0m██      
      [38;2;0;0;0m██[38;2;199;199;199m██[38;2;65;65;65m██[38;2;132;204;1m██[38;2;132;204;1m██[38;2;199;199;199m██[38;2;65;65;65m██[38;2;234;234;234m██[38;2;234;234;234m██[38;2;0;0;0m██[38;2;234;234;234m██[38;2;199;199;199m██[38;2;234;234;234m██[38;2;111;111;111m██[38;2;0;0;0m██      
      [38;2;0;0;0m██[38;2;156;156;156m██[38;2;65;65;65m██[38;2;132;204;1m██[38;2;132;204;1m██[38;2;65;65;65m██[38;2;234;234;234m██[38;2;199;199;199m██[38;2;199;199;199m██[38;2;65;65;65m██[38;2;111;111;111m██[38;2;234;234;234m██[38;2;111;111;111m██[38;2;0;0;0m██        
        [38;2;0;0;0m██[38;2;111;111;111m██[38;2;65;65;65m██[38;2;100;165;1m██[38;2;65;65;65m██[38;2;199;199;199m██[38;2;234;234;234m██[38;2;234;234;234m██[38;2;234;234;234m██[38;2;0;0;0m██[38;2;0;0;0m██[38;2;0;0;0m██          
          [38;2;0;0;0m██[38;2;156;156;156m██[38;2;0;0;0m██[38;2;0;0;0m██[38;2;65;65;65m██[38;2;234;234;234m██[38;2;199;199;199m██[38;2;199;199;199m██[38;2;0;0;0m██              
        [38;2;0;0;0m██[38;2;111;111;111m██[38;2;156;156;156m██[38;2;0;0;0m██  [38;2;0;0;0m██[38;2;65;65;65m██[38;2;199;199;199m██[38;2;0;0;0m██                
        [38;2;0;0;0m██[38;2;156;156;156m██[38;2;156;156;156m██[38;2;0;0;0m██    [38;2;0;0;0m██[38;2;199;199;199m██[38;2;156;156;156m██[38;2;0;0;0m██              
      [38;2;0;0;0m██[38;2;199;199;199m██[38;2;156;156;156m██[38;2;65;65;65m██[38;2;0;0;0m██    [38;2;0;0;0m██[38;2;199;199;199m██[38;2;199;199;199m██[38;2;0;0;0m██              
        [38;2;0;0;0m██[38;2;0;0;0m██[38;2;0;0;0m██      [38;2;0;0;0m██[38;2;199;199;199m██[38;2;199;199;199m██[38;2;0;0;0m██              
                  [38;2;0;0;0m██[38;2;199;199;199m██[38;2;156;156;156m██[38;2;156;156;156m██[38;2;234;234;234m██[38;2;0;0;0m██            
                  [38;2;0;0;0m██[38;2;0;0;0m██[38;2;234;234;234m██[38;2;156;156;156m██[38;2;0;0;0m██[38;2;0;0;0m██            
                      [38;2;0;0;0m██[38;2;0;0;0m██                
