                [38;2;0;0;0m██                                              
              [38;2;0;0;0m██[38;2;192;189;196m██[38;2;0;0;0m██                                            
            [38;2;0;0;0m██[38;2;192;189;196m██[38;2;192;189;196m██[38;2;0;0;0m██          [38;2;0;0;0m██[38;2;0;0;0m██                              
            [38;2;0;0;0m██[38;2;192;189;196m██[38;2;192;189;196m██[38;2;0;0;0m██[38;2;0;0;0m██      [38;2;0;0;0m██[38;2;235;235;240m██[38;2;235;235;240m██[38;2;0;0;0m██                            
            [38;2;0;0;0m██[38;2;192;189;196m██[38;2;123;131;123m██[38;2;123;131;123m██[38;2;235;235;240m██[38;2;0;0;0m██[38;2;0;0;0m██[38;2;0;0;0m██[38;2;235;235;240m██[38;2;235;235;240m██[38;2;192;189;196m██[38;2;0;0;0m██                    [38;2;0;0;0m██[38;2;0;0;0m██[38;2;0;0;0m██  
            [38;2;0;0;0m██[38;2;192;189;196m██[38;2;235;235;240m██[38;2;235;235;240m██[38;2;235;235;240m██[38;2;235;235;240m██[38;2;235;235;240m██[38;2;123;131;123m██[38;2;235;235;240m██[38;2;192;189;196m██[38;2;192;189;196m██[38;2;0;0;0m██                [38;2;0;0;0m██[38;2;0;0;0m██[38;2;148;240;118m██[38;2;148;240;118m██[38;2;90;184;56m██[38;2;0;0;0m██
          [38;2;0;0;0m██[38;2;235;235;240m██[38;2;235;235;240m██[38;2;235;235;240m██[38;2;235;235;240m██[38;2;235;235;240m██[38;2;235;235;240m██[38;2;123;131;123m██[38;2;235;235;240m██[38;2;192;189;196m██[38;2;192;189;196m██[38;2;0;0;0m██                [38;2;0;0;0m██[38;2;148;240;118m██[38;2;148;240;118m██[38;2;148;240;118m██[38;2;148;240;118m██[38;2;148;240;118m██[38;2;0;0;0m██
        [38;2;0;0;0m██[38;2;235;235;240m██[38;2;235;235;240m██[38;2;235;235;240m██[38;2;235;235;240m██[38;2;235;235;240m██[38;2;235;235;240m██[38;2;235;235;240m██[38;2;235;235;240m██[38;2;235;235;240m██[38;2;192;189;196m██[38;2;192;189;196m██[38;2;0;0;0m██              [38;2;0;0;0m██[38;2;148;240;118m██[38;2;148;240;118m██[38;2;148;240;118m██[38;2;148;240;118m██[38;2;90;184;56m██[38;2;0;0;0m██  
        [38;2;0;0;0m██[38;2;235;235;240m██[38;2;235;235;240m██[38;2;235;235;240m██[38;2;235;235;240m██[38;2;235;235;240m██[38;2;235;235;240m██[38;2;235;235;240m██[38;2;235;235;240m██[38;2;235;235;240m██[38;2;235;235;240m██[38;2;192;189;196m██[38;2;0;0;0m██            [38;2;0;0;0m██[38;2;90;184;56m██[38;2;148;240;118m██[38;2;148;240;118m██[38;2;0;0;0m██[38;2;0;0;0m██[38;2;0;0;0m██    
      [38;2;0;0;0m██[38;2;235;235;240m██[38;2;235;235;240m██[38;2;235;235;240m██[38;2;235;235;240m██[38;2;235;235;240m██[38;2;235;235;240m██[38;2;235;235;240m██[38;2;235;235;240m██[38;2;235;235;240m██[38;2;235;235;240m██[38;2;235;235;240m██[38;2;192;189;196m██[38;2;192;189;196m██[38;2;0;0;0m██          [38;2;0;0;0m██[38;2;90;184;56m██[38;2;90;184;56m██[38;2;0;0;0m██          
      [38;2;0;0;0m██[38;2;235;235;240m██[38;2;235;235;240m██[38;2;235;235;240m██[38;2;235;235;240m██[38;2;235;235;240m██[38;2;235;235;240m██[38;2;235;235;240m██[38;2;235;235;240m██[38;2;235;235;240m██[38;2;235;235;240m██[38;2;192;189;196m██[38;2;192;189;196m██[38;2;192;189;196m██[38;2;0;0;0m██        [38;2;0;0;0m██[38;2;90;184;56m██[38;2;90;184;56m██[38;2;0;0;0m██            
      [38;2;0;0;0m██[38;2;235;235;240m██[38;2;192;189;196m██[38;2;235;235;240m██[38;2;192;189;196m██[38;2;235;235;240m██[38;2;235;235;240m██[38;2;235;235;240m██[38;2;235;235;240m██[38;2;82;90;82m██[38;2;192;189;196m██[38;2;192;189;196m██[38;2;192;189;196m██[38;2;192;189;196m██[38;2;0;0;0m██        [38;2;0;0;0m██[38;2;90;184;56m██[38;2;0;0;0m██              
        [38;2;0;0;0m██[38;2;192;189;196m██[38;2;235;235;240m██[38;2;192;189;196m██[38;2;235;235;240m██[38;2;235;235;240m██[38;2;65;65;65m██[38;2;82;90;82m██[38;2;255;255;255m██[38;2;192;189;196m██[38;2;192;189;196m██[38;2;192;189;196m██[38;2;192;189;196m██[38;2;0;0;0m██        [38;2;0;0;0m██[38;2;90;184;56m██[38;2;65;65;65m██[38;2;0;0;0m██            
          [38;2;0;0;0m██[38;2;235;235;240m██[38;2;235;235;240m██[38;2;150;145;150m██[38;2;82;90;82m██[38;2;0;0;0m██[38;2;255;255;255m██[38;2;255;255;255m██[38;2;192;189;196m██[38;2;192;189;196m██[38;2;192;189;196m██[38;2;0;0;0m██            [38;2;0;0;0m██[38;2;90;184;56m██[38;2;0;0;0m██            
        [38;2;0;0;0m██[38;2;150;145;150m██[38;2;235;235;240m██[38;2;235;235;240m██[38;2;235;235;240m██[38;2;0;0;0m██[38;2;90;184;56m██[38;2;255;255;255m██[38;2;192;189;196m██[38;2;192;189;196m██[38;2;192;189;196m██[38;2;65;65;65m██[38;2;150;145;150m██[38;2;0;0;0m██          [38;2;0;0;0m██[38;2;90;184;56m██[38;2;90;184;56m██[38;2;0;0;0m██          
        [38;2;0;0;0m██[38;2;235;235;240m██[38;2;235;235;240m██[38;2;235;235;240m██[38;2;192;189;196m██[38;2;192;189;196m██[38;2;192;189;196m██[38;2;192;189;196m██[38;2;192;189;196m██[38;2;0;0;0m██[38;2;0;0;0m██[38;2;150;145;150m██[38;2;150;145;150m██[38;2;82;90;82m██[38;2;0;0;0m██          [38;2;0;0;0m██[38;2;148;240;118m██[38;2;148;240;118m██[38;2;0;0;0m██        
          [38;2;0;0;0m██[38;2;192;189;196m██[38;2;150;145;150m██[38;2;192;189;196m██[38;2;192;189;196m██[38;2;65;65;65m██[38;2;65;65;65m██[38;2;0;0;0m██    [38;2;0;0;0m██[38;2;150;145;150m██[38;2;150;145;150m██[38;2;0;0;0m██            [38;2;0;0;0m██[38;2;148;240;118m██[38;2;148;240;118m██[38;2;0;0;0m██      
            [38;2;0;0;0m██[38;2;65;65;65m██[38;2;65;65;65m██[38;2;65;65;65m██[38;2;192;189;196m██[38;2;150;145;150m██[38;2;192;189;196m██[38;2;0;0;0m██[38;2;0;0;0m██[38;2;150;145;150m██[38;2;150;145;150m██[38;2;82;90;82m██[38;2;0;0;0m██            [38;2;0;0;0m██[38;2;148;240;118m██[38;2;148;240;118m██[38;2;148;240;118m██[38;2;0;0;0m██    
              [38;2;0;0;0m██[38;2;192;189;196m██[38;2;150;145;150m██[38;2;192;189;196m██[38;2;192;189;196m██[38;2;235;235;240m██[38;2;235;235;240m██[38;2;82;90;82m██[38;2;65;65;65m██[38;2;150;145;150m██[38;2;0;0;0m██                [38;2;0;0;0m██[38;2;148;240;118m██[38;2;148;240;118m██[38;2;0;0;0m██    
            [38;2;0;4;0m██[38;2;150;145;150m██[38;2;192;189;196m██[38;2;150;145;150m██[38;2;235;235;240m██[38;2;235;235;240m██[38;2;235;235;240m██[38;2;82;90;82m██[38;2;192;189;196m██[38;2;150;145;150m██[38;2;0;0;0m██                  [38;2;0;0;0m██[38;2;148;240;118m██[38;2;148;240;118m██[38;2;148;240;118m██[38;2;0;0;0m██  
            [38;2;0;0;0m██[38;2;192;189;196m██[38;2;65;65;65m██[38;2;150;145;150m██[38;2;150;145;150m██[38;2;235;235;240m██[38;2;235;235;240m██[38;2;150;145;150m██[38;2;82;90;82m██[38;2;192;189;196m██[38;2;192;189;196m██[38;2;0;0;0m██                [38;2;0;0;0m██[38;2;90;184;56m██[38;2;148;240;118m██[38;2;90;184;56m██[38;2;0;0;0m██  
          [38;2;0;0;0m██[38;2;192;189;196m██[38;2;192;189;196m██[38;2;65;65;65m██[38;2;235;235;240m██[38;2;235;235;240m██[38;2;150;145;150m██[38;2;150;145;150m██[38;2;192;189;196m██[38;2;0;0;0m██[38;2;0;0;0m██[38;2;192;189;196m██[38;2;192;189;196m██[38;2;0;0;0m██            [38;2;0;0;0m██[38;2;90;184;56m██[38;2;148;240;118m██[38;2;90;184;56m██[38;2;148;240;118m██[38;2;0;0;0m██  
      [38;2;0;0;0m██[38;2;0;0;0m██[38;2;192;189;196m██[38;2;192;189;196m██[38;2;65;65;65m██[38;2;192;189;196m██[38;2;235;235;240m██[38;2;235;235;240m██[38;2;235;235;240m██[38;2;235;235;240m██[38;2;0;0;0m██    [38;2;0;0;0m██[38;2;192;189;196m██[38;2;235;235;240m██[38;2;0;0;0m██      [38;2;0;0;0m██[38;2;0;0;0m██[38;2;90;184;56m██[38;2;90;184;56m██[38;2;90;184;56m██[38;2;148;240;118m██[38;2;0;0;0m██    
    [38;2;0;0;0m██[38;2;150;145;150m██[38;2;192;189;196m██[38;2;65;65;65m██[38;2;65;65;65m██[38;2;192;189;196m██[38;2;90;184;56m██[38;2;90;184;56m██[38;2;90;184;56m██[38;2;235;235;240m██[38;2;235;235;240m██[38;2;0;0;0m██      [38;2;0;0;0m██[38;2;235;235;240m██[38;2;65;65;65m██[38;2;0;0;0m██[38;2;0;0;0m██[38;2;0;0;0m██[38;2;90;184;56m██[38;2;90;184;56m██[38;2;90;184;56m██[38;2;90;184;56m██[38;2;90;184;56m██[38;2;90;184;56m██[38;2;0;0;0m██    
  [38;2;0;0;0m██[38;2;192;189;196m██[38;2;192;189;196m██[38;2;65;65;65m██[38;2;235;235;240m██[38;2;235;235;240m██[38;2;65;65;65m██[38;2;148;240;118m██[38;2;148;240;118m██[38;2;148;240;118m██[38;2;90;184;56m██[38;2;235;235;240m██[38;2;235;235;240m██[38;2;0;0;0m██[38;2;0;0;0m██  [38;2;0;0;0m██[38;2;235;235;240m██[38;2;235;235;240m██[38;2;65;65;65m██[38;2;90;184;56m██[38;2;90;184;56m██[38;2;90;184;56m██[38;2;90;184;56m██[38;2;90;184;56m██[38;2;90;184;56m██[38;2;90;184;56m██[38;2;0;0;0m██      
[38;2;0;0;0m██[38;2;192;189;196m██[38;2;192;189;196m██[38;2;65;65;65m██[38;2;235;235;240m██[38;2;235;235;240m██[38;2;65;65;65m██[38;2;148;240;118m██[38;2;148;240;118m██[38;2;148;240;118m██[38;2;148;240;118m██[38;2;148;240;118m██[38;2;90;184;56m██[38;2;150;145;150m██[38;2;235;235;240m██[38;2;235;235;240m██[38;2;0;0;0m██[38;2;65;65;65m██[38;2;235;235;240m██[38;2;235;235;240m██[38;2;65;65;65m██[38;2;90;184;56m██[38;2;90;184;56m██[38;2;90;184;56m██[38;2;90;184;56m██[38;2;90;184;56m██[38;2;90;184;56m██[38;2;0;0;0m██        
[38;2;0;0;0m██[38;2;192;189;196m██[38;2;65;65;65m██[38;2;235;235;240m██[38;2;235;235;240m██[38;2;235;235;240m██[38;2;65;65;65m██[38;2;148;240;118m██[38;2;148;240;118m██[38;2;148;240;118m██[38;2;148;240;118m██[38;2;148;240;118m██[38;2;65;65;65m██[38;2;235;235;240m██[38;2;235;235;240m██[38;2;235;235;240m██[38;2;235;235;240m██[38;2;65;65;65m██[38;2;235;235;240m██[38;2;235;235;240m██[38;2;235;235;240m██[38;2;65;65;65m██[38;2;90;184;56m██[38;2;90;184;56m██[38;2;90;184;56m██[38;2;0;0;0m██[38;2;0;0;0m██          
  [38;2;0;0;0m██[38;2;65;65;65m██[38;2;235;235;240m██[38;2;235;235;240m██[38;2;235;235;240m██[38;2;65;65;65m██[38;2;148;240;118m██[38;2;148;240;118m██[38;2;148;240;118m██[38;2;148;240;118m██[38;2;65;65;65m██[38;2;192;189;196m██[38;2;235;235;240m██[38;2;235;235;240m██[38;2;235;235;240m██[38;2;235;235;240m██[38;2;235;235;240m██[38;2;65;65;65m██[38;2;235;235;240m██[38;2;235;235;240m██[38;2;65;65;65m██[38;2;90;184;56m██[38;2;0;0;0m██[38;2;0;0;0m██              
    [38;2;0;0;0m██[38;2;235;235;240m██[38;2;235;235;240m██[38;2;235;235;240m██[38;2;65;65;65m██[38;2;90;184;56m██[38;2;148;240;118m██[38;2;148;240;118m██[38;2;90;184;56m██[38;2;65;65;65m██[38;2;235;235;240m██[38;2;235;235;240m██[38;2;235;235;240m██[38;2;235;235;240m██[38;2;235;235;240m██[38;2;235;235;240m██[38;2;65;65;65m██[38;2;235;235;240m██[38;2;235;235;240m██[38;2;192;189;196m██[38;2;0;0;0m██                  
      [38;2;0;0;0m██[38;2;235;235;240m██[38;2;192;189;196m██[38;2;192;189;196m██[38;2;65;65;65m██[38;2;90;184;56m██[38;2;90;184;56m██[38;2;90;184;56m██[38;2;65;65;65m██[38;2;235;235;240m██[38;2;235;235;240m██[38;2;235;235;240m██[38;2;235;235;240m██[38;2;235;235;240m██[38;2;65;65;65m██[38;2;235;235;240m██[38;2;150;145;150m██[38;2;235;235;240m██[38;2;150;145;150m██[38;2;0;0;0m██                  
        [38;2;0;0;0m██[38;2;0;0;0m██[38;2;192;189;196m██[38;2;192;189;196m██[38;2;65;65;65m██[38;2;90;184;56m██[38;2;90;184;56m██[38;2;65;65;65m██[38;2;235;235;240m██[38;2;235;235;240m██[38;2;235;235;240m██[38;2;235;235;240m██[38;2;192;189;196m██[38;2;65;65;65m██[38;2;235;235;240m██[38;2;150;145;150m██[38;2;235;235;240m██[38;2;150;145;150m██[38;2;0;0;0m██                  
            [38;2;0;0;0m██[38;2;192;189;196m██[38;2;192;189;196m██[38;2;65;65;65m██[38;2;90;184;56m██[38;2;90;184;56m██[38;2;65;65;65m██[38;2;235;235;240m██[38;2;235;235;240m██[38;2;192;189;196m██[38;2;192;189;196m██[38;2;192;189;196m██[38;2;0;0;0m██[38;2;192;189;196m██[38;2;150;145;150m██[38;2;0;0;0m██                    
            [38;2;0;0;0m██[38;2;192;189;196m██[38;2;192;189;196m██[38;2;150;145;150m██[38;2;0;0;0m██[38;2;0;0;0m██[38;2;0;0;0m██[38;2;192;189;196m██[38;2;192;189;196m██[38;2;192;189;196m██[38;2;192;189;196m██[38;2;0;0;0m██  [38;2;0;0;0m██[38;2;0;0;0m██                      
        [38;2;0;0;0m██[38;2;0;0;0m██[38;2;65;65;65m██[38;2;192;189;196m██[38;2;150;145;150m██[38;2;192;189;196m██[38;2;0;4;0m██    [38;2;65;65;65m██[38;2;192;189;196m██[38;2;192;189;196m██[38;2;192;189;196m██[38;2;65;65;65m██[38;2;0;0;0m██                          
      [38;2;0;0;0m██[38;2;192;189;196m██[38;2;65;65;65m██[38;2;192;189;196m██[38;2;192;189;196m██[38;2;0;0;0m██[38;2;0;4;0m██        [38;2;0;0;0m██[38;2;0;0;0m██[38;2;192;189;196m██[38;2;192;189;196m██[38;2;65;65;65m██[38;2;0;0;0m██                        
      [38;2;0;0;0m██[38;2;65;65;65m██[38;2;192;189;196m██[38;2;192;189;196m██[38;2;0;0;0m██                [38;2;0;0;0m██[38;2;192;189;196m██[38;2;192;189;196m██[38;2;0;0;0m██                        
        [38;2;0;0;0m██[38;2;0;0;0m██[38;2;0;0;0m██                  [38;2;0;0;0m██[38;2;192;189;196m██[38;2;192;189;196m██[38;2;0;0;0m██                        
                            [38;2;0;0;0m██[38;2;0;0;0m██[38;2;235;235;240m██[38;2;235;235;240m██[38;2;192;189;196m██[38;2;0;0;0m██                        
                          [38;2;0;0;0m██[38;2;65;65;65m██[38;2;235;235;240m██[38;2;150;145;150m██[38;2;235;235;240m██[38;2;235;235;240m██[38;2;0;0;0m██                        
                          [38;2;0;0;0m██[38;2;235;235;240m██[38;2;235;235;240m██[38;2;150;145;150m██[38;2;235;235;240m██[38;2;0;0;0m██                          
                            [38;2;0;0;0m██[38;2;0;0;0m██[38;2;235;235;240m██[38;2;235;235;240m██[38;2;0;0;0m██                          
                                [38;2;0;0;0m██[38;2;0;0;0m██                            
