            [38;2;0;0;0m██[38;2;0;0;0m██            
          [38;2;0;0;0m██[38;2;255;255;255m██[38;2;255;255;255m██[38;2;0;0;0m██          
          [38;2;0;0;0m██[38;2;255;255;255m██[38;2;255;255;255m██[38;2;0;0;0m██          
            [38;2;0;0;0m██[38;2;65;65;65m██[38;2;49;173;110m██[38;2;0;0;0m██        
          [38;2;0;0;0m██[38;2;49;173;110m██[38;2;49;173;110m██[38;2;49;173;110m██[38;2;0;0;0m██        
      [38;2;0;0;0m██[38;2;0;0;0m██[38;2;65;65;65m██[38;2;49;173;110m██[38;2;49;173;110m██[38;2;25;137;95m██[38;2;25;137;95m██[38;2;0;0;0m██      
    [38;2;0;0;0m██[38;2;49;173;110m██[38;2;49;173;110m██[38;2;49;173;110m██[38;2;25;137;95m██[38;2;49;173;110m██[38;2;49;173;110m██[38;2;49;173;110m██[38;2;0;0;0m██      
    [38;2;0;0;0m██[38;2;49;173;110m██[38;2;49;173;110m██[38;2;49;173;110m██[38;2;49;173;110m██[38;2;49;173;110m██[38;2;49;173;110m██[38;2;25;137;95m██[38;2;0;0;0m██      
  [38;2;0;0;0m██[38;2;0;0;0m██[38;2;25;137;95m██[38;2;25;137;95m██[38;2;25;137;95m██[38;2;25;137;95m██[38;2;49;173;110m██[38;2;49;173;110m██[38;2;49;173;110m██[38;2;49;173;110m██[38;2;0;0;0m██    
[38;2;0;0;0m██[38;2;49;173;110m██[38;2;25;137;95m██[38;2;255;217;208m██[38;2;255;217;208m██[38;2;255;217;208m██[38;2;255;217;208m██[38;2;25;137;95m██[38;2;49;173;110m██[38;2;25;137;95m██[38;2;49;173;110m██[38;2;49;173;110m██[38;2;0;0;0m██  
[38;2;0;0;0m██[38;2;25;137;95m██[38;2;255;217;208m██[38;2;255;217;208m██[38;2;255;217;208m██[38;2;255;217;208m██[38;2;255;217;208m██[38;2;255;217;208m██[38;2;25;137;95m██[38;2;49;173;110m██[38;2;49;173;110m██[38;2;49;173;110m██[38;2;0;0;0m██  
[38;2;0;0;0m██[38;2;25;137;95m██[38;2;65;65;65m██[38;2;65;65;65m██[38;2;255;217;208m██[38;2;255;217;208m██[38;2;0;0;0m██[38;2;255;217;208m██[38;2;25;137;95m██[38;2;49;173;110m██[38;2;49;173;110m██[38;2;49;173;110m██[38;2;0;0;0m██  
  [38;2;0;0;0m██[38;2;226;99;197m██[38;2;210;51;174m██[38;2;65;65;65m██[38;2;255;217;208m██[38;2;0;0;0m██[38;2;255;217;208m██[38;2;25;137;95m██[38;2;25;137;95m██[38;2;49;173;110m██[38;2;0;0;0m██    
  [38;2;0;0;0m██[38;2;65;65;65m██[38;2;210;51;174m██[38;2;210;51;174m██[38;2;255;217;208m██[38;2;255;217;208m██[38;2;255;217;208m██[38;2;255;217;208m██[38;2;65;65;65m██[38;2;0;0;0m██      
[38;2;0;0;0m██[38;2;231;175;175m██[38;2;65;65;65m██[38;2;65;65;65m██[38;2;255;217;208m██[38;2;255;217;208m██[38;2;255;217;208m██[38;2;65;65;65m██[38;2;65;65;65m██[38;2;0;0;0m██        
[38;2;0;0;0m██[38;2;208;138;138m██[38;2;231;175;175m██[38;2;65;65;65m██[38;2;65;65;65m██[38;2;65;65;65m██[38;2;65;65;65m██[38;2;65;65;65m██[38;2;231;175;175m██[38;2;65;65;65m██[38;2;0;0;0m██[38;2;0;0;0m██[38;2;0;0;0m██  
  [38;2;0;0;0m██[38;2;65;65;65m██[38;2;65;65;65m██[38;2;210;51;174m██[38;2;210;51;174m██[38;2;255;217;208m██[38;2;255;217;208m██[38;2;65;65;65m██[38;2;231;175;175m██[38;2;65;65;65m██[38;2;255;217;208m██[38;2;231;175;175m██[38;2;0;0;0m██
    [38;2;0;0;0m██[38;2;255;217;208m██[38;2;210;51;174m██[38;2;210;51;174m██[38;2;255;217;208m██[38;2;255;217;208m██[38;2;231;175;175m██[38;2;0;0;0m██[38;2;0;0;0m██[38;2;231;175;175m██[38;2;255;217;208m██[38;2;0;0;0m██
      [38;2;0;0;0m██[38;2;255;217;208m██[38;2;231;175;175m██[38;2;255;217;208m██[38;2;231;175;175m██[38;2;65;65;65m██[38;2;0;0;0m██  [38;2;0;0;0m██[38;2;0;0;0m██  
        [38;2;0;0;0m██[38;2;0;0;0m██[38;2;49;173;110m██[38;2;49;173;110m██[38;2;0;0;0m██          
            [38;2;0;0;0m██[38;2;0;0;0m██            
