  [38;2;0;0;0m██[38;2;0;0;0m██[38;2;0;0;0m██                                    
[38;2;0;0;0m██[38;2;239;178;186m██[38;2;255;255;255m██[38;2;255;255;255m██[38;2;0;0;0m██                                  
[38;2;0;0;0m██[38;2;255;255;255m██[38;2;255;255;255m██[38;2;255;255;255m██[38;2;255;255;255m██[38;2;0;0;0m██              [38;2;0;0;0m██[38;2;0;0;0m██[38;2;0;0;0m██[38;2;0;0;0m██          
[38;2;0;0;0m██[38;2;255;255;255m██[38;2;182;121;129m██[38;2;239;178;186m██[38;2;255;255;255m██[38;2;0;0;0m██  [38;2;0;0;0m██        [38;2;0;0;0m██[38;2;239;178;186m██[38;2;255;255;255m██[38;2;255;255;255m██[38;2;255;255;255m██[38;2;0;0;0m██        
[38;2;0;0;0m██[38;2;255;255;255m██[38;2;153;177;1m██[38;2;153;177;1m██[38;2;239;178;186m██[38;2;239;178;186m██[38;2;0;0;0m██[38;2;239;178;186m██[38;2;0;0;0m██[38;2;0;0;0m██  [38;2;0;0;0m██[38;2;239;178;186m██[38;2;255;255;255m██[38;2;255;255;255m██[38;2;255;255;255m██[38;2;255;255;255m██[38;2;0;0;0m██        
[38;2;0;0;0m██[38;2;239;178;186m██[38;2;202;219;79m██[38;2;239;178;186m██[38;2;182;121;129m██[38;2;65;65;65m██[38;2;65;65;65m██[38;2;239;178;186m██[38;2;65;65;65m██[38;2;182;121;129m██[38;2;0;0;0m██[38;2;65;65;65m██[38;2;239;178;186m██[38;2;182;121;129m██[38;2;182;121;129m██[38;2;255;255;255m██[38;2;255;255;255m██[38;2;0;0;0m██        
[38;2;0;0;0m██[38;2;215;154;162m██[38;2;182;121;129m██[38;2;239;178;186m██[38;2;182;121;129m██[38;2;65;65;65m██[38;2;239;178;186m██[38;2;215;154;162m██[38;2;182;121;129m██[38;2;239;178;186m██[38;2;65;65;65m██[38;2;239;178;186m██[38;2;182;121;129m██[38;2;153;177;1m██[38;2;153;177;1m██[38;2;239;178;186m██[38;2;215;154;162m██[38;2;0;0;0m██        
  [38;2;0;0;0m██[38;2;215;154;162m██[38;2;182;121;129m██[38;2;239;178;186m██[38;2;239;178;186m██[38;2;182;121;129m██[38;2;215;154;162m██[38;2;239;178;186m██[38;2;239;178;186m██[38;2;239;178;186m██[38;2;182;121;129m██[38;2;239;178;186m██[38;2;182;121;129m██[38;2;202;219;79m██[38;2;239;178;186m██[38;2;0;0;0m██    [38;2;0;0;0m██    
  [38;2;0;0;0m██[38;2;65;65;65m██[38;2;239;178;186m██[38;2;255;255;255m██[38;2;239;178;186m██[38;2;239;178;186m██[38;2;239;178;186m██[38;2;239;178;186m██[38;2;239;178;186m██[38;2;239;178;186m██[38;2;215;154;162m██[38;2;239;178;186m██[38;2;182;121;129m██[38;2;239;178;186m██[38;2;239;178;186m██[38;2;0;0;0m██  [38;2;0;0;0m██[38;2;255;255;255m██[38;2;0;0;0m██  
    [38;2;0;0;0m██[38;2;239;178;186m██[38;2;0;0;0m██[38;2;239;178;186m██[38;2;239;178;186m██[38;2;239;178;186m██[38;2;239;178;186m██[38;2;255;255;255m██[38;2;239;178;186m██[38;2;239;178;186m██[38;2;182;121;129m██[38;2;239;178;186m██[38;2;215;154;162m██[38;2;0;0;0m██    [38;2;0;0;0m██[38;2;255;255;255m██[38;2;0;0;0m██  
    [38;2;0;0;0m██[38;2;239;178;186m██[38;2;65;65;65m██[38;2;239;178;186m██[38;2;239;178;186m██[38;2;239;178;186m██[38;2;239;178;186m██[38;2;0;0;0m██[38;2;239;178;186m██[38;2;239;178;186m██[38;2;215;154;162m██[38;2;65;65;65m██[38;2;0;0;0m██    [38;2;0;0;0m██[38;2;255;255;255m██[38;2;255;255;255m██[38;2;0;0;0m██  
      [38;2;0;0;0m██[38;2;239;178;186m██[38;2;239;178;186m██[38;2;182;121;129m██[38;2;239;178;186m██[38;2;239;178;186m██[38;2;65;65;65m██[38;2;239;178;186m██[38;2;215;154;162m██[38;2;182;121;129m██[38;2;0;0;0m██      [38;2;0;0;0m██[38;2;255;255;255m██[38;2;255;255;255m██[38;2;0;0;0m██  
        [38;2;0;0;0m██[38;2;65;65;65m██[38;2;239;178;186m██[38;2;239;178;186m██[38;2;215;154;162m██[38;2;215;154;162m██[38;2;182;121;129m██[38;2;65;65;65m██[38;2;0;0;0m██      [38;2;0;0;0m██[38;2;239;178;186m██[38;2;239;178;186m██[38;2;182;121;129m██[38;2;65;65;65m██[38;2;0;0;0m██
        [38;2;0;0;0m██[38;2;182;121;129m██[38;2;65;65;65m██[38;2;65;65;65m██[38;2;65;65;65m██[38;2;182;121;129m██[38;2;65;65;65m██[38;2;0;0;0m██    [38;2;0;0;0m██[38;2;0;0;0m██[38;2;215;154;162m██[38;2;239;178;186m██[38;2;182;121;129m██[38;2;239;178;186m██[38;2;239;178;186m██[38;2;0;0;0m██
          [38;2;0;0;0m██[38;2;215;154;162m██[38;2;215;154;162m██[38;2;239;178;186m██[38;2;65;65;65m██[38;2;239;178;186m██[38;2;182;121;129m██[38;2;0;0;0m██[38;2;0;0;0m██[38;2;215;154;162m██[38;2;239;178;186m██[38;2;239;178;186m██[38;2;239;178;186m██[38;2;239;178;186m██[38;2;182;121;129m██[38;2;0;0;0m██  
        [38;2;0;0;0m██[38;2;215;154;162m██[38;2;182;121;129m██[38;2;239;178;186m██[38;2;239;178;186m██[38;2;239;178;186m██[38;2;65;65;65m██[38;2;65;65;65m██[38;2;215;154;162m██[38;2;239;178;186m██[38;2;239;178;186m██[38;2;239;178;186m██[38;2;182;121;129m██[38;2;65;65;65m██[38;2;0;0;0m██[38;2;0;0;0m██    
          [38;2;0;0;0m██[38;2;0;0;0m██[38;2;0;0;0m██[38;2;215;154;162m██[38;2;215;154;162m██[38;2;182;121;129m██[38;2;182;121;129m██[38;2;0;0;0m██[38;2;0;0;0m██[38;2;215;154;162m██[38;2;239;178;186m██[38;2;239;178;186m██[38;2;0;0;0m██        
                [38;2;0;0;0m██[38;2;0;0;0m██[38;2;215;154;162m██[38;2;0;0;0m██    [38;2;0;0;0m██[38;2;0;0;0m██[38;2;0;0;0m██          
                    [38;2;0;0;0m██[38;2;0;0;0m██                    
