              [38;2;0;0;0m██[38;2;0;0;0m██                    
            [38;2;0;0;0m██[38;2;252;184;255m██[38;2;240;134;249m██[38;2;0;0;0m██                  
          [38;2;0;0;0m██[38;2;252;184;255m██[38;2;228;110;221m██[38;2;240;134;249m██[38;2;0;0;0m██                  
          [38;2;0;0;0m██[38;2;252;184;255m██[38;2;228;110;221m██[38;2;240;134;249m██[38;2;0;0;0m██                  
          [38;2;0;0;0m██[38;2;252;184;255m██[38;2;240;134;249m██[38;2;228;110;221m██[38;2;65;65;65m██[38;2;0;0;0m██                
        [38;2;0;0;0m██[38;2;228;110;221m██[38;2;228;110;221m██[38;2;240;134;249m██[38;2;228;110;221m██[38;2;65;65;65m██[38;2;240;134;249m██[38;2;0;0;0m██        [38;2;0;0;0m██[38;2;0;0;0m██  
      [38;2;0;0;0m██[38;2;252;184;255m██[38;2;252;184;255m██[38;2;228;110;221m██[38;2;240;134;249m██[38;2;228;110;221m██[38;2;233;165;245m██[38;2;252;184;255m██[38;2;233;165;245m██[38;2;0;0;0m██    [38;2;0;0;0m██[38;2;255;255;255m██[38;2;255;255;255m██[38;2;0;0;0m██
  [38;2;0;0;0m██[38;2;0;0;0m██[38;2;240;134;249m██[38;2;252;184;255m██[38;2;252;184;255m██[38;2;252;184;255m██[38;2;240;134;249m██[38;2;252;184;255m██[38;2;252;184;255m██[38;2;252;184;255m██[38;2;252;184;255m██[38;2;233;165;245m██[38;2;0;0;0m██[38;2;0;0;0m██[38;2;255;255;255m██[38;2;239;236;173m██[38;2;239;236;173m██[38;2;0;0;0m██
[38;2;0;0;0m██[38;2;247;132;49m██[38;2;65;65;65m██[38;2;252;184;255m██[38;2;255;255;255m██[38;2;252;184;255m██[38;2;252;184;255m██[38;2;252;184;255m██[38;2;252;184;255m██[38;2;252;184;255m██[38;2;252;184;255m██[38;2;240;134;249m██[38;2;65;65;65m██[38;2;65;65;65m██[38;2;255;255;255m██[38;2;239;236;173m██[38;2;214;204;123m██[38;2;214;204;123m██[38;2;0;0;0m██
  [38;2;0;0;0m██[38;2;206;90;25m██[38;2;252;184;255m██[38;2;0;0;0m██[38;2;252;184;255m██[38;2;252;184;255m██[38;2;252;184;255m██[38;2;255;255;255m██[38;2;252;184;255m██[38;2;240;134;249m██[38;2;247;132;49m██[38;2;206;90;25m██[38;2;65;65;65m██[38;2;239;236;173m██[38;2;214;204;123m██[38;2;239;236;173m██[38;2;239;236;173m██[38;2;0;0;0m██
[38;2;0;0;0m██[38;2;247;132;49m██[38;2;206;90;25m██[38;2;240;134;249m██[38;2;252;184;255m██[38;2;252;184;255m██[38;2;252;184;255m██[38;2;252;184;255m██[38;2;0;0;0m██[38;2;252;184;255m██[38;2;247;132;49m██[38;2;247;132;49m██[38;2;247;132;49m██[38;2;247;132;49m██[38;2;65;65;65m██[38;2;239;236;173m██[38;2;214;204;123m██[38;2;214;204;123m██[38;2;0;0;0m██
  [38;2;0;0;0m██[38;2;0;0;0m██[38;2;206;90;25m██[38;2;255;255;255m██[38;2;233;165;245m██[38;2;240;134;249m██[38;2;252;184;255m██[38;2;252;184;255m██[38;2;240;134;249m██[38;2;247;132;49m██[38;2;247;132;49m██[38;2;206;90;25m██[38;2;65;65;65m██[38;2;65;65;65m██[38;2;214;204;123m██[38;2;214;204;123m██[38;2;0;0;0m██  
      [38;2;0;0;0m██[38;2;0;0;0m██[38;2;255;255;255m██[38;2;255;255;255m██[38;2;255;255;255m██[38;2;239;236;173m██[38;2;228;110;221m██[38;2;65;65;65m██[38;2;206;90;25m██[38;2;247;132;49m██[38;2;65;65;65m██[38;2;240;134;249m██[38;2;0;0;0m██[38;2;0;0;0m██    
          [38;2;0;0;0m██[38;2;65;65;65m██[38;2;228;110;221m██[38;2;228;110;221m██[38;2;240;134;249m██[38;2;228;110;221m██[38;2;65;65;65m██[38;2;65;65;65m██[38;2;240;134;249m██[38;2;240;134;249m██[38;2;0;0;0m██      
          [38;2;0;0;0m██[38;2;228;110;221m██[38;2;239;236;173m██[38;2;239;236;173m██[38;2;228;110;221m██[38;2;240;134;249m██[38;2;228;110;221m██[38;2;228;110;221m██[38;2;65;65;65m██[38;2;240;134;249m██[38;2;0;0;0m██      
          [38;2;0;0;0m██[38;2;233;165;245m██[38;2;240;134;249m██[38;2;0;0;0m██[38;2;65;65;65m██[38;2;240;134;249m██[38;2;240;134;249m██[38;2;65;65;65m██[38;2;0;0;0m██[38;2;0;0;0m██        
            [38;2;0;0;0m██[38;2;0;0;0m██  [38;2;0;0;0m██[38;2;233;165;245m██[38;2;233;165;245m██[38;2;0;0;0m██            
                    [38;2;0;0;0m██[38;2;0;0;0m██              
