            [38;2;0;0;0m██[38;2;0;0;0m██      [38;2;0;0;0m██[38;2;0;0;0m██[38;2;0;0;0m██      
      [38;2;0;0;0m██  [38;2;0;0;0m██[38;2;143;170;25m██[38;2;0;0;0m██  [38;2;0;0;0m██[38;2;0;0;0m██[38;2;219;240;40m██[38;2;219;240;40m██[38;2;219;240;40m██[38;2;0;0;0m██    
    [38;2;0;0;0m██[38;2;178;203;30m██[38;2;0;0;0m██[38;2;143;170;25m██[38;2;143;170;25m██[38;2;65;65;65m██[38;2;0;0;0m██[38;2;219;240;40m██[38;2;178;203;30m██[38;2;178;203;30m██[38;2;0;0;0m██[38;2;0;0;0m██      
  [38;2;0;0;0m██[38;2;219;240;40m██[38;2;178;203;30m██[38;2;65;65;65m██[38;2;143;170;25m██[38;2;65;65;65m██[38;2;219;240;40m██[38;2;219;240;40m██[38;2;178;203;30m██[38;2;219;240;40m██[38;2;0;0;0m██          
  [38;2;0;0;0m██[38;2;219;240;40m██[38;2;178;203;30m██[38;2;219;240;40m██[38;2;65;65;65m██[38;2;178;203;30m██[38;2;219;240;40m██[38;2;178;203;30m██[38;2;219;240;40m██[38;2;219;240;40m██[38;2;65;65;65m██[38;2;0;0;0m██[38;2;0;0;0m██[38;2;0;0;0m██    
  [38;2;0;0;0m██[38;2;219;240;40m██[38;2;143;170;25m██[38;2;219;240;40m██[38;2;65;65;65m██[38;2;178;203;30m██[38;2;143;170;25m██[38;2;219;240;40m██[38;2;219;240;40m██[38;2;65;65;65m██[38;2;143;170;25m██[38;2;143;170;25m██[38;2;143;170;25m██[38;2;0;0;0m██    
    [38;2;0;0;0m██[38;2;178;203;30m██[38;2;143;170;25m██[38;2;65;65;65m██[38;2;143;170;25m██[38;2;178;203;30m██[38;2;178;203;30m██[38;2;65;65;65m██[38;2;65;65;65m██[38;2;65;65;65m██[38;2;65;65;65m██[38;2;65;65;65m██[38;2;0;0;0m██[38;2;0;0;0m██  
    [38;2;0;0;0m██[38;2;178;203;30m██[38;2;143;170;25m██[38;2;65;65;65m██[38;2;143;170;25m██[38;2;178;203;30m██[38;2;65;65;65m██[38;2;65;65;65m██[38;2;219;240;40m██[38;2;178;203;30m██[38;2;178;203;30m██[38;2;178;203;30m██[38;2;219;240;40m██[38;2;219;240;40m██[38;2;0;0;0m██
      [38;2;0;0;0m██[38;2;178;203;30m██[38;2;143;170;25m██[38;2;178;203;30m██[38;2;143;170;25m██[38;2;178;203;30m██[38;2;178;203;30m██[38;2;178;203;30m██[38;2;219;240;40m██[38;2;219;240;40m██[38;2;219;240;40m██[38;2;0;0;0m██[38;2;0;0;0m██  
    [38;2;0;0;0m██[38;2;87;182;35m██[38;2;87;182;35m██[38;2;87;182;35m██[38;2;87;182;35m██[38;2;178;203;30m██[38;2;65;65;65m██[38;2;65;65;65m██[38;2;0;0;0m██[38;2;0;0;0m██[38;2;0;0;0m██[38;2;0;0;0m██      
  [38;2;0;0;0m██[38;2;87;182;35m██[38;2;230;74;41m██[38;2;87;182;35m██[38;2;87;182;35m██[38;2;87;182;35m██[38;2;87;182;35m██[38;2;87;182;35m██[38;2;0;0;0m██              
[38;2;0;0;0m██[38;2;54;149;2m██[38;2;87;182;35m██[38;2;87;182;35m██[38;2;87;182;35m██[38;2;87;182;35m██[38;2;230;74;41m██[38;2;87;182;35m██[38;2;87;182;35m██[38;2;54;149;2m██[38;2;0;0;0m██            
[38;2;0;0;0m██[38;2;54;149;2m██[38;2;54;149;2m██[38;2;87;182;35m██[38;2;0;0;0m██[38;2;87;182;35m██[38;2;87;182;35m██[38;2;87;182;35m██[38;2;54;149;2m██[38;2;54;149;2m██[38;2;0;0;0m██            
[38;2;0;0;0m██[38;2;65;65;65m██[38;2;54;149;2m██[38;2;54;149;2m██[38;2;54;149;2m██[38;2;54;149;2m██[38;2;54;149;2m██[38;2;54;149;2m██[38;2;54;149;2m██[38;2;54;149;2m██[38;2;0;0;0m██            
  [38;2;0;0;0m██[38;2;54;149;2m██[38;2;54;149;2m██[38;2;54;149;2m██[38;2;54;149;2m██[38;2;54;149;2m██[38;2;54;149;2m██[38;2;54;149;2m██[38;2;65;65;65m██[38;2;0;0;0m██            
    [38;2;0;0;0m██[38;2;0;0;0m██[38;2;54;149;2m██[38;2;54;149;2m██[38;2;54;149;2m██[38;2;65;65;65m██[38;2;65;65;65m██[38;2;0;0;0m██              
  [38;2;0;0;0m██[38;2;54;149;2m██[38;2;54;149;2m██[38;2;0;0;0m██[38;2;0;0;0m██[38;2;65;65;65m██[38;2;65;65;65m██[38;2;0;0;0m██                
    [38;2;0;0;0m██[38;2;0;0;0m██    [38;2;0;0;0m██[38;2;54;149;2m██[38;2;54;149;2m██[38;2;0;0;0m██              
              [38;2;0;0;0m██[38;2;0;0;0m██                
