                                    [38;2;7;7;7m██                                                  
                                  [38;2;7;7;7m██[38;2;169;158;248m██[38;2;7;7;7m██                                                
                                  [38;2;7;7;7m██[38;2;169;158;248m██[38;2;7;7;7m██                                                
                                  [38;2;7;7;7m██[38;2;169;158;248m██[38;2;7;7;7m██                                                
                                [38;2;7;7;7m██[38;2;169;158;248m██[38;2;169;158;248m██[38;2;7;7;7m██                                                
                                [38;2;7;7;7m██[38;2;169;158;248m██[38;2;169;158;248m██[38;2;7;7;7m██                                                
        [38;2;7;7;7m██[38;2;7;7;7m██                    [38;2;7;7;7m██[38;2;169;158;248m██[38;2;135;115;183m██[38;2;7;7;7m██                                                
        [38;2;7;7;7m██[38;2;169;158;248m██[38;2;7;7;7m██                  [38;2;7;7;7m██[38;2;135;115;183m██[38;2;135;115;183m██[38;2;135;115;183m██[38;2;7;7;7m██                    [38;2;7;7;7m██[38;2;7;7;7m██                      
          [38;2;7;7;7m██[38;2;169;158;248m██[38;2;7;7;7m██[38;2;7;7;7m██            [38;2;7;7;7m██[38;2;172;168;173m██[38;2;172;168;173m██[38;2;172;168;173m██[38;2;172;168;173m██[38;2;7;7;7m██                  [38;2;7;7;7m██[38;2;169;158;248m██[38;2;7;7;7m██                      
          [38;2;7;7;7m██[38;2;108;96;206m██[38;2;169;158;248m██[38;2;118;54;181m██[38;2;7;7;7m██          [38;2;7;7;7m██[38;2;172;168;173m██[38;2;66;66;66m██[38;2;66;66;66m██[38;2;66;66;66m██[38;2;7;7;7m██              [38;2;7;7;7m██[38;2;7;7;7m██[38;2;169;158;248m██[38;2;7;7;7m██          [38;2;7;7;7m██[38;2;7;7;7m██[38;2;7;7;7m██        
            [38;2;7;7;7m██[38;2;169;158;248m██[38;2;135;115;183m██[38;2;135;115;183m██[38;2;7;7;7m██[38;2;7;7;7m██    [38;2;7;7;7m██[38;2;66;66;66m██[38;2;66;66;66m██[38;2;172;168;173m██[38;2;172;168;173m██[38;2;172;168;173m██[38;2;172;168;173m██[38;2;7;7;7m██[38;2;7;7;7m██[38;2;7;7;7m██      [38;2;7;7;7m██[38;2;118;54;181m██[38;2;169;158;248m██[38;2;169;158;248m██[38;2;7;7;7m██      [38;2;7;7;7m██[38;2;7;7;7m██[38;2;172;168;173m██[38;2;172;168;173m██[38;2;172;168;173m██[38;2;7;7;7m██[38;2;7;7;7m██    
              [38;2;7;7;7m██[38;2;135;115;183m██[38;2;172;168;173m██[38;2;172;168;173m██[38;2;172;168;173m██[38;2;7;7;7m██[38;2;7;7;7m██[38;2;172;168;173m██[38;2;172;168;173m██[38;2;172;168;173m██[38;2;172;168;173m██[38;2;172;168;173m██[38;2;172;168;173m██[38;2;172;168;173m██[38;2;172;168;173m██[38;2;172;168;173m██[38;2;172;168;173m██[38;2;7;7;7m██[38;2;7;7;7m██[38;2;7;7;7m██[38;2;135;115;183m██[38;2;135;115;183m██[38;2;169;158;248m██[38;2;7;7;7m██      [38;2;7;7;7m██[38;2;172;168;173m██[38;2;172;168;173m██[38;2;172;168;173m██[38;2;205;188;164m██[38;2;205;188;164m██[38;2;172;168;173m██[38;2;172;168;173m██[38;2;7;7;7m██  
              [38;2;7;7;7m██[38;2;118;54;181m██[38;2;172;168;173m██[38;2;172;168;173m██[38;2;66;66;66m██[38;2;138;130;132m██[38;2;172;168;173m██[38;2;172;168;173m██[38;2;172;168;173m██[38;2;172;168;173m██[38;2;172;168;173m██[38;2;172;168;173m██[38;2;172;168;173m██[38;2;172;168;173m██[38;2;172;168;173m██[38;2;172;168;173m██[38;2;172;168;173m██[38;2;66;66;66m██[38;2;138;130;132m██[38;2;172;168;173m██[38;2;172;168;173m██[38;2;135;115;183m██[38;2;7;7;7m██      [38;2;7;7;7m██[38;2;172;168;173m██[38;2;172;168;173m██[38;2;205;188;164m██[38;2;205;188;164m██[38;2;205;188;164m██[38;2;205;188;164m██[38;2;205;188;164m██[38;2;172;168;173m██[38;2;7;7;7m██  
                [38;2;7;7;7m██[38;2;172;168;173m██[38;2;66;66;66m██[38;2;172;168;173m██[38;2;172;168;173m██[38;2;172;168;173m██[38;2;172;168;173m██[38;2;172;168;173m██[38;2;172;168;173m██[38;2;172;168;173m██[38;2;172;168;173m██[38;2;172;168;173m██[38;2;172;168;173m██[38;2;172;168;173m██[38;2;66;66;66m██[38;2;66;66;66m██[38;2;172;168;173m██[38;2;172;168;173m██[38;2;172;168;173m██[38;2;172;168;173m██[38;2;172;168;173m██[38;2;7;7;7m██      [38;2;7;7;7m██[38;2;172;168;173m██[38;2;205;188;164m██[38;2;205;188;164m██[38;2;135;115;183m██[38;2;135;115;183m██[38;2;135;115;183m██[38;2;205;188;164m██[38;2;205;188;164m██[38;2;172;168;173m██[38;2;7;7;7m██
                  [38;2;7;7;7m██[38;2;172;168;173m██[38;2;172;168;173m██[38;2;135;115;183m██[38;2;172;168;173m██[38;2;172;168;173m██[38;2;172;168;173m██[38;2;172;168;173m██[38;2;172;168;173m██[38;2;172;168;173m██[38;2;172;168;173m██[38;2;172;168;173m██[38;2;66;66;66m██[38;2;138;130;132m██[38;2;172;168;173m██[38;2;172;168;173m██[38;2;172;168;173m██[38;2;172;168;173m██[38;2;172;168;173m██[38;2;7;7;7m██      [38;2;7;7;7m██[38;2;172;168;173m██[38;2;172;168;173m██[38;2;205;188;164m██[38;2;135;115;183m██[38;2;135;115;183m██[38;2;205;188;164m██[38;2;135;115;183m██[38;2;135;115;183m██[38;2;205;188;164m██[38;2;205;188;164m██[38;2;7;7;7m██
                  [38;2;7;7;7m██[38;2;172;168;173m██[38;2;135;115;183m██[38;2;135;115;183m██[38;2;172;168;173m██[38;2;172;168;173m██[38;2;172;168;173m██[38;2;172;168;173m██[38;2;135;115;183m██[38;2;172;168;173m██[38;2;172;168;173m██[38;2;172;168;173m██[38;2;172;168;173m██[38;2;172;168;173m██[38;2;172;168;173m██[38;2;172;168;173m██[38;2;172;168;173m██[38;2;172;168;173m██[38;2;66;66;66m██[38;2;7;7;7m██      [38;2;7;7;7m██[38;2;172;168;173m██[38;2;205;188;164m██[38;2;205;188;164m██[38;2;135;115;183m██[38;2;205;188;164m██[38;2;205;188;164m██[38;2;205;188;164m██[38;2;135;115;183m██[38;2;205;188;164m██[38;2;205;188;164m██[38;2;7;7;7m██
                [38;2;7;7;7m██[38;2;66;66;66m██[38;2;172;168;173m██[38;2;172;168;173m██[38;2;135;115;183m██[38;2;135;115;183m██[38;2;172;168;173m██[38;2;172;168;173m██[38;2;172;168;173m██[38;2;135;115;183m██[38;2;135;115;183m██[38;2;172;168;173m██[38;2;172;168;173m██[38;2;172;168;173m██[38;2;172;168;173m██[38;2;172;168;173m██[38;2;172;168;173m██[38;2;172;168;173m██[38;2;172;168;173m██[38;2;66;66;66m██[38;2;138;130;132m██[38;2;7;7;7m██  [38;2;7;7;7m██[38;2;172;168;173m██[38;2;172;168;173m██[38;2;205;188;164m██[38;2;186;162;129m██[38;2;135;115;183m██[38;2;135;115;183m██[38;2;205;188;164m██[38;2;135;115;183m██[38;2;135;115;183m██[38;2;205;188;164m██[38;2;205;188;164m██[38;2;7;7;7m██
                [38;2;7;7;7m██[38;2;213;205;180m██[38;2;66;66;66m██[38;2;66;66;66m██[38;2;172;168;173m██[38;2;172;168;173m██[38;2;172;168;173m██[38;2;172;168;173m██[38;2;135;115;183m██[38;2;135;115;183m██[38;2;172;168;173m██[38;2;172;168;173m██[38;2;172;168;173m██[38;2;172;168;173m██[38;2;172;168;173m██[38;2;172;168;173m██[38;2;172;168;173m██[38;2;172;168;173m██[38;2;66;66;66m██[38;2;138;130;132m██[38;2;138;130;132m██[38;2;7;7;7m██  [38;2;7;7;7m██[38;2;172;168;173m██[38;2;205;188;164m██[38;2;205;188;164m██[38;2;135;115;183m██[38;2;135;115;183m██[38;2;135;115;183m██[38;2;135;115;183m██[38;2;135;115;183m██[38;2;186;162;129m██[38;2;205;188;164m██[38;2;7;7;7m██  
                [38;2;7;7;7m██[38;2;66;66;66m██[38;2;213;205;180m██[38;2;186;162;129m██[38;2;66;66;66m██[38;2;205;188;164m██[38;2;186;162;129m██[38;2;172;168;173m██[38;2;172;168;173m██[38;2;172;168;173m██[38;2;66;66;66m██[38;2;66;66;66m██[38;2;66;66;66m██[38;2;172;168;173m██[38;2;172;168;173m██[38;2;172;168;173m██[38;2;172;168;173m██[38;2;172;168;173m██[38;2;138;130;132m██[38;2;138;130;132m██[38;2;66;66;66m██[38;2;7;7;7m██[38;2;7;7;7m██[38;2;172;168;173m██[38;2;205;188;164m██[38;2;205;188;164m██[38;2;205;188;164m██[38;2;205;188;164m██[38;2;135;115;183m██[38;2;186;162;129m██[38;2;186;162;129m██[38;2;205;188;164m██[38;2;205;188;164m██[38;2;205;188;164m██[38;2;7;7;7m██  
          [38;2;7;7;7m██[38;2;7;7;7m██[38;2;7;7;7m██[38;2;138;130;132m██[38;2;66;66;66m██[38;2;205;188;164m██[38;2;213;205;180m██[38;2;213;205;180m██[38;2;186;162;129m██[38;2;213;205;180m██[38;2;205;188;164m██[38;2;66;66;66m██[38;2;66;66;66m██[38;2;213;205;180m██[38;2;213;205;180m██[38;2;66;66;66m██[38;2;172;168;173m██[38;2;172;168;173m██[38;2;172;168;173m██[38;2;172;168;173m██[38;2;172;168;173m██[38;2;138;130;132m██[38;2;138;130;132m██[38;2;138;130;132m██[38;2;138;130;132m██[38;2;66;66;66m██[38;2;66;66;66m██[38;2;66;66;66m██[38;2;205;188;164m██[38;2;205;188;164m██[38;2;205;188;164m██[38;2;205;188;164m██[38;2;135;115;183m██[38;2;205;188;164m██[38;2;205;188;164m██[38;2;205;188;164m██[38;2;7;7;7m██    
  [38;2;7;7;7m██[38;2;7;7;7m██[38;2;7;7;7m██[38;2;7;7;7m██[38;2;138;130;132m██[38;2;138;130;132m██[38;2;66;66;66m██[38;2;138;130;132m██[38;2;138;130;132m██[38;2;66;66;66m██[38;2;186;162;129m██[38;2;213;205;180m██[38;2;186;162;129m██[38;2;213;205;180m██[38;2;66;66;66m██[38;2;186;162;129m██[38;2;213;205;180m██[38;2;213;205;180m██[38;2;66;66;66m██[38;2;172;168;173m██[38;2;172;168;173m██[38;2;172;168;173m██[38;2;172;168;173m██[38;2;172;168;173m██[38;2;138;130;132m██[38;2;138;130;132m██[38;2;138;130;132m██[38;2;138;130;132m██[38;2;138;130;132m██[38;2;138;130;132m██[38;2;138;130;132m██[38;2;135;115;183m██[38;2;66;66;66m██[38;2;66;66;66m██[38;2;66;66;66m██[38;2;205;188;164m██[38;2;205;188;164m██[38;2;186;162;129m██[38;2;7;7;7m██[38;2;7;7;7m██      
[38;2;7;7;7m██[38;2;108;96;206m██[38;2;108;96;206m██[38;2;108;96;206m██[38;2;118;54;181m██[38;2;138;130;132m██[38;2;138;130;132m██[38;2;66;66;66m██[38;2;138;130;132m██[38;2;138;130;132m██[38;2;248;248;248m██[38;2;7;7;7m██[38;2;186;162;129m██[38;2;213;205;180m██[38;2;186;162;129m██[38;2;213;205;180m██[38;2;213;205;180m██[38;2;205;188;164m██[38;2;66;66;66m██[38;2;248;248;248m██[38;2;138;130;132m██[38;2;172;168;173m██[38;2;172;168;173m██[38;2;138;130;132m██[38;2;138;130;132m██[38;2;138;130;132m██[38;2;138;130;132m██[38;2;138;130;132m██[38;2;138;130;132m██[38;2;138;130;132m██[38;2;138;130;132m██[38;2;135;115;183m██[38;2;135;115;183m██[38;2;169;158;248m██[38;2;169;158;248m██[38;2;169;158;248m██[38;2;7;7;7m██[38;2;7;7;7m██[38;2;7;7;7m██          
  [38;2;7;7;7m██[38;2;7;7;7m██[38;2;108;96;206m██[38;2;108;96;206m██[38;2;118;54;181m██[38;2;138;130;132m██[38;2;66;66;66m██[38;2;138;130;132m██[38;2;213;205;180m██[38;2;108;96;206m██[38;2;248;248;248m██[38;2;66;66;66m██[38;2;66;66;66m██[38;2;66;66;66m██[38;2;172;168;173m██[38;2;213;205;180m██[38;2;66;66;66m██[38;2;7;7;7m██[38;2;248;248;248m██[38;2;108;96;206m██[38;2;138;130;132m██[38;2;138;130;132m██[38;2;138;130;132m██[38;2;138;130;132m██[38;2;138;130;132m██[38;2;138;130;132m██[38;2;138;130;132m██[38;2;138;130;132m██[38;2;138;130;132m██[38;2;138;130;132m██[38;2;135;115;183m██[38;2;169;158;248m██[38;2;169;158;248m██[38;2;7;7;7m██[38;2;7;7;7m██                
      [38;2;7;7;7m██[38;2;7;7;7m██[38;2;7;7;7m██[38;2;138;130;132m██[38;2;138;130;132m██[38;2;66;66;66m██[38;2;213;205;180m██[38;2;138;130;132m██[38;2;66;66;66m██[38;2;169;158;248m██[38;2;169;158;248m██[38;2;169;158;248m██[38;2;66;66;66m██[38;2;172;168;173m██[38;2;248;248;248m██[38;2;248;248;248m██[38;2;248;248;248m██[38;2;108;96;206m██[38;2;138;130;132m██[38;2;138;130;132m██[38;2;138;130;132m██[38;2;213;205;180m██[38;2;213;205;180m██[38;2;138;130;132m██[38;2;138;130;132m██[38;2;138;130;132m██[38;2;138;130;132m██[38;2;135;115;183m██[38;2;7;7;7m██[38;2;7;7;7m██[38;2;7;7;7m██                    
            [38;2;7;7;7m██[38;2;66;66;66m██[38;2;189;156;131m██[38;2;213;205;180m██[38;2;213;205;180m██[38;2;108;96;206m██[38;2;108;96;206m██[38;2;108;96;206m██[38;2;108;96;206m██[38;2;169;158;248m██[38;2;213;205;180m██[38;2;138;130;132m██[38;2;108;96;206m██[38;2;108;96;206m██[38;2;138;130;132m██[38;2;138;130;132m██[38;2;213;205;180m██[38;2;213;205;180m██[38;2;213;205;180m██[38;2;213;205;180m██[38;2;213;205;180m██[38;2;213;205;180m██[38;2;138;130;132m██[38;2;7;7;7m██[38;2;7;7;7m██                          
            [38;2;7;7;7m██[38;2;213;205;180m██[38;2;189;156;131m██[38;2;205;188;164m██[38;2;213;205;180m██[38;2;66;66;66m██[38;2;169;158;248m██[38;2;169;158;248m██[38;2;169;158;248m██[38;2;108;96;206m██[38;2;213;205;180m██[38;2;213;205;180m██[38;2;213;205;180m██[38;2;138;130;132m██[38;2;138;130;132m██[38;2;213;205;180m██[38;2;213;205;180m██[38;2;213;205;180m██[38;2;213;205;180m██[38;2;213;205;180m██[38;2;213;205;180m██[38;2;205;188;164m██[38;2;7;7;7m██                              
          [38;2;7;7;7m██[38;2;205;188;164m██[38;2;213;205;180m██[38;2;213;205;180m██[38;2;189;156;131m██[38;2;205;188;164m██[38;2;213;205;180m██[38;2;66;66;66m██[38;2;66;66;66m██[38;2;66;66;66m██[38;2;213;205;180m██[38;2;213;205;180m██[38;2;213;205;180m██[38;2;213;205;180m██[38;2;213;205;180m██[38;2;213;205;180m██[38;2;213;205;180m██[38;2;213;205;180m██[38;2;213;205;180m██[38;2;213;205;180m██[38;2;213;205;180m██[38;2;205;188;164m██[38;2;205;188;164m██[38;2;189;156;131m██[38;2;7;7;7m██                            
          [38;2;7;7;7m██[38;2;213;205;180m██[38;2;213;205;180m██[38;2;205;188;164m██[38;2;7;7;7m██[38;2;205;188;164m██[38;2;205;188;164m██[38;2;213;205;180m██[38;2;213;205;180m██[38;2;213;205;180m██[38;2;213;205;180m██[38;2;213;205;180m██[38;2;213;205;180m██[38;2;213;205;180m██[38;2;213;205;180m██[38;2;213;205;180m██[38;2;213;205;180m██[38;2;213;205;180m██[38;2;213;205;180m██[38;2;205;188;164m██[38;2;205;188;164m██[38;2;205;188;164m██[38;2;213;205;180m██[38;2;213;205;180m██[38;2;7;7;7m██                            
        [38;2;7;7;7m██[38;2;213;205;180m██[38;2;213;205;180m██[38;2;7;7;7m██[38;2;7;7;7m██  [38;2;7;7;7m██[38;2;205;188;164m██[38;2;205;188;164m██[38;2;205;188;164m██[38;2;213;205;180m██[38;2;213;205;180m██[38;2;213;205;180m██[38;2;213;205;180m██[38;2;213;205;180m██[38;2;213;205;180m██[38;2;213;205;180m██[38;2;213;205;180m██[38;2;205;188;164m██[38;2;205;188;164m██[38;2;205;188;164m██[38;2;189;156;131m██[38;2;205;188;164m██[38;2;213;205;180m██[38;2;213;205;180m██[38;2;213;205;180m██[38;2;7;7;7m██                          
        [38;2;7;7;7m██[38;2;7;7;7m██[38;2;7;7;7m██      [38;2;7;7;7m██[38;2;66;66;66m██[38;2;205;188;164m██[38;2;205;188;164m██[38;2;205;188;164m██[38;2;205;188;164m██[38;2;205;188;164m██[38;2;205;188;164m██[38;2;205;188;164m██[38;2;205;188;164m██[38;2;205;188;164m██[38;2;205;188;164m██[38;2;205;188;164m██[38;2;205;188;164m██[38;2;205;188;164m██[38;2;205;188;164m██[38;2;7;7;7m██[38;2;7;7;7m██[38;2;213;205;180m██[38;2;213;205;180m██[38;2;205;188;164m██[38;2;7;7;7m██                        
                  [38;2;7;7;7m██[38;2;189;156;131m██[38;2;189;156;131m██[38;2;66;66;66m██[38;2;66;66;66m██[38;2;205;188;164m██[38;2;205;188;164m██[38;2;205;188;164m██[38;2;205;188;164m██[38;2;205;188;164m██[38;2;205;188;164m██[38;2;205;188;164m██[38;2;205;188;164m██[38;2;205;188;164m██[38;2;189;156;131m██[38;2;66;66;66m██[38;2;7;7;7m██    [38;2;7;7;7m██[38;2;7;7;7m██[38;2;213;205;180m██[38;2;7;7;7m██                        
                  [38;2;7;7;7m██[38;2;189;156;131m██[38;2;189;156;131m██[38;2;66;66;66m██[38;2;189;156;131m██[38;2;66;66;66m██[38;2;66;66;66m██[38;2;66;66;66m██[38;2;205;188;164m██[38;2;205;188;164m██[38;2;205;188;164m██[38;2;189;156;131m██[38;2;66;66;66m██[38;2;66;66;66m██[38;2;66;66;66m██[38;2;189;156;131m██[38;2;7;7;7m██        [38;2;7;7;7m██[38;2;213;205;180m██[38;2;7;7;7m██                      
                [38;2;7;7;7m██[38;2;189;156;131m██[38;2;189;156;131m██[38;2;66;66;66m██[38;2;189;156;131m██[38;2;189;156;131m██[38;2;7;7;7m██[38;2;189;156;131m██[38;2;189;156;131m██[38;2;66;66;66m██[38;2;66;66;66m██[38;2;66;66;66m██[38;2;66;66;66m██[38;2;189;156;131m██[38;2;66;66;66m██[38;2;189;156;131m██[38;2;189;156;131m██[38;2;189;156;131m██[38;2;7;7;7m██        [38;2;7;7;7m██[38;2;7;7;7m██                      
                [38;2;7;7;7m██[38;2;189;156;131m██[38;2;7;7;7m██[38;2;7;7;7m██[38;2;189;156;131m██[38;2;7;7;7m██  [38;2;7;7;7m██[38;2;189;156;131m██[38;2;189;156;131m██[38;2;189;156;131m██[38;2;7;7;7m██[38;2;189;156;131m██[38;2;189;156;131m██[38;2;189;156;131m██[38;2;66;66;66m██[38;2;189;156;131m██[38;2;189;156;131m██[38;2;7;7;7m██                                  
              [38;2;7;7;7m██[38;2;189;156;131m██[38;2;7;7;7m██  [38;2;7;7;7m██[38;2;7;7;7m██    [38;2;7;7;7m██[38;2;189;156;131m██[38;2;189;156;131m██[38;2;7;7;7m██  [38;2;7;7;7m██[38;2;7;7;7m██[38;2;189;156;131m██[38;2;7;7;7m██[38;2;7;7;7m██[38;2;189;156;131m██[38;2;189;156;131m██[38;2;7;7;7m██                                
              [38;2;7;7;7m██[38;2;7;7;7m██              [38;2;7;7;7m██[38;2;189;156;131m██[38;2;7;7;7m██      [38;2;7;7;7m██[38;2;7;7;7m██  [38;2;7;7;7m██[38;2;189;156;131m██[38;2;7;7;7m██                                
                                [38;2;7;7;7m██[38;2;189;156;131m██[38;2;7;7;7m██              [38;2;7;7;7m██[38;2;7;7;7m██                                
                                [38;2;7;7;7m██[38;2;189;156;131m██[38;2;7;7;7m██                                                  
                                  [38;2;7;7;7m██                                                    
