    [38;2;0;0;0m██      [38;2;0;0;0m██          
  [38;2;0;0;0m██[38;2;135;231;17m██[38;2;0;0;0m██  [38;2;0;0;0m██[38;2;135;231;17m██[38;2;0;0;0m██  [38;2;0;0;0m██[38;2;0;0;0m██  
  [38;2;0;0;0m██[38;2;135;231;17m██[38;2;108;179;30m██[38;2;0;0;0m██[38;2;108;179;30m██[38;2;135;231;17m██[38;2;65;65;65m██[38;2;0;0;0m██[38;2;135;231;17m██[38;2;0;0;0m██  
  [38;2;0;0;0m██[38;2;108;179;30m██[38;2;135;231;17m██[38;2;65;65;65m██[38;2;135;231;17m██[38;2;135;231;17m██[38;2;65;65;65m██[38;2;135;231;17m██[38;2;108;179;30m██[38;2;0;0;0m██  
    [38;2;0;0;0m██[38;2;108;179;30m██[38;2;65;65;65m██[38;2;135;231;17m██[38;2;108;179;30m██[38;2;65;65;65m██[38;2;108;179;30m██[38;2;0;0;0m██    
      [38;2;0;0;0m██[38;2;65;65;65m██[38;2;108;179;30m██[38;2;65;65;65m██[38;2;148;178;41m██[38;2;0;0;0m██      
    [38;2;0;0;0m██[38;2;211;227;76m██[38;2;148;178;41m██[38;2;148;178;41m██[38;2;251;244;97m██[38;2;251;244;97m██[38;2;148;178;41m██[38;2;0;0;0m██    
  [38;2;0;0;0m██[38;2;211;227;76m██[38;2;148;178;41m██[38;2;251;244;97m██[38;2;148;178;41m██[38;2;211;227;76m██[38;2;251;244;97m██[38;2;251;244;97m██[38;2;148;178;41m██[38;2;0;0;0m██  
[38;2;0;0;0m██[38;2;211;227;76m██[38;2;148;178;41m██[38;2;251;244;97m██[38;2;251;244;97m██[38;2;251;244;97m██[38;2;148;178;41m██[38;2;251;244;97m██[38;2;251;244;97m██[38;2;251;244;97m██[38;2;0;0;0m██  
[38;2;0;0;0m██[38;2;211;227;76m██[38;2;148;178;41m██[38;2;251;244;97m██[38;2;251;244;97m██[38;2;251;244;97m██[38;2;148;178;41m██[38;2;251;244;97m██[38;2;251;244;97m██[38;2;251;244;97m██[38;2;251;244;97m██[38;2;0;0;0m██
[38;2;0;0;0m██[38;2;211;227;76m██[38;2;255;255;255m██[38;2;251;244;97m██[38;2;251;244;97m██[38;2;148;178;41m██[38;2;211;227;76m██[38;2;251;244;97m██[38;2;251;244;97m██[38;2;251;244;97m██[38;2;251;244;97m██[38;2;0;0;0m██
[38;2;0;0;0m██[38;2;148;178;41m██[38;2;148;74;25m██[38;2;211;227;76m██[38;2;211;227;76m██[38;2;255;255;255m██[38;2;206;214;222m██[38;2;148;178;41m██[38;2;251;244;97m██[38;2;251;244;97m██[38;2;148;178;41m██[38;2;0;0;0m██
  [38;2;0;0;0m██[38;2;206;214;222m██[38;2;255;255;255m██[38;2;255;255;255m██[38;2;148;74;25m██[38;2;206;214;222m██[38;2;148;178;41m██[38;2;211;227;76m██[38;2;211;227;76m██[38;2;0;0;0m██  
    [38;2;0;0;0m██[38;2;206;214;222m██[38;2;206;214;222m██[38;2;206;214;222m██[38;2;148;178;41m██[38;2;211;227;76m██[38;2;148;178;41m██[38;2;0;0;0m██    
  [38;2;0;0;0m██[38;2;211;227;76m██[38;2;108;179;30m██[38;2;135;231;17m██[38;2;108;179;30m██[38;2;135;231;17m██[38;2;135;231;17m██[38;2;108;179;30m██[38;2;0;0;0m██[38;2;0;0;0m██  
  [38;2;0;0;0m██[38;2;211;227;76m██[38;2;211;227;76m██[38;2;108;179;30m██[38;2;211;227;76m██[38;2;108;179;30m██[38;2;108;179;30m██[38;2;211;227;76m██[38;2;211;227;76m██[38;2;0;0;0m██  
    [38;2;0;0;0m██[38;2;0;0;0m██[38;2;211;227;76m██[38;2;211;227;76m██[38;2;0;0;0m██[38;2;211;227;76m██[38;2;211;227;76m██[38;2;0;0;0m██    
        [38;2;0;0;0m██[38;2;0;0;0m██  [38;2;0;0;0m██[38;2;0;0;0m██      
