                            [38;2;0;0;0m██[38;2;0;0;0m██                  
                          [38;2;0;0;0m██[38;2;65;65;65m██[38;2;0;0;0m██                  
        [38;2;0;0;0m██[38;2;0;0;0m██              [38;2;0;0;0m██[38;2;65;65;65m██[38;2;0;0;0m██                  
      [38;2;0;0;0m██[38;2;214;213;211m██[38;2;0;0;0m██[38;2;205;66;46m██[38;2;168;33;30m██      [38;2;0;0;0m██[38;2;0;0;0m██[38;2;65;65;65m██[38;2;65;65;65m██[38;2;65;65;65m██[38;2;0;0;0m██                
  [38;2;168;33;30m██[38;2;0;0;0m██[38;2;214;213;211m██[38;2;65;65;65m██[38;2;205;66;46m██[38;2;168;33;30m██      [38;2;0;0;0m██[38;2;65;65;65m██[38;2;65;65;65m██[38;2;65;65;65m██[38;2;65;65;65m██[38;2;65;65;65m██[38;2;0;0;0m██      [38;2;0;0;0m██[38;2;0;0;0m██[38;2;0;0;0m██    
[38;2;168;33;30m██[38;2;205;66;46m██[38;2;205;66;46m██[38;2;214;213;211m██[38;2;214;213;211m██[38;2;0;0;0m██        [38;2;0;0;0m██[38;2;65;65;65m██[38;2;65;65;65m██[38;2;65;65;65m██[38;2;65;65;65m██[38;2;0;0;0m██    [38;2;168;33;30m██[38;2;205;66;46m██[38;2;0;0;0m██[38;2;214;213;211m██[38;2;65;65;65m██[38;2;0;0;0m██  
  [38;2;168;33;30m██[38;2;168;33;30m██[38;2;0;0;0m██[38;2;214;213;211m██[38;2;168;156;148m██[38;2;0;0;0m██  [38;2;0;0;0m██[38;2;0;0;0m██[38;2;65;65;65m██[38;2;65;65;65m██[38;2;65;65;65m██[38;2;65;65;65m██[38;2;65;65;65m██[38;2;0;0;0m██[38;2;0;0;0m██    [38;2;168;33;30m██[38;2;205;66;46m██[38;2;0;0;0m██[38;2;214;213;211m██[38;2;0;0;0m██  
      [38;2;0;0;0m██[38;2;168;156;148m██[38;2;168;156;148m██[38;2;168;156;148m██[38;2;0;0;0m██[38;2;168;156;148m██[38;2;168;156;148m██[38;2;65;65;65m██[38;2;65;65;65m██[38;2;65;65;65m██[38;2;65;65;65m██[38;2;65;65;65m██[38;2;168;156;148m██[38;2;168;156;148m██[38;2;0;0;0m██  [38;2;0;0;0m██[38;2;0;0;0m██[38;2;214;213;211m██[38;2;214;213;211m██[38;2;0;0;0m██  
    [38;2;0;0;0m██[38;2;168;156;148m██[38;2;168;156;148m██[38;2;168;156;148m██[38;2;65;65;65m██[38;2;214;213;211m██[38;2;129;117;109m██[38;2;129;117;109m██[38;2;168;156;148m██[38;2;168;156;148m██[38;2;168;156;148m██[38;2;168;156;148m██[38;2;168;156;148m██[38;2;129;117;109m██[38;2;129;117;109m██[38;2;214;213;211m██[38;2;0;0;0m██[38;2;214;213;211m██[38;2;214;213;211m██[38;2;214;213;211m██[38;2;214;213;211m██[38;2;0;0;0m██  
    [38;2;0;0;0m██[38;2;168;156;148m██[38;2;168;156;148m██[38;2;129;117;109m██[38;2;65;65;65m██[38;2;65;65;65m██[38;2;214;213;211m██[38;2;214;213;211m██[38;2;129;117;109m██[38;2;129;117;109m██[38;2;129;117;109m██[38;2;129;117;109m██[38;2;129;117;109m██[38;2;214;213;211m██[38;2;214;213;211m██[38;2;214;213;211m██[38;2;129;117;109m██[38;2;214;213;211m██[38;2;214;213;211m██[38;2;214;213;211m██[38;2;205;66;46m██[38;2;205;66;46m██[38;2;168;33;30m██
      [38;2;0;0;0m██[38;2;168;156;148m██[38;2;168;156;148m██[38;2;65;65;65m██[38;2;79;167;247m██[38;2;214;213;211m██[38;2;214;213;211m██[38;2;214;213;211m██[38;2;65;65;65m██[38;2;65;65;65m██[38;2;214;213;211m██[38;2;214;213;211m██[38;2;214;213;211m██[38;2;65;65;65m██[38;2;129;117;109m██[38;2;168;156;148m██[38;2;214;213;211m██[38;2;214;213;211m██[38;2;0;0;0m██[38;2;168;33;30m██[38;2;168;33;30m██  
        [38;2;0;0;0m██[38;2;0;0;0m██[38;2;65;65;65m██[38;2;79;167;247m██[38;2;214;213;211m██[38;2;214;213;211m██[38;2;65;65;65m██[38;2;65;65;65m██[38;2;65;65;65m██[38;2;65;65;65m██[38;2;214;213;211m██[38;2;65;65;65m██[38;2;168;156;148m██[38;2;168;156;148m██[38;2;168;156;148m██[38;2;168;156;148m██[38;2;168;156;148m██[38;2;0;0;0m██      
            [38;2;0;0;0m██[38;2;65;65;65m██[38;2;214;213;211m██[38;2;214;213;211m██[38;2;65;65;65m██[38;2;79;167;247m██[38;2;65;65;65m██[38;2;65;65;65m██[38;2;214;213;211m██[38;2;65;65;65m██[38;2;168;156;148m██[38;2;129;117;109m██[38;2;129;117;109m██[38;2;168;156;148m██[38;2;168;156;148m██[38;2;0;0;0m██      
            [38;2;0;0;0m██[38;2;168;156;148m██[38;2;168;156;148m██[38;2;214;213;211m██[38;2;65;65;65m██[38;2;79;167;247m██[38;2;65;65;65m██[38;2;65;65;65m██[38;2;214;213;211m██[38;2;168;156;148m██[38;2;65;65;65m██[38;2;168;156;148m██[38;2;168;156;148m██[38;2;0;0;0m██[38;2;0;0;0m██        
              [38;2;0;0;0m██[38;2;168;156;148m██[38;2;168;156;148m██[38;2;65;65;65m██[38;2;65;65;65m██[38;2;65;65;65m██[38;2;65;65;65m██[38;2;168;156;148m██[38;2;168;156;148m██[38;2;168;156;148m██[38;2;0;0;0m██[38;2;0;0;0m██            
                [38;2;0;0;0m██[38;2;0;0;0m██[38;2;168;156;148m██[38;2;65;65;65m██[38;2;65;65;65m██[38;2;168;156;148m██[38;2;168;156;148m██[38;2;168;156;148m██[38;2;0;0;0m██                
                    [38;2;0;0;0m██[38;2;0;0;0m██[38;2;168;156;148m██[38;2;168;156;148m██[38;2;0;0;0m██[38;2;0;0;0m██  [38;2;0;0;0m██[38;2;0;0;0m██            
                  [38;2;0;0;0m██[38;2;65;65;65m██[38;2;65;65;65m██[38;2;65;65;65m██[38;2;65;65;65m██[38;2;65;65;65m██[38;2;0;0;0m██[38;2;0;0;0m██[38;2;65;65;65m██[38;2;65;65;65m██[38;2;0;0;0m██          
                  [38;2;0;0;0m██[38;2;65;65;65m██[38;2;65;65;65m██[38;2;65;65;65m██[38;2;65;65;65m██[38;2;65;65;65m██[38;2;65;65;65m██[38;2;65;65;65m██[38;2;0;0;0m██[38;2;0;0;0m██[38;2;65;65;65m██[38;2;0;0;0m██        
                    [38;2;0;0;0m██[38;2;65;65;65m██[38;2;65;65;65m██[38;2;65;65;65m██[38;2;65;65;65m██[38;2;0;0;0m██[38;2;0;0;0m██    [38;2;0;0;0m██[38;2;0;0;0m██        
                      [38;2;0;0;0m██[38;2;0;0;0m██[38;2;0;0;0m██[38;2;0;0;0m██                    
