              [38;2;0;0;0m██[38;2;0;0;0m██[38;2;0;0;0m██[38;2;0;0;0m██                        
            [38;2;0;0;0m██[38;2;96;216;207m██[38;2;133;253;244m██[38;2;96;216;207m██[38;2;65;65;65m██[38;2;0;0;0m██[38;2;0;0;0m██[38;2;0;0;0m██[38;2;0;0;0m██                
            [38;2;0;0;0m██[38;2;65;65;65m██[38;2;96;216;207m██[38;2;96;216;207m██[38;2;96;216;207m██[38;2;65;65;65m██[38;2;96;216;207m██[38;2;96;216;207m██[38;2;96;216;207m██[38;2;0;0;0m██[38;2;0;0;0m██[38;2;0;0;0m██          
        [38;2;0;0;0m██[38;2;0;0;0m██[38;2;96;216;207m██[38;2;96;216;207m██[38;2;65;65;65m██[38;2;65;65;65m██[38;2;0;0;0m██[38;2;0;0;0m██[38;2;0;0;0m██[38;2;0;0;0m██[38;2;56;164;168m██[38;2;56;164;168m██[38;2;56;164;168m██[38;2;56;164;168m██[38;2;0;0;0m██[38;2;0;0;0m██      
      [38;2;0;0;0m██[38;2;96;216;207m██[38;2;96;216;207m██[38;2;133;253;244m██[38;2;96;216;207m██[38;2;96;216;207m██[38;2;96;216;207m██[38;2;96;216;207m██[38;2;0;0;0m██    [38;2;0;0;0m██[38;2;0;0;0m██[38;2;56;164;168m██[38;2;56;164;168m██[38;2;56;164;168m██[38;2;65;65;65m██[38;2;0;0;0m██    
    [38;2;0;0;0m██[38;2;96;216;207m██[38;2;58;123;255m██[38;2;96;216;207m██[38;2;96;216;207m██[38;2;96;216;207m██[38;2;96;216;207m██[38;2;96;216;207m██[38;2;96;216;207m██[38;2;96;216;207m██[38;2;0;0;0m██      [38;2;0;0;0m██[38;2;56;164;168m██[38;2;56;164;168m██[38;2;56;164;168m██[38;2;56;164;168m██[38;2;0;0;0m██  
    [38;2;0;0;0m██[38;2;65;65;65m██[38;2;58;123;255m██[38;2;96;216;207m██[38;2;58;123;255m██[38;2;58;123;255m██[38;2;96;216;207m██[38;2;96;216;207m██[38;2;96;216;207m██[38;2;96;216;207m██[38;2;0;0;0m██        [38;2;0;0;0m██[38;2;56;164;168m██[38;2;56;164;168m██[38;2;56;164;168m██[38;2;56;164;168m██[38;2;0;0;0m██
    [38;2;0;0;0m██[38;2;56;164;168m██[38;2;96;216;207m██[38;2;96;216;207m██[38;2;58;123;255m██[38;2;58;123;255m██[38;2;96;216;207m██[38;2;96;216;207m██[38;2;96;216;207m██[38;2;96;216;207m██[38;2;96;216;207m██[38;2;0;0;0m██        [38;2;0;0;0m██[38;2;56;164;168m██[38;2;56;164;168m██[38;2;56;164;168m██[38;2;0;0;0m██
    [38;2;0;0;0m██[38;2;56;164;168m██[38;2;96;216;207m██[38;2;96;216;207m██[38;2;96;216;207m██[38;2;96;216;207m██[38;2;65;65;65m██[38;2;56;164;168m██[38;2;96;216;207m██[38;2;96;216;207m██[38;2;96;216;207m██[38;2;0;0;0m██        [38;2;0;0;0m██[38;2;56;164;168m██[38;2;56;164;168m██[38;2;65;65;65m██[38;2;0;0;0m██
      [38;2;0;0;0m██[38;2;96;216;207m██[38;2;96;216;207m██[38;2;96;216;207m██[38;2;56;164;168m██[38;2;255;255;255m██[38;2;65;65;65m██[38;2;96;216;207m██[38;2;96;216;207m██[38;2;56;164;168m██[38;2;0;0;0m██          [38;2;0;0;0m██[38;2;0;0;0m██[38;2;0;0;0m██  
  [38;2;0;0;0m██[38;2;0;0;0m██[38;2;65;65;65m██[38;2;65;65;65m██[38;2;56;164;168m██[38;2;96;216;207m██[38;2;56;164;168m██[38;2;0;0;0m██[38;2;65;65;65m██[38;2;56;164;168m██[38;2;56;164;168m██[38;2;0;0;0m██                    
[38;2;0;0;0m██[38;2;56;164;168m██[38;2;56;164;168m██[38;2;56;164;168m██[38;2;56;164;168m██[38;2;65;65;65m██[38;2;65;65;65m██[38;2;58;123;255m██[38;2;0;0;0m██[38;2;56;164;168m██[38;2;65;65;65m██[38;2;0;0;0m██                      
  [38;2;0;0;0m██[38;2;56;164;168m██[38;2;56;164;168m██[38;2;0;0;0m██[38;2;65;65;65m██[38;2;56;164;168m██[38;2;255;206;25m██[38;2;65;65;65m██[38;2;65;65;65m██[38;2;56;164;168m██[38;2;56;164;168m██[38;2;0;0;0m██                    
    [38;2;0;0;0m██[38;2;0;0;0m██  [38;2;0;0;0m██[38;2;96;216;207m██[38;2;255;206;25m██[38;2;96;216;207m██[38;2;96;216;207m██[38;2;65;65;65m██[38;2;56;164;168m██[38;2;96;216;207m██[38;2;0;0;0m██[38;2;0;0;0m██                
            [38;2;0;0;0m██[38;2;96;216;207m██[38;2;96;216;207m██[38;2;0;0;0m██[38;2;0;0;0m██[38;2;96;216;207m██[38;2;96;216;207m██[38;2;96;216;207m██[38;2;96;216;207m██[38;2;0;0;0m██              
              [38;2;0;0;0m██[38;2;0;0;0m██    [38;2;0;0;0m██[38;2;96;216;207m██[38;2;96;216;207m██[38;2;56;164;168m██[38;2;0;0;0m██              
                        [38;2;0;0;0m██[38;2;0;0;0m██[38;2;0;0;0m██                
