[38;2;0;0;0m██[38;2;0;0;0m██                          
[38;2;0;0;0m██[38;2;65;65;65m██[38;2;0;0;0m██                        
[38;2;0;0;0m██[38;2;65;65;65m██[38;2;65;65;65m██[38;2;0;0;0m██                      
[38;2;0;0;0m██[38;2;187;136;47m██[38;2;246;225;82m██[38;2;65;65;65m██[38;2;0;0;0m██                    
[38;2;0;0;0m██[38;2;246;225;82m██[38;2;246;225;82m██[38;2;246;225;82m██[38;2;0;0;0m██          [38;2;0;0;0m██[38;2;0;0;0m██[38;2;0;0;0m██    
[38;2;0;0;0m██[38;2;246;225;82m██[38;2;246;225;82m██[38;2;126;100;35m██[38;2;0;0;0m██[38;2;0;0;0m██[38;2;0;0;0m██  [38;2;0;0;0m██[38;2;0;0;0m██[38;2;65;65;65m██[38;2;65;65;65m██[38;2;0;0;0m██    
  [38;2;0;0;0m██[38;2;126;100;35m██[38;2;246;225;82m██[38;2;246;225;82m██[38;2;246;225;82m██[38;2;187;136;47m██[38;2;0;0;0m██[38;2;187;136;47m██[38;2;246;225;82m██[38;2;187;136;47m██[38;2;65;65;65m██[38;2;0;0;0m██    
  [38;2;0;0;0m██[38;2;246;225;82m██[38;2;246;225;82m██[38;2;246;225;82m██[38;2;246;225;82m██[38;2;246;225;82m██[38;2;126;100;35m██[38;2;246;225;82m██[38;2;246;225;82m██[38;2;246;225;82m██[38;2;65;65;65m██[38;2;0;0;0m██    
[38;2;0;0;0m██[38;2;255;255;255m██[38;2;246;225;82m██[38;2;246;225;82m██[38;2;246;225;82m██[38;2;246;225;82m██[38;2;246;225;82m██[38;2;246;225;82m██[38;2;246;225;82m██[38;2;246;225;82m██[38;2;187;136;47m██[38;2;0;0;0m██      
[38;2;0;0;0m██[38;2;0;0;0m██[38;2;246;225;82m██[38;2;246;225;82m██[38;2;246;225;82m██[38;2;246;225;82m██[38;2;246;225;82m██[38;2;246;225;82m██[38;2;187;136;47m██[38;2;0;0;0m██[38;2;0;0;0m██[38;2;0;0;0m██      
[38;2;197;74;82m██[38;2;246;225;82m██[38;2;220;172;49m██[38;2;246;225;82m██[38;2;246;225;82m██[38;2;255;255;255m██[38;2;0;0;0m██[38;2;246;225;82m██[38;2;246;225;82m██[38;2;0;0;0m██          
  [38;2;0;0;0m██[38;2;246;225;82m██[38;2;246;225;82m██[38;2;246;225;82m██[38;2;0;0;0m██[38;2;0;0;0m██[38;2;255;123;165m██[38;2;255;123;165m██[38;2;0;0;0m██          
  [38;2;0;0;0m██[38;2;65;65;65m██[38;2;187;136;47m██[38;2;220;172;49m██[38;2;246;225;82m██[38;2;246;225;82m██[38;2;255;123;165m██[38;2;0;0;0m██    [38;2;0;0;0m██[38;2;0;0;0m██    
  [38;2;0;0;0m██[38;2;246;225;82m██[38;2;65;65;65m██[38;2;65;65;65m██[38;2;65;65;65m██[38;2;65;65;65m██[38;2;0;0;0m██[38;2;0;0;0m██  [38;2;0;0;0m██[38;2;0;0;0m██[38;2;0;0;0m██[38;2;0;0;0m██  
    [38;2;0;0;0m██[38;2;220;172;49m██[38;2;65;65;65m██[38;2;65;65;65m██[38;2;220;172;49m██[38;2;187;136;47m██[38;2;246;225;82m██[38;2;0;0;0m██[38;2;0;0;0m██[38;2;0;0;0m██[38;2;0;0;0m██[38;2;0;0;0m██[38;2;0;0;0m██
    [38;2;0;0;0m██[38;2;65;65;65m██[38;2;220;172;49m██[38;2;220;172;49m██[38;2;187;136;47m██[38;2;126;100;35m██[38;2;65;65;65m██[38;2;0;0;0m██    [38;2;0;0;0m██[38;2;0;0;0m██  
    [38;2;0;0;0m██[38;2;187;136;47m██[38;2;126;100;35m██[38;2;126;100;35m██[38;2;126;100;35m██[38;2;0;0;0m██[38;2;0;0;0m██            
      [38;2;0;0;0m██[38;2;0;0;0m██[38;2;187;136;47m██[38;2;187;136;47m██[38;2;0;0;0m██              
          [38;2;0;0;0m██[38;2;0;0;0m██                
