            [38;2;0;0;0m██[38;2;0;0;0m██                [38;2;0;0;0m██[38;2;0;0;0m██      
          [38;2;0;0;0m██[38;2;65;65;65m██[38;2;0;0;0m██              [38;2;0;0;0m██[38;2;65;65;65m██[38;2;65;65;65m██[38;2;0;0;0m██    
          [38;2;0;0;0m██[38;2;65;65;65m██[38;2;0;0;0m██            [38;2;0;0;0m██[38;2;0;0;0m██[38;2;65;65;65m██[38;2;65;65;65m██[38;2;0;0;0m██[38;2;0;0;0m██  
  [38;2;0;0;0m██    [38;2;0;0;0m██[38;2;214;127;19m██[38;2;214;127;19m██[38;2;0;0;0m██        [38;2;0;0;0m██[38;2;0;0;0m██[38;2;0;0;0m██[38;2;214;127;19m██[38;2;65;65;65m██[38;2;65;65;65m██[38;2;65;65;65m██[38;2;65;65;65m██[38;2;0;0;0m██
[38;2;0;0;0m██[38;2;148;65;82m██[38;2;0;0;0m██  [38;2;0;0;0m██[38;2;214;127;19m██[38;2;162;113;57m██[38;2;0;0;0m██    [38;2;0;0;0m██[38;2;0;0;0m██[38;2;65;65;65m██[38;2;65;65;65m██[38;2;0;0;0m██[38;2;214;127;19m██[38;2;65;65;65m██[38;2;65;65;65m██[38;2;65;65;65m██[38;2;65;65;65m██[38;2;0;0;0m██
[38;2;0;0;0m██[38;2;148;65;82m██[38;2;148;65;82m██[38;2;0;0;0m██[38;2;0;0;0m██[38;2;214;127;19m██[38;2;0;0;0m██    [38;2;0;0;0m██[38;2;253;180;19m██[38;2;253;180;19m██[38;2;65;65;65m██[38;2;0;0;0m██[38;2;214;127;19m██[38;2;214;127;19m██[38;2;65;65;65m██[38;2;65;65;65m██[38;2;214;127;19m██[38;2;0;0;0m██  
[38;2;0;0;0m██[38;2;148;65;82m██[38;2;148;65;82m██[38;2;214;127;19m██[38;2;253;180;19m██[38;2;253;180;19m██[38;2;253;180;19m██[38;2;0;0;0m██[38;2;0;0;0m██[38;2;205;49;32m██[38;2;148;65;82m██[38;2;253;180;19m██[38;2;0;0;0m██[38;2;214;127;19m██[38;2;214;127;19m██[38;2;214;127;19m██[38;2;214;127;19m██[38;2;214;127;19m██[38;2;0;0;0m██    
  [38;2;0;0;0m██[38;2;148;65;82m██[38;2;253;180;19m██[38;2;253;180;19m██[38;2;253;180;19m██[38;2;148;65;82m██[38;2;205;49;32m██[38;2;205;49;32m██[38;2;148;65;82m██[38;2;253;180;19m██[38;2;65;65;65m██[38;2;131;131;139m██[38;2;214;127;19m██[38;2;214;127;19m██[38;2;214;127;19m██[38;2;214;127;19m██[38;2;0;0;0m██      
  [38;2;0;0;0m██[38;2;253;180;19m██[38;2;253;180;19m██[38;2;253;180;19m██[38;2;148;65;82m██[38;2;205;49;32m██[38;2;205;49;32m██[38;2;148;65;82m██[38;2;253;180;19m██[38;2;162;113;57m██[38;2;131;131;139m██[38;2;172;172;180m██[38;2;131;131;139m██[38;2;214;127;19m██[38;2;214;127;19m██[38;2;0;0;0m██        
[38;2;0;0;0m██[38;2;253;180;19m██[38;2;253;180;19m██[38;2;253;180;19m██[38;2;253;180;19m██[38;2;214;127;19m██[38;2;255;255;255m██[38;2;0;0;0m██[38;2;253;180;19m██[38;2;253;180;19m██[38;2;253;180;19m██[38;2;131;131;139m██[38;2;172;172;180m██[38;2;172;172;180m██[38;2;131;131;139m██[38;2;214;127;19m██[38;2;214;127;19m██[38;2;0;0;0m██      
[38;2;0;0;0m██[38;2;253;180;19m██[38;2;162;113;57m██[38;2;253;180;19m██[38;2;253;180;19m██[38;2;253;180;19m██[38;2;0;0;0m██[38;2;65;65;65m██[38;2;253;180;19m██[38;2;253;180;19m██[38;2;131;131;139m██[38;2;172;172;180m██[38;2;172;172;180m██[38;2;131;131;139m██[38;2;131;131;139m██[38;2;214;127;19m██[38;2;214;127;19m██[38;2;0;0;0m██      
  [38;2;0;0;0m██[38;2;253;180;19m██[38;2;253;180;19m██[38;2;253;180;19m██[38;2;253;180;19m██[38;2;253;180;19m██[38;2;246;98;82m██[38;2;246;98;82m██[38;2;253;180;19m██[38;2;131;131;139m██[38;2;172;172;180m██[38;2;172;172;180m██[38;2;172;172;180m██[38;2;131;131;139m██[38;2;214;127;19m██[38;2;0;0;0m██        
[38;2;0;0;0m██[38;2;214;127;19m██[38;2;65;65;65m██[38;2;214;127;19m██[38;2;253;180;19m██[38;2;253;180;19m██[38;2;253;180;19m██[38;2;246;98;82m██[38;2;246;98;82m██[38;2;131;131;139m██[38;2;172;172;180m██[38;2;131;131;139m██[38;2;172;172;180m██[38;2;65;65;65m██[38;2;165;84;49m██[38;2;0;0;0m██          
  [38;2;0;0;0m██[38;2;0;0;0m██[38;2;148;65;82m██[38;2;214;127;19m██[38;2;214;127;19m██[38;2;253;180;19m██[38;2;253;180;19m██[38;2;65;65;65m██[38;2;131;131;139m██[38;2;131;131;139m██[38;2;131;131;139m██[38;2;131;131;139m██[38;2;205;49;32m██[38;2;65;65;65m██[38;2;165;84;49m██[38;2;0;0;0m██        
      [38;2;0;0;0m██[38;2;106;172;49m██[38;2;65;65;65m██[38;2;106;172;49m██[38;2;65;65;65m██[38;2;253;180;19m██[38;2;253;180;19m██[38;2;65;65;65m██[38;2;205;49;32m██[38;2;205;49;32m██[38;2;65;65;65m██[38;2;65;65;65m██[38;2;0;0;0m██          
      [38;2;0;0;0m██[38;2;65;65;65m██[38;2;106;172;49m██[38;2;65;65;65m██[38;2;65;65;65m██[38;2;65;65;65m██[38;2;65;65;65m██[38;2;148;65;82m██[38;2;148;65;82m██[38;2;148;65;82m██[38;2;205;49;32m██[38;2;0;0;0m██            
        [38;2;0;0;0m██[38;2;0;0;0m██[38;2;148;65;82m██[38;2;148;65;82m██[38;2;65;65;65m██[38;2;205;49;32m██[38;2;205;49;32m██[38;2;205;49;32m██[38;2;148;65;82m██[38;2;65;65;65m██[38;2;0;0;0m██            
            [38;2;0;0;0m██[38;2;0;0;0m██[38;2;0;0;0m██[38;2;65;65;65m██[38;2;65;65;65m██[38;2;65;65;65m██[38;2;65;65;65m██[38;2;0;0;0m██              
                  [38;2;0;0;0m██[38;2;65;65;65m██[38;2;65;65;65m██[38;2;0;0;0m██                
                    [38;2;0;0;0m██[38;2;0;0;0m██                  
