          [38;2;0;0;0m██[38;2;0;0;0m██                  
        [38;2;0;0;0m██[38;2;243;116;53m██[38;2;243;116;53m██[38;2;0;0;0m██                
      [38;2;0;0;0m██[38;2;243;116;53m██[38;2;243;116;53m██[38;2;243;116;53m██[38;2;0;0;0m██                
    [38;2;0;0;0m██[38;2;219;65;38m██[38;2;243;116;53m██[38;2;243;116;53m██[38;2;219;65;38m██[38;2;0;0;0m██                
    [38;2;0;0;0m██[38;2;243;116;53m██[38;2;243;116;53m██[38;2;219;65;38m██[38;2;0;0;0m██        [38;2;0;0;0m██[38;2;0;0;0m██[38;2;0;0;0m██[38;2;0;0;0m██  
    [38;2;0;0;0m██[38;2;255;238;176m██[38;2;219;65;38m██[38;2;0;0;0m██      [38;2;0;0;0m██[38;2;0;0;0m██[38;2;243;116;53m██[38;2;243;116;53m██[38;2;243;116;53m██[38;2;243;116;53m██[38;2;0;0;0m██
  [38;2;0;0;0m██[38;2;190;163;67m██[38;2;190;163;67m██[38;2;255;238;176m██[38;2;255;238;176m██[38;2;0;0;0m██[38;2;0;0;0m██[38;2;0;0;0m██[38;2;243;116;53m██[38;2;243;116;53m██[38;2;243;116;53m██[38;2;243;116;53m██[38;2;243;116;53m██[38;2;219;65;38m██[38;2;0;0;0m██
  [38;2;0;0;0m██[38;2;255;238;176m██[38;2;255;238;176m██[38;2;255;238;176m██[38;2;255;238;176m██[38;2;255;238;176m██[38;2;65;65;65m██[38;2;255;238;176m██[38;2;255;238;176m██[38;2;243;116;53m██[38;2;243;116;53m██[38;2;243;116;53m██[38;2;219;65;38m██[38;2;0;0;0m██  
[38;2;0;0;0m██[38;2;255;238;176m██[38;2;255;238;176m██[38;2;255;238;176m██[38;2;255;238;176m██[38;2;255;238;176m██[38;2;255;238;176m██[38;2;190;163;67m██[38;2;255;238;176m██[38;2;235;206;103m██[38;2;219;65;38m██[38;2;219;65;38m██[38;2;0;0;0m██[38;2;0;0;0m██    
[38;2;0;0;0m██[38;2;0;0;0m██[38;2;255;238;176m██[38;2;255;238;176m██[38;2;255;238;176m██[38;2;255;238;176m██[38;2;255;238;176m██[38;2;255;238;176m██[38;2;190;163;67m██[38;2;65;65;65m██[38;2;65;65;65m██[38;2;0;0;0m██        
[38;2;0;0;0m██[38;2;0;0;0m██[38;2;255;238;176m██[38;2;255;238;176m██[38;2;255;238;176m██[38;2;0;0;0m██[38;2;255;238;176m██[38;2;235;206;103m██[38;2;235;206;103m██[38;2;190;163;67m██[38;2;0;0;0m██          
[38;2;0;0;0m██[38;2;255;238;176m██[38;2;190;163;67m██[38;2;255;238;176m██[38;2;255;238;176m██[38;2;0;0;0m██[38;2;243;116;53m██[38;2;255;173;140m██[38;2;235;206;103m██[38;2;190;163;67m██[38;2;0;0;0m██          
  [38;2;0;0;0m██[38;2;255;238;176m██[38;2;255;238;176m██[38;2;255;238;176m██[38;2;243;116;53m██[38;2;255;238;176m██[38;2;255;173;140m██[38;2;243;116;53m██[38;2;0;0;0m██            
[38;2;0;0;0m██[38;2;219;65;38m██[38;2;65;65;65m██[38;2;190;163;67m██[38;2;235;206;103m██[38;2;235;206;103m██[38;2;219;65;38m██[38;2;0;0;0m██[38;2;0;0;0m██  [38;2;0;0;0m██[38;2;0;0;0m██        
  [38;2;0;0;0m██[38;2;190;163;67m██[38;2;255;238;176m██[38;2;255;238;176m██[38;2;235;206;103m██[38;2;190;163;67m██[38;2;255;238;176m██[38;2;243;116;53m██[38;2;0;0;0m██[38;2;243;116;53m██[38;2;0;0;0m██        
    [38;2;0;0;0m██[38;2;190;163;67m██[38;2;255;238;176m██[38;2;255;238;176m██[38;2;235;206;103m██[38;2;65;65;65m██[38;2;65;65;65m██[38;2;190;163;67m██[38;2;219;65;38m██[38;2;243;116;53m██[38;2;0;0;0m██      
    [38;2;0;0;0m██[38;2;235;206;103m██[38;2;190;163;67m██[38;2;235;206;103m██[38;2;190;163;67m██[38;2;190;163;67m██[38;2;190;163;67m██[38;2;65;65;65m██[38;2;219;65;38m██[38;2;0;0;0m██[38;2;0;0;0m██      
      [38;2;0;0;0m██[38;2;0;0;0m██[38;2;0;0;0m██[38;2;255;238;176m██[38;2;255;238;176m██[38;2;0;0;0m██[38;2;0;0;0m██[38;2;0;0;0m██          
            [38;2;0;0;0m██[38;2;0;0;0m██                
