                                  [38;2;0;0;0m██[38;2;0;0;0m██[38;2;0;0;0m██                                          
                                [38;2;0;0;0m██[38;2;144;204;117m██[38;2;144;204;117m██[38;2;88;148;61m██[38;2;0;0;0m██                                        
                              [38;2;0;0;0m██[38;2;144;204;117m██[38;2;144;204;117m██[38;2;144;204;117m██[38;2;144;204;117m██[38;2;88;148;61m██[38;2;0;0;0m██[38;2;0;0;0m██[38;2;0;0;0m██    [38;2;0;0;0m██[38;2;0;0;0m██[38;2;0;0;0m██[38;2;0;0;0m██                      
                            [38;2;0;0;0m██[38;2;0;0;0m██[38;2;46;106;19m██[38;2;144;204;117m██[38;2;88;148;61m██[38;2;88;148;61m██[38;2;88;148;61m██[38;2;88;148;61m██[38;2;144;204;117m██[38;2;144;204;117m██[38;2;0;0;0m██[38;2;0;0;0m██[38;2;144;204;117m██[38;2;144;204;117m██[38;2;144;204;117m██[38;2;88;148;61m██[38;2;0;0;0m██                    
                            [38;2;0;0;0m██[38;2;88;148;61m██[38;2;144;204;117m██[38;2;46;106;19m██[38;2;88;148;61m██[38;2;88;148;61m██[38;2;88;148;61m██[38;2;144;204;117m██[38;2;144;204;117m██[38;2;144;204;117m██[38;2;144;204;117m██[38;2;144;204;117m██[38;2;144;204;117m██[38;2;144;204;117m██[38;2;144;204;117m██[38;2;144;204;117m██[38;2;88;148;61m██[38;2;0;0;0m██                  
                          [38;2;0;0;0m██[38;2;46;106;19m██[38;2;213;213;213m██[38;2;88;148;61m██[38;2;144;204;117m██[38;2;46;106;19m██[38;2;88;148;61m██[38;2;144;204;117m██[38;2;144;204;117m██[38;2;144;204;117m██[38;2;144;204;117m██[38;2;144;204;117m██[38;2;46;106;19m██[38;2;46;106;19m██[38;2;46;106;19m██[38;2;144;204;117m██[38;2;88;148;61m██[38;2;88;148;61m██[38;2;65;65;65m██[38;2;0;0;0m██                
                  [38;2;0;0;0m██[38;2;0;0;0m██[38;2;0;0;0m██[38;2;0;0;0m██[38;2;88;148;61m██[38;2;46;106;19m██[38;2;255;255;255m██[38;2;0;0;0m██[38;2;46;106;19m██[38;2;46;106;19m██[38;2;88;148;61m██[38;2;144;204;117m██[38;2;144;204;117m██[38;2;144;204;117m██[38;2;144;204;117m██[38;2;46;106;19m██[38;2;144;204;117m██[38;2;144;204;117m██[38;2;144;204;117m██[38;2;46;106;19m██[38;2;46;106;19m██[38;2;88;148;61m██[38;2;88;148;61m██[38;2;88;148;61m██[38;2;0;0;0m██[38;2;0;0;0m██            
            [38;2;0;0;0m██[38;2;0;0;0m██[38;2;0;0;0m██[38;2;65;65;65m██[38;2;144;204;117m██[38;2;144;204;117m██[38;2;88;148;61m██[38;2;88;148;61m██[38;2;46;106;19m██[38;2;255;255;255m██[38;2;0;0;0m██[38;2;213;213;213m██[38;2;46;106;19m██[38;2;144;204;117m██[38;2;144;204;117m██[38;2;144;204;117m██[38;2;144;204;117m██[38;2;46;106;19m██[38;2;144;204;117m██[38;2;144;204;117m██[38;2;65;65;65m██[38;2;65;65;65m██[38;2;255;255;255m██[38;2;46;106;19m██[38;2;46;106;19m██[38;2;88;148;61m██[38;2;88;148;61m██[38;2;88;148;61m██[38;2;88;148;61m██[38;2;0;0;0m██          
      [38;2;0;0;0m██[38;2;0;0;0m██[38;2;0;0;0m██[38;2;255;255;255m██[38;2;255;255;255m██[38;2;255;255;255m██[38;2;255;255;255m██[38;2;65;65;65m██[38;2;65;65;65m██[38;2;88;148;61m██[38;2;88;148;61m██[38;2;88;148;61m██[38;2;46;106;19m██[38;2;255;255;255m██[38;2;46;106;19m██[38;2;88;148;61m██[38;2;88;148;61m██[38;2;144;204;117m██[38;2;144;204;117m██[38;2;144;204;117m██[38;2;46;106;19m██[38;2;88;148;61m██[38;2;65;65;65m██[38;2;0;0;0m██[38;2;255;255;255m██[38;2;255;255;255m██[38;2;255;255;255m██[38;2;46;106;19m██[38;2;88;148;61m██[38;2;88;148;61m██[38;2;88;148;61m██[38;2;88;148;61m██[38;2;88;148;61m██[38;2;0;0;0m██        
    [38;2;0;0;0m██[38;2;255;255;255m██[38;2;255;255;255m██[38;2;255;255;255m██[38;2;255;255;255m██[38;2;123;115;115m██[38;2;255;255;255m██[38;2;255;255;255m██[38;2;255;255;255m██[38;2;255;255;255m██[38;2;65;65;65m██[38;2;88;148;61m██[38;2;88;148;61m██[38;2;88;148;61m██[38;2;88;148;61m██[38;2;88;148;61m██[38;2;88;148;61m██[38;2;88;148;61m██[38;2;88;148;61m██[38;2;88;148;61m██[38;2;88;148;61m██[38;2;88;148;61m██[38;2;46;106;19m██[38;2;255;255;255m██[38;2;0;0;0m██[38;2;255;255;255m██[38;2;255;255;255m██[38;2;255;255;255m██[38;2;46;106;19m██[38;2;88;148;61m██[38;2;88;148;61m██[38;2;88;148;61m██[38;2;88;148;61m██[38;2;88;148;61m██[38;2;88;148;61m██[38;2;0;0;0m██      
  [38;2;0;0;0m██[38;2;255;255;255m██[38;2;255;255;255m██[38;2;255;255;255m██[38;2;255;255;255m██[38;2;255;255;255m██[38;2;255;255;255m██[38;2;65;65;65m██[38;2;65;65;65m██[38;2;255;255;255m██[38;2;255;255;255m██[38;2;180;180;189m██[38;2;65;65;65m██[38;2;46;106;19m██[38;2;88;148;61m██[38;2;88;148;61m██[38;2;88;148;61m██[38;2;65;65;65m██[38;2;88;148;61m██[38;2;88;148;61m██[38;2;46;106;19m██[38;2;88;148;61m██[38;2;88;148;61m██[38;2;46;106;19m██[38;2;46;106;19m██[38;2;180;180;189m██[38;2;255;255;255m██[38;2;255;255;255m██[38;2;46;106;19m██[38;2;88;148;61m██[38;2;88;148;61m██[38;2;88;148;61m██[38;2;88;148;61m██[38;2;88;148;61m██[38;2;88;148;61m██[38;2;88;148;61m██[38;2;88;148;61m██[38;2;0;0;0m██    
  [38;2;0;0;0m██[38;2;255;255;255m██[38;2;255;255;255m██[38;2;255;255;255m██[38;2;255;255;255m██[38;2;255;255;255m██[38;2;255;255;255m██[38;2;180;180;189m██[38;2;180;180;189m██[38;2;65;65;65m██[38;2;180;180;189m██[38;2;180;180;189m██[38;2;65;65;65m██[38;2;255;255;255m██[38;2;46;106;19m██[38;2;88;148;61m██[38;2;88;148;61m██[38;2;88;148;61m██[38;2;88;148;61m██[38;2;65;65;65m██[38;2;88;148;61m██[38;2;88;148;61m██[38;2;88;148;61m██[38;2;88;148;61m██[38;2;88;148;61m██[38;2;46;106;19m██[38;2;46;106;19m██[38;2;46;106;19m██[38;2;88;148;61m██[38;2;65;65;65m██[38;2;65;65;65m██[38;2;88;148;61m██[38;2;46;106;19m██[38;2;88;148;61m██[38;2;88;148;61m██[38;2;88;148;61m██[38;2;144;204;117m██[38;2;0;0;0m██    
[38;2;0;0;0m██[38;2;255;255;255m██[38;2;255;255;255m██[38;2;255;255;255m██[38;2;123;115;115m██[38;2;255;255;255m██[38;2;255;255;255m██[38;2;180;180;189m██[38;2;180;180;189m██[38;2;65;65;65m██[38;2;180;180;189m██[38;2;180;180;189m██[38;2;180;180;189m██[38;2;65;65;65m██[38;2;255;255;255m██[38;2;255;255;255m██[38;2;46;106;19m██[38;2;46;106;19m██[38;2;46;106;19m██[38;2;46;106;19m██[38;2;88;148;61m██[38;2;88;148;61m██[38;2;88;148;61m██[38;2;88;148;61m██[38;2;88;148;61m██[38;2;88;148;61m██[38;2;88;148;61m██[38;2;65;65;65m██[38;2;65;65;65m██[38;2;65;65;65m██[38;2;255;255;255m██[38;2;255;255;255m██[38;2;65;65;65m██[38;2;65;65;65m██[38;2;59;119;32m██[38;2;88;148;61m██[38;2;144;204;117m██[38;2;144;204;117m██[38;2;144;204;117m██[38;2;65;65;65m██  
[38;2;0;0;0m██[38;2;255;255;255m██[38;2;255;255;255m██[38;2;255;255;255m██[38;2;255;255;255m██[38;2;65;65;65m██[38;2;65;65;65m██[38;2;180;180;189m██[38;2;180;180;189m██[38;2;65;65;65m██[38;2;180;180;189m██[38;2;180;180;189m██[38;2;65;65;65m██[38;2;255;255;255m██[38;2;255;255;255m██[38;2;123;131;139m██[38;2;123;131;139m██[38;2;123;131;139m██[38;2;123;131;139m██[38;2;255;255;255m██[38;2;46;106;19m██[38;2;46;106;19m██[38;2;46;106;19m██[38;2;46;106;19m██[38;2;46;106;19m██[38;2;88;148;61m██[38;2;65;65;65m██[38;2;255;255;255m██[38;2;255;255;255m██[38;2;255;255;255m██[38;2;255;255;255m██[38;2;255;255;255m██[38;2;255;255;255m██[38;2;255;255;255m██[38;2;65;65;65m██[38;2;65;65;65m██[38;2;65;65;65m██[38;2;144;204;117m██[38;2;88;148;61m██[38;2;88;148;61m██[38;2;0;0;0m██
[38;2;0;0;0m██[38;2;255;255;255m██[38;2;255;255;255m██[38;2;180;180;189m██[38;2;180;180;189m██[38;2;180;180;189m██[38;2;180;180;189m██[38;2;65;65;65m██[38;2;0;0;0m██[38;2;0;0;0m██[38;2;180;180;189m██[38;2;180;180;189m██[38;2;0;0;0m██[38;2;255;255;255m██[38;2;123;131;139m██[38;2;123;131;139m██[38;2;255;255;255m██[38;2;255;255;255m██[38;2;123;131;139m██[38;2;123;131;139m██[38;2;123;131;139m██[38;2;123;131;139m██[38;2;255;255;255m██[38;2;255;255;255m██[38;2;255;255;255m██[38;2;65;65;65m██[38;2;180;180;189m██[38;2;255;255;255m██[38;2;255;255;255m██[38;2;255;255;255m██[38;2;123;115;115m██[38;2;255;255;255m██[38;2;255;255;255m██[38;2;255;255;255m██[38;2;255;255;255m██[38;2;123;115;115m██[38;2;180;180;189m██[38;2;65;65;65m██[38;2;88;148;61m██[38;2;88;148;61m██[38;2;0;0;0m██
  [38;2;0;0;0m██[38;2;0;0;0m██[38;2;180;180;189m██[38;2;180;180;189m██[38;2;180;180;189m██[38;2;0;0;0m██[38;2;0;0;0m██    [38;2;0;0;0m██[38;2;0;0;0m██  [38;2;0;0;0m██[38;2;123;131;139m██[38;2;255;255;255m██[38;2;255;255;255m██[38;2;255;255;255m██[38;2;255;255;255m██[38;2;255;255;255m██[38;2;255;255;255m██[38;2;123;131;139m██[38;2;123;131;139m██[38;2;123;131;139m██[38;2;255;255;255m██[38;2;65;65;65m██[38;2;180;180;189m██[38;2;180;180;189m██[38;2;255;255;255m██[38;2;65;65;65m██[38;2;255;255;255m██[38;2;255;255;255m██[38;2;255;255;255m██[38;2;255;255;255m██[38;2;255;255;255m██[38;2;255;255;255m██[38;2;123;115;115m██[38;2;180;180;189m██[38;2;65;65;65m██[38;2;88;148;61m██[38;2;0;0;0m██
      [38;2;0;0;0m██[38;2;0;0;0m██[38;2;0;0;0m██              [38;2;0;0;0m██[38;2;255;255;255m██[38;2;123;131;139m██[38;2;123;131;139m██[38;2;123;131;139m██[38;2;123;131;139m██[38;2;123;131;139m██[38;2;255;255;255m██[38;2;255;255;255m██[38;2;255;255;255m██[38;2;123;131;139m██[38;2;82;82;115m██[38;2;65;65;65m██[38;2;180;180;189m██[38;2;180;180;189m██[38;2;65;65;65m██[38;2;180;180;189m██[38;2;255;255;255m██[38;2;255;255;255m██[38;2;255;255;255m██[38;2;255;255;255m██[38;2;255;255;255m██[38;2;255;255;255m██[38;2;123;115;115m██[38;2;180;180;189m██[38;2;65;65;65m██[38;2;0;0;0m██  
                            [38;2;0;0;0m██[38;2;123;131;139m██[38;2;255;255;255m██[38;2;255;255;255m██[38;2;255;255;255m██[38;2;123;131;139m██[38;2;123;131;139m██[38;2;123;131;139m██[38;2;255;255;255m██[38;2;180;180;189m██[38;2;180;180;189m██[38;2;82;82;115m██[38;2;65;65;65m██[38;2;180;180;189m██[38;2;180;180;189m██[38;2;65;65;65m██[38;2;180;180;189m██[38;2;255;255;255m██[38;2;123;115;115m██[38;2;123;115;115m██[38;2;255;255;255m██[38;2;255;255;255m██[38;2;180;180;189m██[38;2;180;180;189m██[38;2;0;0;0m██    
                            [38;2;0;0;0m██[38;2;255;255;255m██[38;2;123;131;139m██[38;2;123;131;139m██[38;2;123;131;139m██[38;2;255;255;255m██[38;2;255;255;255m██[38;2;123;131;139m██[38;2;82;82;115m██[38;2;82;82;115m██[38;2;180;180;189m██[38;2;180;180;189m██[38;2;65;65;65m██[38;2;180;180;189m██[38;2;180;180;189m██[38;2;65;65;65m██[38;2;65;65;65m██[38;2;65;65;65m██[38;2;255;255;255m██[38;2;255;255;255m██[38;2;255;255;255m██[38;2;255;255;255m██[38;2;180;180;189m██[38;2;0;0;0m██      
                              [38;2;0;0;0m██[38;2;255;255;255m██[38;2;255;255;255m██[38;2;123;131;139m██[38;2;123;131;139m██[38;2;123;131;139m██[38;2;180;180;189m██[38;2;180;180;189m██[38;2;82;82;115m██[38;2;82;82;115m██[38;2;180;180;189m██[38;2;180;180;189m██[38;2;65;65;65m██[38;2;65;65;65m██[38;2;65;65;65m██[38;2;180;180;189m██[38;2;180;180;189m██[38;2;255;255;255m██[38;2;255;255;255m██[38;2;255;255;255m██[38;2;180;180;189m██[38;2;0;0;0m██        
                                [38;2;0;0;0m██[38;2;65;65;65m██[38;2;180;180;189m██[38;2;180;180;189m██[38;2;82;82;115m██[38;2;82;82;115m██[38;2;180;180;189m██[38;2;180;180;189m██[38;2;82;82;115m██[38;2;180;180;189m██[38;2;180;180;189m██[38;2;82;82;115m██[38;2;65;65;65m██[38;2;180;180;189m██[38;2;180;180;189m██[38;2;180;180;189m██[38;2;180;180;189m██[38;2;255;255;255m██[38;2;0;0;0m██[38;2;0;0;0m██          
                                  [38;2;0;0;0m██[38;2;65;65;65m██[38;2;65;65;65m██[38;2;82;82;115m██[38;2;180;180;189m██[38;2;180;180;189m██[38;2;82;82;115m██[38;2;180;180;189m██[38;2;180;180;189m██[38;2;82;82;115m██[38;2;180;180;189m██[38;2;180;180;189m██[38;2;0;0;0m██[38;2;180;180;189m██[38;2;180;180;189m██[38;2;0;0;0m██[38;2;0;0;0m██              
                                    [38;2;0;0;0m██[38;2;59;119;32m██[38;2;65;65;65m██[38;2;65;65;65m██[38;2;0;0;0m██[38;2;180;180;189m██[38;2;82;82;115m██[38;2;82;82;115m██[38;2;180;180;189m██[38;2;65;65;65m██[38;2;0;0;0m██  [38;2;0;0;0m██[38;2;0;0;0m██                  
                                [38;2;0;0;0m██[38;2;0;0;0m██[38;2;59;119;32m██[38;2;59;119;32m██[38;2;59;119;32m██[38;2;0;0;0m██  [38;2;0;0;0m██[38;2;0;0;0m██[38;2;0;0;0m██[38;2;65;65;65m██[38;2;59;119;32m██[38;2;0;0;0m██                        
                            [38;2;0;0;0m██[38;2;0;0;0m██[38;2;59;119;32m██[38;2;59;119;32m██[38;2;59;119;32m██[38;2;59;119;32m██[38;2;0;0;0m██        [38;2;0;0;0m██[38;2;59;119;32m██[38;2;59;119;32m██[38;2;59;119;32m██[38;2;0;0;0m██                      
                          [38;2;0;0;0m██[38;2;88;148;61m██[38;2;88;148;61m██[38;2;59;119;32m██[38;2;59;119;32m██[38;2;59;119;32m██[38;2;59;119;32m██[38;2;0;0;0m██          [38;2;0;0;0m██[38;2;88;148;61m██[38;2;88;148;61m██[38;2;0;0;0m██                      
                          [38;2;0;0;0m██[38;2;65;65;65m██[38;2;88;148;61m██[38;2;88;148;61m██[38;2;59;119;32m██[38;2;0;0;0m██[38;2;0;0;0m██            [38;2;0;0;0m██[38;2;144;204;117m██[38;2;144;204;117m██[38;2;144;204;117m██[38;2;0;0;0m██                    
                            [38;2;0;0;0m██[38;2;0;0;0m██[38;2;0;0;0m██[38;2;0;0;0m██              [38;2;0;0;0m██[38;2;144;204;117m██[38;2;144;204;117m██[38;2;144;204;117m██[38;2;144;204;117m██[38;2;144;204;117m██[38;2;0;0;0m██                  
                                                  [38;2;0;0;0m██[38;2;144;204;117m██[38;2;144;204;117m██[38;2;144;204;117m██[38;2;144;204;117m██[38;2;144;204;117m██[38;2;144;204;117m██[38;2;0;0;0m██                
                                                    [38;2;0;0;0m██[38;2;144;204;117m██[38;2;144;204;117m██[38;2;144;204;117m██[38;2;144;204;117m██[38;2;65;65;65m██[38;2;0;0;0m██                
                                                      [38;2;0;0;0m██[38;2;0;0;0m██[38;2;0;0;0m██[38;2;0;0;0m██[38;2;0;0;0m██                  
