          [38;2;0;0;0m██[38;2;0;0;0m██[38;2;0;0;0m██[38;2;0;0;0m██              [38;2;0;0;0m██[38;2;0;0;0m██[38;2;0;0;0m██  
      [38;2;0;0;0m██[38;2;0;0;0m██[38;2;108;182;251m██[38;2;108;182;251m██[38;2;108;182;251m██[38;2;108;182;251m██[38;2;0;0;0m██[38;2;0;0;0m██        [38;2;0;0;0m██[38;2;255;255;255m██[38;2;255;255;255m██[38;2;82;82;90m██[38;2;0;0;0m██
    [38;2;0;0;0m██[38;2;0;0;0m██[38;2;70;144;234m██[38;2;108;182;251m██[38;2;108;182;251m██[38;2;255;255;255m██[38;2;0;0;0m██[38;2;108;182;251m██[38;2;82;82;90m██[38;2;0;0;0m██    [38;2;0;0;0m██[38;2;255;255;255m██[38;2;255;255;255m██[38;2;255;255;255m██[38;2;255;255;255m██[38;2;0;0;0m██
    [38;2;0;0;0m██[38;2;108;182;251m██[38;2;108;182;251m██[38;2;108;182;251m██[38;2;0;0;0m██[38;2;0;0;0m██[38;2;0;0;0m██[38;2;255;255;255m██[38;2;70;144;234m██[38;2;0;0;0m██    [38;2;0;0;0m██[38;2;255;255;255m██[38;2;255;255;255m██[38;2;255;255;255m██[38;2;255;255;255m██[38;2;0;0;0m██
  [38;2;0;0;0m██[38;2;108;182;251m██[38;2;255;181;165m██[38;2;255;181;165m██[38;2;108;182;251m██[38;2;255;255;255m██[38;2;0;0;0m██[38;2;132;132;115m██[38;2;255;255;255m██[38;2;70;144;234m██[38;2;108;182;251m██[38;2;0;0;0m██  [38;2;0;0;0m██[38;2;255;255;255m██[38;2;108;182;251m██[38;2;255;255;255m██[38;2;255;255;255m██[38;2;0;0;0m██
  [38;2;0;0;0m██[38;2;70;144;234m██[38;2;255;181;165m██[38;2;197;132;115m██[38;2;255;181;165m██[38;2;70;144;234m██[38;2;255;255;255m██[38;2;255;255;255m██[38;2;70;144;234m██[38;2;108;182;251m██[38;2;108;182;251m██[38;2;82;82;90m██[38;2;0;0;0m██[38;2;189;189;189m██[38;2;255;255;255m██[38;2;108;182;251m██[38;2;255;255;255m██[38;2;0;0;0m██  
[38;2;0;0;0m██[38;2;70;144;234m██[38;2;255;255;255m██[38;2;189;189;189m██[38;2;255;181;165m██[38;2;255;181;165m██[38;2;255;255;255m██[38;2;70;144;234m██[38;2;108;182;251m██[38;2;108;182;251m██[38;2;108;182;251m██[38;2;70;144;234m██[38;2;70;144;234m██[38;2;82;82;90m██[38;2;189;189;189m██[38;2;70;144;234m██[38;2;189;189;189m██[38;2;189;189;189m██[38;2;0;0;0m██  
[38;2;0;0;0m██[38;2;255;255;255m██[38;2;132;132;115m██[38;2;82;82;90m██[38;2;82;82;90m██[38;2;82;82;90m██[38;2;132;132;115m██[38;2;255;255;255m██[38;2;70;144;234m██[38;2;70;144;234m██[38;2;70;144;234m██[38;2;70;144;234m██[38;2;70;144;234m██[38;2;82;82;90m██[38;2;70;144;234m██[38;2;70;144;234m██[38;2;189;189;189m██[38;2;0;0;0m██    
[38;2;0;0;0m██[38;2;132;132;115m██[38;2;82;82;90m██[38;2;255;255;255m██[38;2;255;255;255m██[38;2;255;255;255m██[38;2;82;82;90m██[38;2;132;132;115m██[38;2;189;189;189m██[38;2;70;144;234m██[38;2;70;144;234m██[38;2;70;144;234m██[38;2;70;144;234m██[38;2;82;82;90m██[38;2;70;144;234m██[38;2;0;0;0m██[38;2;0;0;0m██      
  [38;2;0;0;0m██[38;2;255;255;255m██[38;2;132;132;115m██[38;2;82;82;90m██[38;2;132;132;115m██[38;2;189;189;189m██[38;2;82;82;90m██[38;2;189;189;189m██[38;2;70;144;234m██[38;2;70;144;234m██[38;2;70;144;234m██[38;2;82;82;90m██[38;2;0;0;0m██[38;2;0;0;0m██          
[38;2;0;0;0m██[38;2;70;144;234m██[38;2;82;82;90m██[38;2;82;82;90m██[38;2;189;189;189m██[38;2;82;82;90m██[38;2;189;189;189m██[38;2;82;82;90m██[38;2;189;189;189m██[38;2;70;144;234m██[38;2;70;144;234m██[38;2;0;0;0m██[38;2;0;0;0m██              
[38;2;0;0;0m██[38;2;82;82;90m██[38;2;70;144;234m██[38;2;82;82;90m██[38;2;0;0;0m██[38;2;189;189;189m██[38;2;82;82;90m██[38;2;189;189;189m██[38;2;70;144;234m██[38;2;82;82;90m██[38;2;0;0;0m██                  
  [38;2;0;0;0m██[38;2;0;0;0m██[38;2;0;0;0m██  [38;2;0;0;0m██[38;2;0;0;0m██[38;2;82;82;90m██[38;2;82;82;90m██[38;2;70;144;234m██[38;2;70;144;234m██[38;2;0;0;0m██                
              [38;2;0;0;0m██[38;2;70;144;234m██[38;2;70;144;234m██[38;2;82;82;90m██[38;2;0;0;0m██                
                [38;2;0;0;0m██[38;2;0;0;0m██[38;2;0;0;0m██                  
