                                        [38;2;0;0;0m██[38;2;0;0;0m██    
                                        [38;2;0;0;0m██[38;2;184;229;255m██[38;2;0;0;0m██  
            [38;2;0;0;0m██[38;2;0;0;0m██      [38;2;0;0;0m██[38;2;0;0;0m██        [38;2;0;0;0m██    [38;2;0;0;0m██[38;2;184;229;255m██[38;2;184;229;255m██[38;2;0;0;0m██
        [38;2;0;0;0m██[38;2;0;0;0m██[38;2;184;229;255m██[38;2;66;142;241m██[38;2;0;0;0m██[38;2;0;0;0m██[38;2;0;0;0m██[38;2;184;229;255m██[38;2;0;0;0m██      [38;2;0;0;0m██[38;2;116;178;255m██[38;2;0;0;0m██[38;2;0;0;0m██[38;2;116;178;255m██[38;2;184;229;255m██[38;2;184;229;255m██[38;2;0;0;0m██
      [38;2;0;0;0m██[38;2;184;229;255m██[38;2;116;178;255m██[38;2;184;229;255m██[38;2;116;178;255m██[38;2;116;178;255m██[38;2;184;229;255m██[38;2;184;229;255m██[38;2;116;178;255m██[38;2;0;0;0m██      [38;2;0;0;0m██[38;2;66;142;241m██[38;2;66;142;241m██[38;2;116;178;255m██[38;2;184;229;255m██[38;2;184;229;255m██[38;2;116;178;255m██[38;2;0;0;0m██
      [38;2;0;0;0m██[38;2;184;229;255m██[38;2;184;229;255m██[38;2;116;178;255m██[38;2;184;229;255m██[38;2;66;142;241m██[38;2;66;142;241m██[38;2;116;178;255m██[38;2;0;0;0m██      [38;2;0;0;0m██[38;2;116;178;255m██[38;2;184;229;255m██[38;2;66;142;241m██[38;2;184;229;255m██[38;2;184;229;255m██[38;2;116;178;255m██[38;2;0;0;0m██  
    [38;2;0;0;0m██[38;2;184;229;255m██[38;2;184;229;255m██[38;2;184;229;255m██[38;2;66;142;241m██[38;2;66;142;241m██[38;2;66;142;241m██[38;2;65;65;65m██[38;2;65;65;65m██        [38;2;0;0;0m██[38;2;184;229;255m██[38;2;184;229;255m██[38;2;66;142;241m██[38;2;66;142;241m██[38;2;66;142;241m██[38;2;66;142;241m██[38;2;0;0;0m██  
[38;2;0;0;0m██[38;2;0;0;0m██[38;2;65;65;65m██[38;2;184;229;255m██[38;2;184;229;255m██[38;2;116;178;255m██[38;2;66;142;241m██[38;2;66;142;241m██[38;2;66;142;241m██[38;2;255;238;155m██[38;2;255;238;155m██[38;2;0;0;0m██  [38;2;0;0;0m██[38;2;0;0;0m██[38;2;65;65;65m██[38;2;184;229;255m██[38;2;116;178;255m██[38;2;66;142;241m██[38;2;66;142;241m██[38;2;116;178;255m██[38;2;0;0;0m██    
[38;2;0;0;0m██[38;2;193;178;103m██[38;2;65;65;65m██[38;2;66;142;241m██[38;2;116;178;255m██[38;2;66;142;241m██[38;2;66;142;241m██[38;2;255;238;155m██[38;2;255;238;155m██[38;2;66;142;241m██[38;2;0;0;0m██  [38;2;0;0;0m██[38;2;66;142;241m██[38;2;184;229;255m██[38;2;116;178;255m██[38;2;65;65;65m██[38;2;66;142;241m██[38;2;66;142;241m██[38;2;0;0;0m██[38;2;0;0;0m██      
  [38;2;0;0;0m██[38;2;193;178;103m██[38;2;65;65;65m██[38;2;66;142;241m██[38;2;66;142;241m██[38;2;255;238;155m██[38;2;255;238;155m██[38;2;66;142;241m██[38;2;65;65;65m██[38;2;116;178;255m██[38;2;0;0;0m██[38;2;116;178;255m██[38;2;116;178;255m██[38;2;66;142;241m██[38;2;66;142;241m██[38;2;255;238;155m██[38;2;65;65;65m██[38;2;0;0;0m██          
    [38;2;0;0;0m██[38;2;255;247;206m██[38;2;65;65;65m██[38;2;65;65;65m██[38;2;255;238;155m██[38;2;255;238;155m██[38;2;255;238;155m██[38;2;255;238;155m██[38;2;65;65;65m██[38;2;184;229;255m██[38;2;184;229;255m██[38;2;66;142;241m██[38;2;255;247;206m██[38;2;255;247;206m██[38;2;255;247;206m██[38;2;255;238;155m██[38;2;0;0;0m██  [38;2;0;0;0m██[38;2;0;0;0m██[38;2;0;0;0m██  
    [38;2;0;0;0m██[38;2;255;247;206m██[38;2;255;247;206m██[38;2;255;247;206m██[38;2;193;178;103m██[38;2;0;0;0m██[38;2;255;238;155m██[38;2;255;238;155m██[38;2;255;238;155m██[38;2;66;142;241m██[38;2;66;142;241m██[38;2;255;247;206m██[38;2;255;247;206m██[38;2;255;247;206m██[38;2;255;247;206m██[38;2;255;238;155m██[38;2;255;238;155m██[38;2;0;0;0m██[38;2;184;229;255m██[38;2;184;229;255m██[38;2;0;0;0m██  
    [38;2;0;0;0m██[38;2;255;247;206m██[38;2;255;247;206m██[38;2;255;247;206m██[38;2;0;0;0m██[38;2;0;0;0m██[38;2;255;238;155m██[38;2;193;178;103m██[38;2;255;238;155m██[38;2;255;247;206m██[38;2;255;247;206m██[38;2;255;247;206m██[38;2;255;247;206m██[38;2;255;247;206m██[38;2;255;238;155m██[38;2;255;238;155m██[38;2;255;238;155m██[38;2;116;178;255m██[38;2;116;178;255m██[38;2;0;0;0m██    
      [38;2;0;0;0m██[38;2;255;247;206m██[38;2;255;238;155m██[38;2;132;132;115m██[38;2;255;238;155m██[38;2;255;238;155m██[38;2;193;178;103m██[38;2;255;238;155m██[38;2;255;238;155m██[38;2;255;247;206m██[38;2;255;247;206m██[38;2;255;238;155m██[38;2;255;238;155m██[38;2;255;238;155m██[38;2;255;238;155m██[38;2;66;142;241m██[38;2;116;178;255m██[38;2;66;142;241m██[38;2;0;0;0m██    
      [38;2;0;0;0m██[38;2;255;247;206m██[38;2;255;238;155m██[38;2;255;238;155m██[38;2;255;238;155m██[38;2;193;178;103m██[38;2;255;238;155m██[38;2;255;238;155m██[38;2;255;238;155m██[38;2;255;238;155m██[38;2;255;238;155m██[38;2;255;238;155m██[38;2;65;65;65m██[38;2;255;238;155m██[38;2;255;238;155m██[38;2;255;238;155m██[38;2;66;142;241m██[38;2;0;0;0m██      
      [38;2;0;0;0m██[38;2;255;238;155m██[38;2;193;178;103m██[38;2;255;238;155m██[38;2;65;65;65m██[38;2;255;238;155m██[38;2;255;238;155m██[38;2;255;238;155m██[38;2;255;238;155m██[38;2;255;238;155m██[38;2;255;238;155m██[38;2;255;238;155m██[38;2;65;65;65m██[38;2;255;238;155m██[38;2;255;238;155m██[38;2;255;238;155m██[38;2;0;0;0m██        
        [38;2;0;0;0m██[38;2;65;65;65m██[38;2;65;65;65m██[38;2;255;238;155m██[38;2;255;238;155m██[38;2;255;238;155m██[38;2;255;238;155m██[38;2;255;238;155m██[38;2;193;178;103m██[38;2;255;238;155m██[38;2;65;65;65m██[38;2;66;142;241m██[38;2;65;65;65m██[38;2;193;178;103m██[38;2;193;178;103m██[38;2;0;0;0m██        
          [38;2;0;0;0m██[38;2;193;178;103m██[38;2;150;139;84m██[38;2;255;238;155m██[38;2;193;178;103m██[38;2;255;238;155m██[38;2;255;238;155m██[38;2;66;142;241m██[38;2;116;178;255m██[38;2;116;178;255m██[38;2;66;142;241m██[38;2;0;0;0m██[38;2;65;65;65m██[38;2;132;132;115m██[38;2;0;0;0m██        
          [38;2;0;0;0m██[38;2;193;178;103m██[38;2;193;178;103m██[38;2;0;0;0m██[38;2;0;0;0m██[38;2;255;238;155m██[38;2;255;238;155m██[38;2;255;238;155m██[38;2;65;65;65m██[38;2;66;142;241m██[38;2;0;0;0m██  [38;2;0;0;0m██[38;2;0;0;0m██          
          [38;2;0;0;0m██[38;2;65;65;65m██[38;2;65;65;65m██[38;2;0;0;0m██  [38;2;0;0;0m██[38;2;255;238;155m██[38;2;255;238;155m██[38;2;65;65;65m██[38;2;0;0;0m██                  
            [38;2;0;0;0m██[38;2;0;0;0m██    [38;2;0;0;0m██[38;2;255;238;155m██[38;2;255;238;155m██[38;2;0;0;0m██                    
                    [38;2;0;0;0m██[38;2;132;132;115m██[38;2;132;132;115m██[38;2;0;0;0m██                    
                      [38;2;0;0;0m██[38;2;0;0;0m██                      
