            [38;2;0;0;0m██[38;2;0;0;0m██                  
          [38;2;0;0;0m██[38;2;107;97;89m██[38;2;107;97;89m██[38;2;0;0;0m██                
        [38;2;0;0;0m██[38;2;107;97;89m██[38;2;72;69;67m██[38;2;72;69;67m██[38;2;107;97;89m██[38;2;0;0;0m██              
        [38;2;0;0;0m██[38;2;107;97;89m██[38;2;72;69;67m██[38;2;88;82;77m██[38;2;107;97;89m██[38;2;0;0;0m██              
        [38;2;0;0;0m██[38;2;88;82;77m██[38;2;107;97;89m██[38;2;72;69;67m██[38;2;0;0;0m██                
      [38;2;0;0;0m██[38;2;107;97;89m██[38;2;65;65;65m██[38;2;107;97;89m██[38;2;0;0;0m██    [38;2;0;0;0m██            
      [38;2;0;0;0m██[38;2;107;97;89m██[38;2;88;82;77m██[38;2;65;65;65m██[38;2;107;97;89m██[38;2;0;0;0m██[38;2;0;0;0m██[38;2;107;97;89m██[38;2;0;0;0m██          
  [38;2;0;0;0m██    [38;2;0;0;0m██[38;2;107;97;89m██[38;2;107;97;89m██[38;2;107;97;89m██[38;2;72;69;67m██[38;2;107;97;89m██[38;2;107;97;89m██[38;2;0;0;0m██          
[38;2;0;0;0m██[38;2;107;97;89m██[38;2;0;0;0m██[38;2;0;0;0m██[38;2;229;201;0m██[38;2;107;97;89m██[38;2;107;97;89m██[38;2;107;97;89m██[38;2;107;97;89m██[38;2;88;82;77m██[38;2;0;0;0m██            
[38;2;0;0;0m██[38;2;88;82;77m██[38;2;107;97;89m██[38;2;72;69;67m██[38;2;255;232;99m██[38;2;107;97;89m██[38;2;107;97;89m██[38;2;229;201;0m██[38;2;107;97;89m██[38;2;107;97;89m██[38;2;72;69;67m██[38;2;0;0;0m██[38;2;0;0;0m██        
[38;2;0;0;0m██[38;2;107;97;89m██[38;2;88;82;77m██[38;2;107;97;89m██[38;2;107;97;89m██[38;2;107;97;89m██[38;2;107;97;89m██[38;2;255;232;99m██[38;2;107;97;89m██[38;2;107;97;89m██[38;2;88;82;77m██[38;2;107;97;89m██[38;2;107;97;89m██[38;2;0;0;0m██  [38;2;0;0;0m██  
  [38;2;0;0;0m██[38;2;88;82;77m██[38;2;107;97;89m██[38;2;189;189;189m██[38;2;88;82;77m██[38;2;107;97;89m██[38;2;107;97;89m██[38;2;107;97;89m██[38;2;88;82;77m██[38;2;107;97;89m██[38;2;107;97;89m██[38;2;107;97;89m██[38;2;107;97;89m██[38;2;0;0;0m██[38;2;107;97;89m██[38;2;0;0;0m██
    [38;2;0;0;0m██[38;2;72;69;67m██[38;2;107;97;89m██[38;2;107;97;89m██[38;2;189;189;189m██[38;2;107;97;89m██[38;2;107;97;89m██[38;2;107;97;89m██[38;2;107;97;89m██[38;2;107;97;89m██[38;2;107;97;89m██[38;2;107;97;89m██[38;2;107;97;89m██[38;2;107;97;89m██[38;2;0;0;0m██
    [38;2;0;0;0m██[38;2;229;201;0m██[38;2;107;97;89m██[38;2;107;97;89m██[38;2;107;97;89m██[38;2;107;97;89m██[38;2;72;69;67m██[38;2;88;82;77m██[38;2;107;97;89m██[38;2;65;65;65m██[38;2;107;97;89m██[38;2;107;97;89m██[38;2;107;97;89m██[38;2;0;0;0m██  
    [38;2;0;0;0m██[38;2;229;201;0m██[38;2;72;69;67m██[38;2;107;97;89m██[38;2;107;97;89m██[38;2;72;69;67m██[38;2;255;232;99m██[38;2;255;232;99m██[38;2;65;65;65m██[38;2;175;91;186m██[38;2;65;65;65m██[38;2;0;0;0m██[38;2;0;0;0m██    
      [38;2;0;0;0m██[38;2;175;91;186m██[38;2;72;69;67m██[38;2;72;69;67m██[38;2;175;91;186m██[38;2;229;201;0m██[38;2;229;201;0m██[38;2;175;91;186m██[38;2;209;125;220m██[38;2;175;91;186m██[38;2;0;0;0m██      
      [38;2;0;0;0m██[38;2;209;125;220m██[38;2;175;91;186m██[38;2;175;91;186m██[38;2;209;125;220m██[38;2;175;91;186m██[38;2;175;91;186m██[38;2;209;125;220m██[38;2;209;125;220m██[38;2;0;0;0m██        
        [38;2;0;0;0m██[38;2;0;0;0m██[38;2;0;0;0m██[38;2;0;0;0m██[38;2;175;91;186m██[38;2;209;125;220m██[38;2;209;125;220m██[38;2;0;0;0m██          
                [38;2;0;0;0m██[38;2;0;0;0m██[38;2;0;0;0m██            
