        [38;2;0;0;0m██                                
      [38;2;0;0;0m██[38;2;90;104;140m██[38;2;0;0;0m██                              
      [38;2;0;0;0m██[38;2;90;104;140m██[38;2;0;0;0m██                              
      [38;2;0;0;0m██[38;2;90;104;140m██[38;2;90;104;140m██[38;2;0;0;0m██                            
      [38;2;0;0;0m██[38;2;90;104;140m██[38;2;90;104;140m██[38;2;0;0;0m██                [38;2;0;0;0m██[38;2;0;0;0m██[38;2;0;0;0m██      
      [38;2;0;0;0m██[38;2;191;123;250m██[38;2;90;104;140m██[38;2;90;104;140m██[38;2;0;0;0m██[38;2;0;0;0m██[38;2;0;0;0m██      [38;2;0;0;0m██[38;2;0;0;0m██[38;2;90;104;140m██[38;2;0;0;0m██        
      [38;2;0;0;0m██[38;2;191;123;250m██[38;2;58;72;104m██[38;2;58;72;104m██[38;2;90;104;140m██[38;2;90;104;140m██[38;2;90;104;140m██[38;2;0;0;0m██[38;2;0;0;0m██[38;2;0;0;0m██[38;2;90;104;140m██[38;2;90;104;140m██[38;2;90;104;140m██[38;2;90;104;140m██[38;2;0;0;0m██      
    [38;2;0;0;0m██[38;2;159;91;218m██[38;2;191;123;250m██[38;2;90;104;140m██[38;2;90;104;140m██[38;2;90;104;140m██[38;2;90;104;140m██[38;2;90;104;140m██[38;2;90;104;140m██[38;2;58;72;104m██[38;2;90;104;140m██[38;2;90;104;140m██[38;2;90;104;140m██[38;2;90;104;140m██[38;2;0;0;0m██        
    [38;2;0;0;0m██[38;2;191;123;250m██[38;2;191;123;250m██[38;2;255;222;173m██[38;2;90;104;140m██[38;2;90;104;140m██[38;2;90;104;140m██[38;2;90;104;140m██[38;2;90;104;140m██[38;2;90;104;140m██[38;2;191;123;250m██[38;2;159;91;218m██[38;2;90;104;140m██[38;2;0;0;0m██          
  [38;2;0;0;0m██[38;2;0;0;0m██[38;2;191;123;250m██[38;2;191;123;250m██[38;2;255;222;173m██[38;2;90;104;140m██[38;2;90;104;140m██[38;2;255;222;173m██[38;2;90;104;140m██[38;2;191;123;250m██[38;2;191;123;250m██[38;2;191;123;250m██[38;2;90;104;140m██[38;2;0;0;0m██            
[38;2;0;0;0m██[38;2;90;104;140m██[38;2;90;104;140m██[38;2;255;255;255m██[38;2;191;123;250m██[38;2;189;173;132m██[38;2;90;104;140m██[38;2;90;104;140m██[38;2;255;222;173m██[38;2;191;123;250m██[38;2;191;123;250m██[38;2;191;123;250m██[38;2;159;91;218m██[38;2;90;104;140m██[38;2;0;0;0m██            
  [38;2;0;0;0m██[38;2;90;104;140m██[38;2;255;255;255m██[38;2;107;189;99m██[38;2;90;104;140m██[38;2;90;104;140m██[38;2;90;104;140m██[38;2;189;173;132m██[38;2;191;123;250m██[38;2;191;123;250m██[38;2;159;91;218m██[38;2;90;104;140m██[38;2;0;0;0m██      [38;2;0;0;0m██[38;2;0;0;0m██    
    [38;2;0;0;0m██[38;2;90;104;140m██[38;2;0;0;0m██[38;2;90;104;140m██[38;2;90;104;140m██[38;2;90;104;140m██[38;2;90;104;140m██[38;2;107;189;99m██[38;2;255;255;255m██[38;2;255;255;255m██[38;2;90;104;140m██[38;2;58;72;104m██[38;2;0;0;0m██  [38;2;0;0;0m██[38;2;90;104;140m██[38;2;90;104;140m██[38;2;0;0;0m██  
      [38;2;0;0;0m██[38;2;189;173;132m██[38;2;255;222;173m██[38;2;90;104;140m██[38;2;90;104;140m██[38;2;0;0;0m██[38;2;107;189;99m██[38;2;214;214;214m██[38;2;90;104;140m██[38;2;90;104;140m██[38;2;90;104;140m██[38;2;90;104;140m██[38;2;0;0;0m██  [38;2;0;0;0m██[38;2;90;104;140m██[38;2;90;104;140m██[38;2;0;0;0m██
        [38;2;0;0;0m██[38;2;132;132;115m██[38;2;255;222;173m██[38;2;255;222;173m██[38;2;255;222;173m██[38;2;255;222;173m██[38;2;90;104;140m██[38;2;58;72;104m██[38;2;0;0;0m██[38;2;0;0;0m██[38;2;0;0;0m██    [38;2;0;0;0m██[38;2;90;104;140m██[38;2;90;104;140m██[38;2;0;0;0m██
          [38;2;0;0;0m██[38;2;0;0;0m██[38;2;65;65;65m██[38;2;132;132;115m██[38;2;58;72;104m██[38;2;0;0;0m██[38;2;0;0;0m██        [38;2;0;0;0m██[38;2;90;104;140m██[38;2;58;72;104m██[38;2;90;104;140m██[38;2;0;0;0m██
            [38;2;0;0;0m██[38;2;189;173;132m██[38;2;189;173;132m██[38;2;90;104;140m██[38;2;58;72;104m██[38;2;0;0;0m██        [38;2;0;0;0m██[38;2;90;104;140m██[38;2;0;0;0m██[38;2;90;104;140m██[38;2;0;0;0m██
            [38;2;0;0;0m██[38;2;189;173;132m██[38;2;90;104;140m██[38;2;90;104;140m██[38;2;90;104;140m██[38;2;90;104;140m██[38;2;0;0;0m██    [38;2;0;0;0m██[38;2;90;104;140m██[38;2;0;0;0m██  [38;2;0;0;0m██  
              [38;2;0;0;0m██[38;2;90;104;140m██[38;2;189;173;132m██[38;2;90;104;140m██[38;2;90;104;140m██[38;2;90;104;140m██[38;2;58;72;104m██[38;2;58;72;104m██[38;2;90;104;140m██[38;2;0;0;0m██        
              [38;2;0;0;0m██[38;2;90;104;140m██[38;2;189;173;132m██[38;2;58;72;104m██[38;2;189;173;132m██[38;2;58;72;104m██[38;2;0;0;0m██[38;2;0;0;0m██[38;2;0;0;0m██          
                [38;2;0;0;0m██[38;2;90;104;140m██[38;2;0;0;0m██[38;2;0;0;0m██[38;2;0;0;0m██                
                [38;2;0;0;0m██[38;2;0;0;0m██                      
