  [38;2;0;0;0m██                                              
[38;2;0;0;0m██[38;2;208;209;182m██[38;2;0;0;0m██                                            
[38;2;0;0;0m██[38;2;208;209;182m██[38;2;208;209;182m██[38;2;0;0;0m██  [38;2;0;0;0m██          [38;2;0;0;0m██[38;2;0;0;0m██    [38;2;0;0;0m██[38;2;0;0;0m██                
[38;2;0;0;0m██[38;2;208;209;182m██[38;2;208;209;182m██[38;2;208;209;182m██[38;2;0;0;0m██[38;2;255;255;255m██[38;2;0;0;0m██  [38;2;0;0;0m██  [38;2;0;0;0m██[38;2;255;85;106m██[38;2;255;85;106m██[38;2;0;0;0m██[38;2;0;0;0m██[38;2;255;255;255m██[38;2;0;0;0m██                
  [38;2;0;0;0m██[38;2;208;209;182m██[38;2;65;65;65m██[38;2;65;65;65m██[38;2;167;168;141m██[38;2;65;65;65m██[38;2;0;0;0m██[38;2;255;255;255m██[38;2;0;0;0m██[38;2;255;85;106m██[38;2;255;85;106m██[38;2;65;65;65m██[38;2;0;0;0m██[38;2;255;255;255m██[38;2;255;255;255m██[38;2;0;0;0m██                
  [38;2;0;0;0m██[38;2;65;65;65m██[38;2;255;85;106m██[38;2;255;85;106m██[38;2;255;85;106m██[38;2;255;85;106m██[38;2;65;65;65m██[38;2;167;168;141m██[38;2;65;65;65m██[38;2;65;65;65m██[38;2;65;65;65m██[38;2;255;255;255m██[38;2;255;255;255m██[38;2;255;255;255m██[38;2;65;65;65m██[38;2;0;0;0m██                
[38;2;0;0;0m██[38;2;255;85;106m██[38;2;255;163;174m██[38;2;255;163;174m██[38;2;255;85;106m██[38;2;255;85;106m██[38;2;255;85;106m██[38;2;255;85;106m██[38;2;65;65;65m██[38;2;65;65;65m██[38;2;125;126;99m██[38;2;255;255;255m██[38;2;255;255;255m██[38;2;255;255;255m██[38;2;208;209;182m██[38;2;65;65;65m██[38;2;255;85;106m██[38;2;0;0;0m██              
[38;2;0;0;0m██[38;2;199;68;84m██[38;2;199;68;84m██[38;2;255;85;106m██[38;2;255;85;106m██[38;2;255;85;106m██[38;2;255;85;106m██[38;2;255;85;106m██[38;2;65;65;65m██[38;2;65;65;65m██[38;2;65;65;65m██[38;2;255;255;255m██[38;2;255;255;255m██[38;2;255;255;255m██[38;2;65;65;65m██[38;2;255;85;106m██[38;2;255;85;106m██[38;2;255;85;106m██[38;2;0;0;0m██            
[38;2;0;0;0m██[38;2;65;65;65m██[38;2;199;68;84m██[38;2;199;68;84m██[38;2;199;68;84m██[38;2;255;85;106m██[38;2;255;85;106m██[38;2;199;68;84m██[38;2;65;65;65m██[38;2;65;65;65m██[38;2;65;65;65m██[38;2;167;168;141m██[38;2;255;255;255m██[38;2;65;65;65m██[38;2;65;65;65m██[38;2;65;65;65m██[38;2;255;85;106m██[38;2;199;68;84m██[38;2;199;68;84m██[38;2;0;0;0m██          
  [38;2;0;0;0m██[38;2;199;68;84m██[38;2;199;68;84m██[38;2;199;68;84m██[38;2;199;68;84m██[38;2;199;68;84m██[38;2;65;65;65m██[38;2;65;65;65m██[38;2;65;65;65m██[38;2;125;126;99m██[38;2;65;65;65m██[38;2;65;65;65m██[38;2;125;126;99m██[38;2;65;65;65m██[38;2;255;85;106m██[38;2;65;65;65m██[38;2;65;65;65m██[38;2;199;68;84m██[38;2;0;0;0m██          
  [38;2;0;0;0m██[38;2;255;255;255m██[38;2;255;255;255m██[38;2;199;68;84m██[38;2;199;68;84m██[38;2;65;65;65m██[38;2;65;65;65m██[38;2;65;65;65m██[38;2;181;74;58m██[38;2;167;168;141m██[38;2;65;65;65m██[38;2;167;168;141m██[38;2;125;126;99m██[38;2;65;65;65m██[38;2;255;85;106m██[38;2;255;85;106m██[38;2;167;168;141m██[38;2;65;65;65m██[38;2;199;68;84m██[38;2;0;0;0m██        
    [38;2;0;0;0m██[38;2;167;168;141m██[38;2;65;65;65m██[38;2;255;255;255m██[38;2;255;255;255m██[38;2;65;65;65m██[38;2;0;0;0m██[38;2;247;74;58m██[38;2;167;168;141m██[38;2;65;65;65m██[38;2;167;168;141m██[38;2;65;65;65m██[38;2;167;168;141m██[38;2;255;255;255m██[38;2;255;255;255m██[38;2;125;126;99m██[38;2;125;126;99m██[38;2;65;65;65m██[38;2;0;0;0m██        
    [38;2;0;0;0m██[38;2;65;65;65m██[38;2;65;65;65m██[38;2;65;65;65m██[38;2;167;168;141m██[38;2;65;65;65m██[38;2;247;74;58m██[38;2;167;168;141m██[38;2;65;65;65m██[38;2;65;65;65m██[38;2;125;126;99m██[38;2;65;65;65m██[38;2;255;85;106m██[38;2;65;65;65m██[38;2;125;126;99m██[38;2;125;126;99m██[38;2;125;126;99m██[38;2;125;126;99m██[38;2;125;126;99m██[38;2;0;0;0m██      
      [38;2;0;0;0m██[38;2;0;0;0m██[38;2;65;65;65m██[38;2;65;65;65m██[38;2;167;168;141m██[38;2;167;168;141m██[38;2;65;65;65m██[38;2;125;126;99m██[38;2;125;126;99m██[38;2;65;65;65m██[38;2;199;68;84m██[38;2;125;126;99m██[38;2;125;126;99m██[38;2;125;126;99m██[38;2;125;126;99m██[38;2;125;126;99m██[38;2;125;126;99m██[38;2;125;126;99m██[38;2;65;65;65m██[38;2;0;0;0m██[38;2;0;0;0m██  
          [38;2;0;0;0m██[38;2;167;168;141m██[38;2;167;168;141m██[38;2;167;168;141m██[38;2;65;65;65m██[38;2;65;65;65m██[38;2;65;65;65m██[38;2;167;168;141m██[38;2;65;65;65m██[38;2;167;168;141m██[38;2;65;65;65m██[38;2;125;126;99m██[38;2;167;168;141m██[38;2;167;168;141m██[38;2;65;65;65m██[38;2;125;126;99m██[38;2;65;65;65m██[38;2;199;68;84m██[38;2;65;65;65m██[38;2;0;0;0m██
            [38;2;0;0;0m██[38;2;65;65;65m██[38;2;65;65;65m██[38;2;65;65;65m██[38;2;255;85;106m██[38;2;255;85;106m██[38;2;65;65;65m██[38;2;255;85;106m██[38;2;255;85;106m██[38;2;65;65;65m██[38;2;167;168;141m██[38;2;167;168;141m██[38;2;167;168;141m██[38;2;167;168;141m██[38;2;65;65;65m██[38;2;65;65;65m██[38;2;199;68;84m██[38;2;65;65;65m██[38;2;0;0;0m██
              [38;2;0;0;0m██[38;2;125;126;99m██[38;2;125;126;99m██[38;2;65;65;65m██[38;2;167;168;141m██[38;2;65;65;65m██[38;2;167;168;141m██[38;2;65;65;65m██[38;2;167;168;141m██[38;2;167;168;141m██[38;2;167;168;141m██[38;2;167;168;141m██[38;2;255;85;106m██[38;2;65;65;65m██[38;2;65;65;65m██[38;2;0;0;0m██[38;2;0;0;0m██  
                [38;2;0;0;0m██[38;2;65;65;65m██[38;2;125;126;99m██[38;2;65;65;65m██[38;2;125;126;99m██[38;2;65;65;65m██[38;2;65;65;65m██[38;2;255;85;106m██[38;2;255;255;255m██[38;2;255;255;255m██[38;2;255;85;106m██[38;2;199;68;84m██[38;2;65;65;65m██[38;2;0;0;0m██      
              [38;2;0;0;0m██[38;2;208;209;182m██[38;2;208;209;182m██[38;2;65;65;65m██[38;2;0;0;0m██[38;2;0;0;0m██[38;2;0;0;0m██[38;2;0;0;0m██[38;2;199;68;84m██[38;2;199;68;84m██[38;2;199;68;84m██[38;2;199;68;84m██[38;2;65;65;65m██[38;2;125;126;99m██[38;2;0;0;0m██      
                [38;2;0;0;0m██[38;2;0;0;0m██[38;2;0;0;0m██        [38;2;0;0;0m██[38;2;65;65;65m██[38;2;65;65;65m██[38;2;65;65;65m██[38;2;125;126;99m██[38;2;125;126;99m██[38;2;0;0;0m██      
                                [38;2;0;0;0m██[38;2;125;126;99m██[38;2;65;65;65m██[38;2;125;126;99m██[38;2;0;0;0m██        
                              [38;2;0;0;0m██[38;2;208;209;182m██[38;2;65;65;65m██[38;2;208;209;182m██[38;2;125;126;99m██[38;2;0;0;0m██        
                                [38;2;0;0;0m██[38;2;0;0;0m██[38;2;0;0;0m██[38;2;0;0;0m██          
