              [38;2;0;0;0m██                                  
            [38;2;0;0;0m██[38;2;181;75;66m██[38;2;0;0;0m██  [38;2;0;0;0m██  [38;2;0;0;0m██            [38;2;0;0;0m██[38;2;0;0;0m██        
  [38;2;0;0;0m██[38;2;0;0;0m██    [38;2;0;0;0m██[38;2;181;75;66m██[38;2;181;75;66m██[38;2;0;0;0m██[38;2;0;0;0m██[38;2;214;104;66m██[38;2;0;0;0m██[38;2;214;104;66m██[38;2;0;0;0m██          [38;2;0;0;0m██[38;2;230;214;123m██[38;2;0;0;0m██      
  [38;2;0;0;0m██[38;2;189;200;153m██[38;2;0;0;0m██  [38;2;0;0;0m██[38;2;65;65;65m██[38;2;181;75;66m██[38;2;214;104;66m██[38;2;214;104;66m██[38;2;214;104;66m██[38;2;214;104;66m██[38;2;214;104;66m██[38;2;0;0;0m██[38;2;0;0;0m██          [38;2;0;0;0m██[38;2;230;214;123m██[38;2;0;0;0m██    
    [38;2;0;0;0m██[38;2;189;200;153m██[38;2;0;0;0m██[38;2;0;0;0m██[38;2;214;104;66m██[38;2;214;104;66m██[38;2;214;104;66m██[38;2;214;104;66m██[38;2;214;104;66m██[38;2;181;75;66m██[38;2;214;104;66m██[38;2;214;104;66m██[38;2;65;65;65m██[38;2;0;0;0m██[38;2;0;0;0m██[38;2;0;0;0m██    [38;2;0;0;0m██[38;2;197;173;107m██[38;2;230;214;123m██[38;2;0;0;0m██  
      [38;2;0;0;0m██[38;2;214;104;66m██[38;2;214;104;66m██[38;2;214;104;66m██[38;2;214;104;66m██[38;2;214;104;66m██[38;2;0;0;0m██[38;2;65;65;65m██[38;2;255;255;255m██[38;2;214;104;66m██[38;2;65;65;65m██[38;2;214;104;66m██[38;2;214;104;66m██[38;2;214;104;66m██[38;2;214;104;66m██[38;2;0;0;0m██    [38;2;0;0;0m██[38;2;197;173;107m██[38;2;0;0;0m██  
    [38;2;0;0;0m██[38;2;223;234;187m██[38;2;181;75;66m██[38;2;223;234;187m██[38;2;214;104;66m██[38;2;214;104;66m██[38;2;0;0;0m██[38;2;255;255;255m██[38;2;0;0;0m██[38;2;255;255;255m██[38;2;214;104;66m██[38;2;214;104;66m██[38;2;181;75;66m██[38;2;223;234;187m██[38;2;223;234;187m██[38;2;0;0;0m██      [38;2;0;0;0m██[38;2;230;214;123m██[38;2;230;214;123m██[38;2;0;0;0m██
    [38;2;0;0;0m██[38;2;65;65;65m██[38;2;65;65;65m██[38;2;197;173;107m██[38;2;223;234;187m██[38;2;223;234;187m██[38;2;223;234;187m██[38;2;181;75;66m██[38;2;181;75;66m██[38;2;214;104;66m██[38;2;214;104;66m██[38;2;181;75;66m██[38;2;223;234;187m██[38;2;223;234;187m██[38;2;223;234;187m██[38;2;0;0;0m██        [38;2;0;0;0m██[38;2;230;214;123m██[38;2;0;0;0m██
    [38;2;0;0;0m██[38;2;65;65;65m██[38;2;255;255;255m██[38;2;65;65;65m██[38;2;65;65;65m██[38;2;223;234;187m██[38;2;223;234;187m██[38;2;223;234;187m██[38;2;65;65;65m██[38;2;65;65;65m██[38;2;65;65;65m██[38;2;214;104;66m██[38;2;223;234;187m██[38;2;223;234;187m██[38;2;0;0;0m██          [38;2;0;0;0m██[38;2;230;214;123m██[38;2;0;0;0m██
      [38;2;0;0;0m██[38;2;255;255;255m██[38;2;255;255;255m██[38;2;65;65;65m██[38;2;197;173;107m██[38;2;223;234;187m██[38;2;65;65;65m██[38;2;223;234;187m██[38;2;223;234;187m██[38;2;223;234;187m██[38;2;65;65;65m██[38;2;65;65;65m██[38;2;181;75;66m██[38;2;181;75;66m██[38;2;0;0;0m██        [38;2;0;0;0m██[38;2;230;214;123m██[38;2;0;0;0m██
  [38;2;0;0;0m██[38;2;0;0;0m██[38;2;0;0;0m██[38;2;115;115;115m██[38;2;255;255;255m██[38;2;189;115;132m██[38;2;65;65;65m██[38;2;223;234;187m██[38;2;223;234;187m██[38;2;65;65;65m██[38;2;65;65;65m██[38;2;65;65;65m██[38;2;223;234;187m██[38;2;223;234;187m██[38;2;65;65;65m██[38;2;181;75;66m██[38;2;181;75;66m██[38;2;0;0;0m██    [38;2;0;0;0m██[38;2;230;214;123m██[38;2;230;214;123m██[38;2;0;0;0m██
[38;2;0;0;0m██[38;2;65;65;65m██[38;2;197;173;107m██[38;2;65;65;65m██[38;2;189;189;189m██[38;2;115;115;115m██[38;2;189;115;132m██[38;2;65;65;65m██[38;2;223;234;187m██[38;2;223;234;187m██[38;2;65;65;65m██[38;2;223;234;187m██[38;2;223;234;187m██[38;2;65;65;65m██[38;2;65;65;65m██[38;2;181;75;66m██[38;2;181;75;66m██[38;2;181;75;66m██[38;2;0;0;0m██    [38;2;0;0;0m██[38;2;156;132;90m██[38;2;156;132;90m██[38;2;0;0;0m██
[38;2;0;0;0m██[38;2;197;173;107m██[38;2;156;132;90m██[38;2;197;173;107m██[38;2;65;65;65m██[38;2;189;189;189m██[38;2;189;115;132m██[38;2;65;65;65m██[38;2;223;234;187m██[38;2;223;234;187m██[38;2;223;234;187m██[38;2;65;65;65m██[38;2;65;65;65m██[38;2;223;234;187m██[38;2;223;234;187m██[38;2;65;65;65m██[38;2;181;75;66m██[38;2;181;75;66m██[38;2;181;75;66m██[38;2;0;0;0m██[38;2;0;0;0m██[38;2;197;173;107m██[38;2;197;173;107m██[38;2;0;0;0m██  
  [38;2;0;0;0m██[38;2;0;0;0m██[38;2;197;173;107m██[38;2;0;0;0m██[38;2;0;0;0m██[38;2;189;115;132m██[38;2;65;65;65m██[38;2;223;234;187m██[38;2;223;234;187m██[38;2;223;234;187m██[38;2;65;65;65m██[38;2;197;173;107m██[38;2;65;65;65m██[38;2;65;65;65m██[38;2;181;75;66m██[38;2;181;75;66m██[38;2;181;75;66m██[38;2;181;75;66m██[38;2;65;65;65m██[38;2;156;132;90m██[38;2;156;132;90m██[38;2;156;132;90m██[38;2;0;0;0m██  
      [38;2;0;0;0m██[38;2;0;0;0m██  [38;2;0;0;0m██[38;2;223;234;187m██[38;2;223;234;187m██[38;2;223;234;187m██[38;2;65;65;65m██[38;2;197;173;107m██[38;2;156;132;90m██[38;2;65;65;65m██[38;2;181;75;66m██[38;2;181;75;66m██[38;2;181;75;66m██[38;2;181;75;66m██[38;2;181;75;66m██[38;2;65;65;65m██[38;2;197;173;107m██[38;2;197;173;107m██[38;2;0;0;0m██    
              [38;2;0;0;0m██[38;2;189;200;153m██[38;2;189;200;153m██[38;2;65;65;65m██[38;2;65;65;65m██[38;2;65;65;65m██[38;2;197;173;107m██[38;2;65;65;65m██[38;2;181;75;66m██[38;2;181;75;66m██[38;2;181;75;66m██[38;2;0;0;0m██[38;2;156;132;90m██[38;2;0;0;0m██[38;2;0;0;0m██      
            [38;2;0;0;0m██[38;2;156;132;90m██[38;2;65;65;65m██[38;2;189;200;153m██[38;2;189;200;153m██[38;2;189;200;153m██[38;2;189;200;153m██[38;2;65;65;65m██[38;2;65;65;65m██[38;2;181;75;66m██[38;2;181;75;66m██[38;2;181;75;66m██[38;2;0;0;0m██[38;2;0;0;0m██          
              [38;2;0;0;0m██[38;2;0;0;0m██[38;2;0;0;0m██[38;2;0;0;0m██[38;2;189;200;153m██[38;2;189;200;153m██[38;2;181;75;66m██[38;2;181;75;66m██[38;2;181;75;66m██[38;2;65;65;65m██[38;2;0;0;0m██              
                      [38;2;0;0;0m██[38;2;0;0;0m██[38;2;65;65;65m██[38;2;65;65;65m██[38;2;65;65;65m██[38;2;156;132;90m██[38;2;0;0;0m██              
                        [38;2;0;0;0m██[38;2;197;173;107m██[38;2;65;65;65m██[38;2;197;173;107m██[38;2;0;0;0m██                
                          [38;2;0;0;0m██[38;2;0;0;0m██[38;2;0;0;0m██                  
