              [38;2;0;0;0m██[38;2;0;0;0m██  [38;2;230;106;115m██[38;2;230;106;115m██[38;2;230;106;115m██[38;2;230;106;115m██                                                
            [38;2;0;0;0m██[38;2;226;137;139m██[38;2;0;0;0m██[38;2;230;106;115m██[38;2;255;197;57m██[38;2;255;197;57m██[38;2;255;197;57m██[38;2;255;197;57m██[38;2;230;106;115m██[38;2;230;106;115m██                                            
            [38;2;0;0;0m██[38;2;226;137;139m██[38;2;0;0;0m██[38;2;255;197;57m██[38;2;230;106;115m██[38;2;255;197;57m██[38;2;230;106;115m██[38;2;230;106;115m██[38;2;255;197;57m██[38;2;255;197;57m██[38;2;0;0;0m██[38;2;0;0;0m██[38;2;0;0;0m██                                      
          [38;2;0;0;0m██[38;2;226;137;139m██[38;2;54;60;59m██[38;2;0;0;0m██[38;2;255;197;57m██[38;2;255;197;57m██[38;2;230;106;115m██    [38;2;0;0;0m██[38;2;0;0;0m██[38;2;218;129;131m██[38;2;113;119;118m██[38;2;0;0;0m██  [38;2;0;0;0m██[38;2;0;0;0m██                                
          [38;2;0;0;0m██[38;2;226;137;139m██[38;2;54;60;59m██[38;2;0;0;0m██[38;2;230;106;115m██[38;2;230;106;115m██    [38;2;0;0;0m██[38;2;218;129;131m██[38;2;197;255;213m██[38;2;113;119;118m██[38;2;0;0;0m██[38;2;230;106;115m██[38;2;0;0;0m██[38;2;226;137;139m██[38;2;226;137;139m██[38;2;0;0;0m██                              
          [38;2;0;0;0m██[38;2;226;137;139m██[38;2;54;60;59m██[38;2;54;60;59m██[38;2;0;0;0m██  [38;2;0;0;0m██[38;2;0;0;0m██[38;2;218;129;131m██[38;2;113;119;118m██[38;2;72;78;77m██[38;2;0;0;0m██[38;2;230;106;115m██[38;2;0;0;0m██[38;2;226;137;139m██[38;2;54;60;59m██[38;2;54;60;59m██[38;2;0;0;0m██  [38;2;0;0;0m██[38;2;0;0;0m██[38;2;0;0;0m██                      
        [38;2;0;0;0m██[38;2;226;137;139m██[38;2;54;60;59m██[38;2;54;60;59m██[38;2;68;68;68m██[38;2;0;0;0m██[38;2;0;0;0m██[38;2;54;60;59m██[38;2;218;129;131m██[38;2;113;119;118m██[38;2;72;78;77m██[38;2;0;0;0m██[38;2;0;0;0m██[38;2;0;0;0m██[38;2;226;137;139m██[38;2;54;60;59m██[38;2;54;60;59m██[38;2;54;60;59m██[38;2;0;0;0m██[38;2;0;0;0m██[38;2;218;129;131m██[38;2;218;129;131m██[38;2;218;129;131m██[38;2;0;0;0m██            [38;2;68;68;68m██      
        [38;2;0;0;0m██[38;2;226;137;139m██[38;2;54;60;59m██[38;2;68;68;68m██[38;2;226;137;139m██[38;2;72;78;77m██[38;2;54;60;59m██[38;2;218;129;131m██[38;2;113;119;118m██[38;2;54;60;59m██[38;2;0;0;0m██[38;2;113;119;118m██[38;2;113;119;118m██[38;2;98;98;98m██[38;2;0;0;0m██[38;2;68;68;68m██[38;2;54;60;59m██[38;2;68;68;68m██[38;2;218;129;131m██[38;2;218;129;131m██[38;2;72;78;77m██[38;2;72;78;77m██[38;2;72;78;77m██[38;2;218;129;131m██[38;2;0;0;0m██        [38;2;68;68;68m██[38;2;113;119;118m██[38;2;68;68;68m██    
        [38;2;0;0;0m██[38;2;226;137;139m██[38;2;68;68;68m██[38;2;218;129;131m██[38;2;72;78;77m██[38;2;54;60;59m██[38;2;218;129;131m██[38;2;113;119;118m██[38;2;54;60;59m██[38;2;0;0;0m██[38;2;98;98;98m██[38;2;113;119;118m██[38;2;98;98;98m██[38;2;113;119;118m██[38;2;0;0;0m██[38;2;54;60;59m██[38;2;218;129;131m██[38;2;218;129;131m██[38;2;72;78;77m██[38;2;72;78;77m██[38;2;72;78;77m██[38;2;72;78;77m██[38;2;0;0;0m██[38;2;0;0;0m██          [38;2;68;68;68m██[38;2;113;119;118m██[38;2;68;68;68m██    
      [38;2;0;0;0m██[38;2;226;137;139m██[38;2;72;78;77m██[38;2;218;129;131m██[38;2;72;78;77m██[38;2;72;78;77m██[38;2;218;129;131m██[38;2;113;119;118m██[38;2;54;60;59m██[38;2;0;0;0m██[38;2;68;68;68m██[38;2;68;68;68m██[38;2;98;98;98m██[38;2;72;78;77m██[38;2;72;78;77m██[38;2;0;0;0m██[38;2;113;119;118m██[38;2;230;106;115m██[38;2;230;106;115m██[38;2;230;106;115m██[38;2;230;106;115m██[38;2;230;106;115m██[38;2;230;106;115m██[38;2;230;106;115m██          [38;2;68;68;68m██[38;2;72;78;77m██[38;2;72;78;77m██[38;2;230;106;115m██    
      [38;2;0;0;0m██[38;2;226;137;139m██[38;2;72;78;77m██[38;2;72;78;77m██[38;2;72;78;77m██[38;2;218;129;131m██[38;2;68;68;68m██[38;2;0;0;0m██[38;2;68;68;68m██[38;2;68;68;68m██[38;2;72;78;77m██[38;2;72;78;77m██[38;2;68;68;68m██[38;2;72;78;77m██[38;2;0;0;0m██[38;2;72;78;77m██[38;2;230;106;115m██[38;2;255;238;131m██[38;2;230;106;115m██[38;2;255;238;131m██[38;2;255;238;131m██[38;2;255;238;131m██[38;2;255;238;131m██[38;2;255;238;131m██[38;2;230;106;115m██        [38;2;68;68;68m██[38;2;68;68;68m██[38;2;230;106;115m██[38;2;255;197;57m██[38;2;230;106;115m██  
    [38;2;0;0;0m██[38;2;54;60;59m██[38;2;218;129;131m██[38;2;113;119;118m██[38;2;218;129;131m██[38;2;218;129;131m██[38;2;0;0;0m██[38;2;230;106;115m██[38;2;68;68;68m██[38;2;113;119;118m██[38;2;72;78;77m██[38;2;113;119;118m██[38;2;68;68;68m██[38;2;0;0;0m██[38;2;0;0;0m██[38;2;68;68;68m██[38;2;230;106;115m██[38;2;255;238;131m██[38;2;255;238;131m██[38;2;255;238;131m██[38;2;230;106;115m██[38;2;230;106;115m██[38;2;230;106;115m██[38;2;255;238;131m██[38;2;230;106;115m██[38;2;255;238;131m██[38;2;230;106;115m██            [38;2;230;106;115m██[38;2;255;197;57m██[38;2;230;106;115m██
  [38;2;0;0;0m██[38;2;0;0;0m██[38;2;72;78;77m██[38;2;218;129;131m██[38;2;218;129;131m██[38;2;113;119;118m██[38;2;68;68;68m██[38;2;230;106;115m██[38;2;68;68;68m██[38;2;68;68;68m██[38;2;226;137;139m██[38;2;68;68;68m██[38;2;113;119;118m██[38;2;113;119;118m██[38;2;0;0;0m██[38;2;230;106;115m██[38;2;230;106;115m██[38;2;255;238;131m██[38;2;230;106;115m██[38;2;230;106;115m██[38;2;230;106;115m██[38;2;0;0;0m██[38;2;72;78;77m██[38;2;68;68;68m██[38;2;230;106;115m██[38;2;255;238;131m██[38;2;255;238;131m██[38;2;230;106;115m██          [38;2;230;106;115m██[38;2;230;106;115m██[38;2;255;197;57m██[38;2;230;106;115m██
[38;2;0;0;0m██[38;2;54;60;59m██[38;2;0;0;0m██[38;2;113;119;118m██[38;2;113;119;118m██[38;2;72;78;77m██[38;2;72;78;77m██[38;2;54;60;59m██[38;2;68;68;68m██[38;2;218;129;131m██[38;2;226;137;139m██[38;2;68;68;68m██[38;2;0;0;0m██[38;2;218;129;131m██[38;2;113;119;118m██[38;2;230;106;115m██[38;2;255;238;131m██[38;2;255;238;131m██[38;2;230;106;115m██[38;2;54;60;59m██[38;2;68;68;68m██[38;2;255;255;255m██[38;2;113;119;118m██[38;2;0;0;0m██[38;2;113;119;118m██[38;2;68;68;68m██[38;2;230;106;115m██[38;2;230;106;115m██[38;2;255;238;131m██[38;2;230;106;115m██      [38;2;230;106;115m██[38;2;255;238;131m██[38;2;255;197;57m██[38;2;230;106;115m██  
[38;2;0;0;0m██[38;2;54;60;59m██[38;2;0;0;0m██[38;2;113;119;118m██[38;2;54;60;59m██[38;2;72;78;77m██[38;2;218;129;131m██[38;2;218;129;131m██[38;2;218;129;131m██[38;2;68;68;68m██[38;2;68;68;68m██[38;2;218;129;131m██[38;2;218;129;131m██[38;2;113;119;118m██[38;2;255;238;131m██[38;2;255;238;131m██[38;2;255;238;131m██[38;2;230;106;115m██[38;2;54;60;59m██[38;2;68;68;68m██[38;2;0;0;0m██[38;2;68;68;68m██[38;2;72;78;77m██[38;2;54;60;59m██[38;2;0;0;0m██[38;2;113;119;118m██[38;2;0;0;0m██[38;2;230;106;115m██[38;2;255;238;131m██[38;2;255;238;131m██[38;2;230;106;115m██  [38;2;230;106;115m██[38;2;255;238;131m██[38;2;230;106;115m██[38;2;255;197;57m██[38;2;230;106;115m██  
[38;2;0;0;0m██[38;2;72;78;77m██[38;2;0;0;0m██[38;2;0;0;0m██[38;2;0;0;0m██[38;2;0;0;0m██[38;2;68;68;68m██[38;2;68;68;68m██[38;2;68;68;68m██[38;2;218;129;131m██[38;2;218;129;131m██[38;2;113;119;118m██[38;2;255;238;131m██[38;2;255;238;131m██[38;2;255;238;131m██[38;2;255;238;131m██[38;2;255;238;131m██[38;2;255;238;131m██[38;2;230;106;115m██[38;2;68;68;68m██[38;2;213;213;213m██[38;2;54;60;59m██[38;2;72;78;77m██[38;2;113;119;118m██[38;2;113;119;118m██[38;2;113;119;118m██[38;2;72;78;77m██[38;2;230;106;115m██[38;2;255;238;131m██[38;2;230;106;115m██[38;2;255;238;131m██[38;2;230;106;115m██[38;2;230;106;115m██[38;2;255;238;131m██[38;2;255;238;131m██[38;2;230;106;115m██    
[38;2;0;0;0m██[38;2;0;0;0m██        [38;2;0;0;0m██[38;2;218;129;131m██[38;2;218;129;131m██[38;2;113;119;118m██[38;2;255;238;131m██[38;2;255;238;131m██[38;2;255;238;131m██[38;2;230;106;115m██[38;2;68;68;68m██[38;2;68;68;68m██[38;2;54;60;59m██[38;2;54;60;59m██[38;2;54;60;59m██[38;2;54;60;59m██[38;2;68;68;68m██[38;2;68;68;68m██[38;2;255;255;255m██[38;2;72;78;77m██[38;2;0;0;0m██[38;2;72;78;77m██[38;2;113;119;118m██[38;2;113;119;118m██[38;2;230;106;115m██[38;2;255;238;131m██[38;2;255;238;131m██[38;2;255;238;131m██[38;2;255;238;131m██[38;2;230;106;115m██[38;2;230;106;115m██      
            [38;2;0;0;0m██[38;2;0;0;0m██[38;2;0;0;0m██[38;2;0;0;0m██[38;2;0;0;0m██[38;2;0;0;0m██[38;2;68;68;68m██[38;2;54;60;59m██[38;2;54;60;59m██[38;2;54;60;59m██[38;2;68;68;68m██[38;2;0;0;0m██[38;2;0;0;0m██[38;2;0;0;0m██[38;2;0;0;0m██[38;2;54;60;59m██[38;2;0;0;0m██[38;2;0;0;0m██[38;2;68;68;68m██[38;2;0;0;0m██[38;2;0;0;0m██[38;2;0;0;0m██  [38;2;230;106;115m██[38;2;230;106;115m██[38;2;230;106;115m██[38;2;230;106;115m██          
                      [38;2;0;0;0m██[38;2;54;60;59m██[38;2;54;60;59m██[38;2;72;78;77m██[38;2;72;78;77m██[38;2;0;0;0m██    [38;2;0;0;0m██[38;2;54;60;59m██[38;2;72;78;77m██[38;2;72;78;77m██[38;2;54;60;59m██[38;2;68;68;68m██[38;2;0;0;0m██[38;2;54;60;59m██[38;2;0;0;0m██                    
                      [38;2;0;0;0m██[38;2;54;60;59m██[38;2;72;78;77m██[38;2;72;78;77m██[38;2;72;78;77m██[38;2;72;78;77m██[38;2;0;0;0m██[38;2;0;0;0m██[38;2;72;78;77m██[38;2;72;78;77m██[38;2;72;78;77m██[38;2;54;60;59m██[38;2;68;68;68m██[38;2;98;98;98m██[38;2;0;0;0m██[38;2;54;60;59m██[38;2;54;60;59m██[38;2;0;0;0m██[38;2;0;0;0m██    [38;2;0;0;0m██[38;2;0;0;0m██        
                      [38;2;0;0;0m██[38;2;54;60;59m██[38;2;72;78;77m██[38;2;72;78;77m██[38;2;72;78;77m██[38;2;98;98;98m██[38;2;72;78;77m██[38;2;72;78;77m██[38;2;72;78;77m██[38;2;68;68;68m██[38;2;230;106;115m██[38;2;68;68;68m██[38;2;98;98;98m██[38;2;0;0;0m██[38;2;0;0;0m██[38;2;54;60;59m██[38;2;54;60;59m██[38;2;54;60;59m██[38;2;54;60;59m██[38;2;0;0;0m██[38;2;0;0;0m██[38;2;226;137;139m██[38;2;226;137;139m██[38;2;0;0;0m██      
                        [38;2;0;0;0m██[38;2;54;60;59m██[38;2;72;78;77m██[38;2;68;68;68m██[38;2;68;68;68m██[38;2;68;68;68m██[38;2;230;106;115m██[38;2;68;68;68m██[38;2;68;68;68m██[38;2;98;98;98m██[38;2;98;98;98m██[38;2;0;0;0m██    [38;2;0;0;0m██[38;2;0;0;0m██[38;2;0;0;0m██[38;2;54;60;59m██[38;2;54;60;59m██[38;2;226;137;139m██[38;2;0;0;0m██[38;2;0;0;0m██        
                          [38;2;0;0;0m██[38;2;0;0;0m██[38;2;98;98;98m██[38;2;98;98;98m██[38;2;98;98;98m██[38;2;98;98;98m██[38;2;98;98;98m██[38;2;98;98;98m██[38;2;0;0;0m██[38;2;0;0;0m██            [38;2;0;0;0m██[38;2;0;0;0m██[38;2;0;0;0m██[38;2;226;137;139m██[38;2;226;137;139m██[38;2;0;0;0m██      
                              [38;2;0;0;0m██[38;2;0;0;0m██[38;2;0;0;0m██[38;2;0;0;0m██[38;2;0;0;0m██[38;2;0;0;0m██                      [38;2;0;0;0m██[38;2;0;0;0m██[38;2;226;137;139m██[38;2;0;0;0m██    
                                                                    [38;2;0;0;0m██[38;2;0;0;0m██    
