      [38;2;0;0;0m██[38;2;0;0;0m██            
    [38;2;0;0;0m██[38;2;155;127;127m██[38;2;155;127;127m██[38;2;0;0;0m██          
    [38;2;0;0;0m██[38;2;155;127;127m██[38;2;155;127;127m██[38;2;104;81;81m██[38;2;0;0;0m██        
    [38;2;0;0;0m██[38;2;155;127;127m██[38;2;104;81;81m██[38;2;104;81;81m██[38;2;0;0;0m██        
      [38;2;0;0;0m██[38;2;155;127;127m██[38;2;104;81;81m██[38;2;0;0;0m██        
      [38;2;0;0;0m██[38;2;99;55;129m██[38;2;104;81;81m██[38;2;0;0;0m██[38;2;0;0;0m██      
    [38;2;0;0;0m██[38;2;176;122;213m██[38;2;176;122;213m██[38;2;138;84;175m██[38;2;99;55;129m██[38;2;138;84;175m██[38;2;0;0;0m██    
  [38;2;0;0;0m██[38;2;99;55;129m██[38;2;176;122;213m██[38;2;176;122;213m██[38;2;176;122;213m██[38;2;176;122;213m██[38;2;138;84;175m██[38;2;99;55;129m██[38;2;0;0;0m██  
  [38;2;0;0;0m██[38;2;99;55;129m██[38;2;221;124;32m██[38;2;138;84;175m██[38;2;176;122;213m██[38;2;176;122;213m██[38;2;99;55;129m██[38;2;138;84;175m██[38;2;138;84;175m██[38;2;0;0;0m██
[38;2;0;0;0m██[38;2;138;84;175m██[38;2;221;124;32m██[38;2;65;65;65m██[38;2;221;124;32m██[38;2;99;55;129m██[38;2;99;55;129m██[38;2;138;84;175m██[38;2;138;84;175m██[38;2;99;55;129m██[38;2;0;0;0m██
[38;2;0;0;0m██[38;2;138;84;175m██[38;2;255;200;104m██[38;2;0;0;0m██[38;2;0;0;0m██[38;2;221;124;32m██[38;2;138;84;175m██[38;2;138;84;175m██[38;2;99;55;129m██[38;2;99;55;129m██[38;2;0;0;0m██
[38;2;0;0;0m██[38;2;99;55;129m██[38;2;255;200;104m██[38;2;0;0;0m██[38;2;0;0;0m██[38;2;255;200;104m██[38;2;138;84;175m██[38;2;138;84;175m██[38;2;99;55;129m██[38;2;99;55;129m██[38;2;0;0;0m██
  [38;2;0;0;0m██[38;2;99;55;129m██[38;2;255;200;104m██[38;2;255;200;104m██[38;2;221;124;32m██[38;2;99;55;129m██[38;2;99;55;129m██[38;2;99;55;129m██[38;2;0;0;0m██  
    [38;2;0;0;0m██[38;2;99;55;129m██[38;2;99;55;129m██[38;2;99;55;129m██[38;2;99;55;129m██[38;2;99;55;129m██[38;2;99;55;129m██[38;2;0;0;0m██  
  [38;2;0;0;0m██[38;2;104;81;81m██[38;2;104;81;81m██[38;2;0;0;0m██[38;2;0;0;0m██[38;2;0;0;0m██[38;2;65;65;65m██[38;2;0;0;0m██    
  [38;2;0;0;0m██[38;2;0;0;0m██[38;2;0;0;0m██    [38;2;0;0;0m██[38;2;104;81;81m██[38;2;104;81;81m██[38;2;0;0;0m██  
              [38;2;0;0;0m██[38;2;0;0;0m██[38;2;0;0;0m██  
