                            [38;2;0;0;0m██[38;2;0;0;0m██                  
            [38;2;0;0;0m██[38;2;0;0;0m██          [38;2;0;0;0m██[38;2;139;202;21m██[38;2;0;0;0m██                  
            [38;2;0;0;0m██[38;2;90;149;53m██[38;2;0;0;0m██[38;2;0;0;0m██  [38;2;0;0;0m██[38;2;0;0;0m██[38;2;139;202;21m██[38;2;139;202;21m██[38;2;0;0;0m██                  
            [38;2;0;0;0m██[38;2;90;149;53m██[38;2;90;149;53m██[38;2;65;65;65m██[38;2;0;0;0m██[38;2;90;149;53m██[38;2;139;202;21m██[38;2;139;202;21m██[38;2;139;202;21m██[38;2;0;0;0m██                  
            [38;2;0;0;0m██[38;2;90;149;53m██[38;2;90;149;53m██[38;2;139;202;21m██[38;2;139;202;21m██[38;2;139;202;21m██[38;2;90;149;53m██[38;2;90;149;53m██[38;2;139;202;21m██[38;2;0;0;0m██                  
              [38;2;0;0;0m██[38;2;139;202;21m██[38;2;139;202;21m██[38;2;139;202;21m██[38;2;139;202;21m██[38;2;139;202;21m██[38;2;139;202;21m██[38;2;139;202;21m██[38;2;139;202;21m██[38;2;0;0;0m██[38;2;0;0;0m██[38;2;0;0;0m██[38;2;0;0;0m██[38;2;0;0;0m██        
              [38;2;0;0;0m██[38;2;139;202;21m██[38;2;139;202;21m██[38;2;90;149;53m██[38;2;139;202;21m██[38;2;139;202;21m██[38;2;139;202;21m██[38;2;139;202;21m██[38;2;65;65;65m██[38;2;90;149;53m██[38;2;139;202;21m██[38;2;139;202;21m██[38;2;139;202;21m██[38;2;0;0;0m██        
        [38;2;0;0;0m██[38;2;0;0;0m██[38;2;65;65;65m██[38;2;90;149;53m██[38;2;139;202;21m██[38;2;90;149;53m██[38;2;247;225;83m██[38;2;139;202;21m██[38;2;139;202;21m██[38;2;139;202;21m██[38;2;139;202;21m██[38;2;139;202;21m██[38;2;139;202;21m██[38;2;139;202;21m██[38;2;139;202;21m██[38;2;0;0;0m██          
    [38;2;0;0;0m██[38;2;0;0;0m██[38;2;222;140;255m██[38;2;222;140;255m██[38;2;65;65;65m██[38;2;247;225;83m██[38;2;90;149;53m██[38;2;247;225;83m██[38;2;247;225;83m██[38;2;90;149;53m██[38;2;139;202;21m██[38;2;90;149;53m██[38;2;139;202;21m██[38;2;65;65;65m██[38;2;139;202;21m██[38;2;139;202;21m██[38;2;0;0;0m██            
  [38;2;0;0;0m██[38;2;178;92;212m██[38;2;222;140;255m██[38;2;178;92;212m██[38;2;222;140;255m██[38;2;0;0;0m██[38;2;247;225;83m██[38;2;247;225;83m██[38;2;247;225;83m██[38;2;247;225;83m██[38;2;90;149;53m██[38;2;90;149;53m██[38;2;247;225;83m██[38;2;90;149;53m██[38;2;90;149;53m██[38;2;65;65;65m██[38;2;0;0;0m██              
  [38;2;0;0;0m██[38;2;222;140;255m██[38;2;222;140;255m██[38;2;222;140;255m██[38;2;222;140;255m██[38;2;222;140;255m██[38;2;0;0;0m██[38;2;247;225;83m██[38;2;247;225;83m██[38;2;247;225;83m██[38;2;247;225;83m██[38;2;247;225;83m██[38;2;247;225;83m██[38;2;247;225;83m██[38;2;90;149;53m██[38;2;0;0;0m██    [38;2;0;0;0m██[38;2;0;0;0m██[38;2;0;0;0m██      
[38;2;0;0;0m██[38;2;178;92;212m██[38;2;137;51;171m██[38;2;222;140;255m██[38;2;222;140;255m██[38;2;222;140;255m██[38;2;222;140;255m██[38;2;65;65;65m██[38;2;247;225;83m██[38;2;247;225;83m██[38;2;247;225;83m██[38;2;65;65;65m██[38;2;247;225;83m██[38;2;247;225;83m██[38;2;0;0;0m██[38;2;90;149;53m██[38;2;0;0;0m██  [38;2;0;0;0m██[38;2;143;134;154m██[38;2;78;71;86m██[38;2;143;134;154m██[38;2;0;0;0m██    
[38;2;0;0;0m██[38;2;178;92;212m██[38;2;178;92;212m██[38;2;137;51;171m██[38;2;137;51;171m██[38;2;178;92;212m██[38;2;65;65;65m██[38;2;90;149;53m██[38;2;65;65;65m██[38;2;247;225;83m██[38;2;247;225;83m██[38;2;247;225;83m██[38;2;0;0;0m██[38;2;0;0;0m██[38;2;229;198;38m██[38;2;0;0;0m██  [38;2;0;0;0m██[38;2;143;134;154m██[38;2;78;71;86m██[38;2;143;134;154m██[38;2;116;108;125m██[38;2;78;71;86m██[38;2;0;0;0m██  
  [38;2;0;0;0m██[38;2;178;92;212m██[38;2;178;92;212m██[38;2;178;92;212m██[38;2;137;51;171m██[38;2;65;65;65m██[38;2;65;65;65m██[38;2;65;65;65m██[38;2;65;65;65m██[38;2;229;198;38m██[38;2;229;198;38m██[38;2;229;198;38m██[38;2;229;198;38m██[38;2;65;65;65m██[38;2;0;0;0m██[38;2;0;0;0m██[38;2;143;134;154m██[38;2;143;134;154m██[38;2;78;71;86m██[38;2;143;134;154m██[38;2;78;71;86m██[38;2;143;134;154m██[38;2;0;0;0m██  
    [38;2;0;0;0m██[38;2;0;0;0m██[38;2;0;0;0m██[38;2;0;0;0m██[38;2;229;198;38m██[38;2;229;198;38m██[38;2;65;65;65m██[38;2;190;168;46m██[38;2;65;65;65m██[38;2;65;65;65m██[38;2;65;65;65m██[38;2;65;65;65m██[38;2;139;202;21m██[38;2;139;202;21m██[38;2;65;65;65m██[38;2;143;134;154m██[38;2;116;108;125m██[38;2;78;71;86m██[38;2;143;134;154m██[38;2;78;71;86m██[38;2;143;134;154m██[38;2;78;71;86m██[38;2;0;0;0m██
            [38;2;0;0;0m██[38;2;0;0;0m██[38;2;139;202;21m██[38;2;253;231;109m██[38;2;253;231;109m██[38;2;139;202;21m██[38;2;65;65;65m██[38;2;90;149;53m██[38;2;90;149;53m██[38;2;65;65;65m██[38;2;65;65;65m██[38;2;116;108;125m██[38;2;78;71;86m██[38;2;78;71;86m██[38;2;116;108;125m██[38;2;143;134;154m██[38;2;78;71;86m██[38;2;116;108;125m██[38;2;0;0;0m██
              [38;2;0;0;0m██[38;2;139;202;21m██[38;2;253;231;109m██[38;2;139;202;21m██[38;2;139;202;21m██[38;2;139;202;21m██[38;2;65;65;65m██[38;2;65;65;65m██[38;2;247;225;83m██[38;2;247;225;83m██[38;2;65;65;65m██[38;2;116;108;125m██[38;2;116;108;125m██[38;2;78;71;86m██[38;2;116;108;125m██[38;2;116;108;125m██[38;2;116;108;125m██[38;2;0;0;0m██
                [38;2;0;0;0m██[38;2;253;231;109m██[38;2;139;202;21m██[38;2;139;202;21m██[38;2;139;202;21m██[38;2;65;65;65m██[38;2;247;225;83m██[38;2;65;65;65m██[38;2;247;225;83m██[38;2;247;225;83m██[38;2;0;0;0m██[38;2;0;0;0m██[38;2;116;108;125m██[38;2;78;71;86m██[38;2;116;108;125m██[38;2;0;0;0m██  
                [38;2;0;0;0m██[38;2;139;202;21m██[38;2;139;202;21m██[38;2;139;202;21m██[38;2;65;65;65m██[38;2;247;225;83m██[38;2;247;225;83m██[38;2;0;0;0m██[38;2;0;0;0m██[38;2;0;0;0m██    [38;2;0;0;0m██[38;2;0;0;0m██[38;2;0;0;0m██    
                  [38;2;0;0;0m██[38;2;139;202;21m██[38;2;65;65;65m██[38;2;229;198;38m██[38;2;229;198;38m██[38;2;0;0;0m██                    
                    [38;2;0;0;0m██[38;2;0;0;0m██[38;2;65;65;65m██[38;2;229;198;38m██[38;2;0;0;0m██                    
                        [38;2;0;0;0m██[38;2;0;0;0m██                      
