      [38;2;0;0;0m██                                
    [38;2;0;0;0m██[38;2;181;237;100m██[38;2;0;0;0m██    [38;2;0;0;0m██[38;2;0;0;0m██[38;2;0;0;0m██                    
    [38;2;0;0;0m██[38;2;144;194;62m██[38;2;144;194;62m██[38;2;0;0;0m██[38;2;0;0;0m██[38;2;181;237;100m██[38;2;181;237;100m██[38;2;181;237;100m██[38;2;0;0;0m██[38;2;0;0;0m██                
  [38;2;0;0;0m██[38;2;144;194;62m██[38;2;181;237;100m██[38;2;181;237;100m██[38;2;181;237;100m██[38;2;144;194;62m██[38;2;0;0;0m██[38;2;0;0;0m██[38;2;0;0;0m██[38;2;181;237;100m██[38;2;144;194;62m██[38;2;0;0;0m██              
  [38;2;0;0;0m██[38;2;181;237;100m██[38;2;144;194;62m██[38;2;144;194;62m██[38;2;181;237;100m██[38;2;65;65;65m██[38;2;65;65;65m██[38;2;181;237;100m██[38;2;0;0;0m██[38;2;181;237;100m██[38;2;181;237;100m██[38;2;144;194;62m██[38;2;0;0;0m██        [38;2;0;0;0m██  
[38;2;0;0;0m██[38;2;144;194;62m██[38;2;144;194;62m██[38;2;181;237;100m██[38;2;181;237;100m██[38;2;144;194;62m██[38;2;181;237;100m██[38;2;181;237;100m██[38;2;144;194;62m██[38;2;65;65;65m██[38;2;181;237;100m██[38;2;181;237;100m██[38;2;113;144;60m██[38;2;144;194;62m██[38;2;0;0;0m██    [38;2;0;0;0m██[38;2;181;237;100m██[38;2;0;0;0m██
[38;2;0;0;0m██[38;2;181;237;100m██[38;2;181;237;100m██[38;2;144;194;62m██[38;2;181;237;100m██[38;2;181;237;100m██[38;2;0;0;0m██[38;2;0;0;0m██[38;2;144;194;62m██[38;2;144;194;62m██[38;2;181;237;100m██[38;2;144;194;62m██[38;2;144;194;62m██[38;2;144;194;62m██[38;2;65;65;65m██[38;2;0;0;0m██[38;2;0;0;0m██[38;2;144;194;62m██[38;2;181;237;100m██[38;2;0;0;0m██
[38;2;0;0;0m██[38;2;144;194;62m██[38;2;181;237;100m██[38;2;181;237;100m██[38;2;144;194;62m██[38;2;0;0;0m██[38;2;255;239;181m██[38;2;49;66;132m██[38;2;144;194;62m██[38;2;144;194;62m██[38;2;144;194;62m██[38;2;113;144;60m██[38;2;181;237;100m██[38;2;113;144;60m██[38;2;144;194;62m██[38;2;65;65;65m██[38;2;181;237;100m██[38;2;181;237;100m██[38;2;144;194;62m██[38;2;0;0;0m██
[38;2;0;0;0m██[38;2;255;239;181m██[38;2;144;194;62m██[38;2;144;194;62m██[38;2;255;239;181m██[38;2;0;0;0m██[38;2;49;66;132m██[38;2;144;194;62m██[38;2;144;194;62m██[38;2;65;65;65m██[38;2;113;144;60m██[38;2;144;194;62m██[38;2;181;237;100m██[38;2;181;237;100m██[38;2;144;194;62m██[38;2;65;65;65m██[38;2;144;194;62m██[38;2;181;237;100m██[38;2;0;0;0m██  
  [38;2;0;0;0m██[38;2;255;239;181m██[38;2;255;239;181m██[38;2;206;197;156m██[38;2;206;197;156m██[38;2;206;197;156m██[38;2;65;65;65m██[38;2;65;65;65m██[38;2;206;197;156m██[38;2;113;144;60m██[38;2;181;237;100m██[38;2;144;194;62m██[38;2;181;237;100m██[38;2;144;194;62m██[38;2;113;144;60m██[38;2;65;65;65m██[38;2;144;194;62m██[38;2;0;0;0m██  
  [38;2;0;0;0m██[38;2;123;123;123m██[38;2;206;197;156m██[38;2;65;65;65m██[38;2;65;65;65m██[38;2;65;65;65m██[38;2;255;239;181m██[38;2;255;239;181m██[38;2;65;65;65m██[38;2;255;255;255m██[38;2;181;237;100m██[38;2;181;237;100m██[38;2;65;65;65m██[38;2;113;144;60m██[38;2;144;194;62m██[38;2;65;65;65m██[38;2;0;0;0m██    
    [38;2;0;0;0m██[38;2;65;65;65m██[38;2;113;144;60m██[38;2;65;65;65m██[38;2;255;239;181m██[38;2;255;239;181m██[38;2;255;239;181m██[38;2;65;65;65m██[38;2;144;194;62m██[38;2;255;255;255m██[38;2;65;65;65m██[38;2;144;194;62m██[38;2;144;194;62m██[38;2;144;194;62m██[38;2;0;0;0m██      
      [38;2;0;0;0m██[38;2;113;144;60m██[38;2;113;144;60m██[38;2;65;65;65m██[38;2;206;197;156m██[38;2;206;197;156m██[38;2;206;197;156m██[38;2;65;65;65m██[38;2;65;65;65m██[38;2;181;237;100m██[38;2;144;194;62m██[38;2;113;144;60m██[38;2;144;194;62m██[38;2;0;0;0m██      
        [38;2;0;0;0m██[38;2;0;0;0m██[38;2;113;144;60m██[38;2;65;65;65m██[38;2;206;197;156m██[38;2;113;144;60m██[38;2;181;237;100m██[38;2;144;194;62m██[38;2;144;194;62m██[38;2;113;144;60m██[38;2;144;194;62m██[38;2;0;0;0m██        
            [38;2;0;0;0m██[38;2;0;0;0m██[38;2;0;0;0m██[38;2;0;0;0m██[38;2;144;194;62m██[38;2;181;237;100m██[38;2;181;237;100m██[38;2;144;194;62m██[38;2;113;144;60m██[38;2;0;0;0m██        
                    [38;2;0;0;0m██[38;2;113;144;60m██[38;2;144;194;62m██[38;2;113;144;60m██[38;2;0;0;0m██          
                    [38;2;0;0;0m██[38;2;255;255;255m██[38;2;144;194;62m██[38;2;189;189;181m██[38;2;0;0;0m██          
                      [38;2;0;0;0m██[38;2;0;0;0m██[38;2;0;0;0m██            
