                                        [38;2;0;0;0m██[38;2;0;0;0m██
                                      [38;2;0;0;0m██[38;2;107;107;107m██[38;2;0;0;0m██
        [38;2;0;0;0m██[38;2;0;0;0m██[38;2;0;0;0m██[38;2;0;0;0m██                [38;2;0;0;0m██[38;2;0;0;0m██[38;2;0;0;0m██[38;2;209;212;56m██[38;2;107;107;107m██[38;2;0;0;0m██
      [38;2;0;0;0m██[38;2;0;0;0m██[38;2;171;174;18m██[38;2;171;174;18m██[38;2;171;174;18m██[38;2;0;0;0m██[38;2;0;0;0m██[38;2;0;0;0m██[38;2;0;0;0m██    [38;2;0;0;0m██[38;2;0;0;0m██[38;2;107;107;107m██[38;2;107;107;107m██[38;2;209;212;56m██[38;2;209;212;56m██[38;2;209;212;56m██[38;2;0;0;0m██
      [38;2;0;0;0m██[38;2;255;255;255m██[38;2;65;65;65m██[38;2;171;174;18m██[38;2;129;131;1m██[38;2;209;212;56m██[38;2;209;212;56m██[38;2;209;212;56m██[38;2;209;212;56m██[38;2;0;0;0m██[38;2;0;0;0m██[38;2;209;212;56m██[38;2;209;212;56m██[38;2;107;107;107m██[38;2;107;107;107m██[38;2;107;107;107m██[38;2;209;212;56m██[38;2;0;0;0m██  
      [38;2;0;0;0m██[38;2;107;107;107m██[38;2;0;0;0m██[38;2;171;174;18m██[38;2;209;212;56m██[38;2;65;65;65m██[38;2;0;0;0m██[38;2;209;212;56m██[38;2;209;212;56m██[38;2;209;212;56m██[38;2;65;65;65m██[38;2;107;107;107m██[38;2;209;212;56m██[38;2;209;212;56m██[38;2;107;107;107m██[38;2;107;107;107m██[38;2;65;65;65m██[38;2;0;0;0m██  
    [38;2;0;0;0m██[38;2;171;174;18m██[38;2;0;0;0m██[38;2;65;65;65m██[38;2;65;65;65m██[38;2;0;0;0m██[38;2;255;255;255m██[38;2;65;65;65m██[38;2;0;0;0m██[38;2;209;212;56m██[38;2;171;174;18m██[38;2;65;65;65m██[38;2;107;107;107m██[38;2;107;107;107m██[38;2;209;212;56m██[38;2;209;212;56m██[38;2;65;65;65m██[38;2;209;212;56m██[38;2;0;0;0m██  
  [38;2;0;0;0m██[38;2;0;0;0m██[38;2;107;107;107m██[38;2;107;107;107m██[38;2;209;212;56m██[38;2;209;212;56m██[38;2;0;0;0m██[38;2;107;107;107m██[38;2;65;65;65m██[38;2;0;0;0m██[38;2;209;212;56m██[38;2;129;131;1m██[38;2;209;212;56m██[38;2;107;107;107m██[38;2;107;107;107m██[38;2;107;107;107m██[38;2;209;212;56m██[38;2;65;65;65m██[38;2;209;212;56m██[38;2;209;212;56m██[38;2;0;0;0m██
[38;2;0;0;0m██[38;2;107;107;107m██[38;2;209;212;56m██[38;2;171;174;18m██[38;2;107;107;107m██[38;2;107;107;107m██[38;2;209;212;56m██[38;2;209;212;56m██[38;2;0;0;0m██[38;2;0;0;0m██[38;2;129;131;1m██[38;2;129;131;1m██[38;2;209;212;56m██[38;2;209;212;56m██[38;2;107;107;107m██[38;2;65;65;65m██[38;2;107;107;107m██[38;2;75;168;186m██[38;2;75;168;186m██[38;2;65;65;65m██[38;2;171;174;18m██[38;2;0;0;0m██
[38;2;0;0;0m██[38;2;209;212;56m██[38;2;209;212;56m██[38;2;65;65;65m██[38;2;209;212;56m██[38;2;209;212;56m██[38;2;209;212;56m██[38;2;209;212;56m██[38;2;209;212;56m██[38;2;209;212;56m██[38;2;65;65;65m██[38;2;209;212;56m██[38;2;209;212;56m██[38;2;107;107;107m██[38;2;65;65;65m██[38;2;209;212;56m██[38;2;65;65;65m██[38;2;75;168;186m██[38;2;0;0;0m██[38;2;107;107;107m██[38;2;0;0;0m██[38;2;0;0;0m██
  [38;2;0;0;0m██[38;2;209;212;56m██[38;2;209;212;56m██[38;2;171;174;18m██[38;2;0;0;0m██[38;2;65;65;65m██[38;2;65;65;65m██[38;2;65;65;65m██[38;2;65;65;65m██[38;2;171;174;18m██[38;2;171;174;18m██[38;2;65;65;65m██[38;2;65;65;65m██[38;2;209;212;56m██[38;2;209;212;56m██[38;2;65;65;65m██[38;2;0;0;0m██  [38;2;0;0;0m██[38;2;0;0;0m██  
    [38;2;0;0;0m██[38;2;0;0;0m██[38;2;0;0;0m██  [38;2;0;0;0m██[38;2;0;0;0m██[38;2;75;168;186m██[38;2;75;168;186m██[38;2;65;65;65m██[38;2;0;0;0m██[38;2;0;0;0m██[38;2;0;0;0m██[38;2;209;212;56m██[38;2;209;212;56m██[38;2;171;174;18m██[38;2;0;0;0m██        
                [38;2;0;0;0m██[38;2;0;0;0m██[38;2;0;0;0m██      [38;2;0;0;0m██[38;2;171;174;18m██[38;2;171;174;18m██[38;2;0;0;0m██        
                          [38;2;0;0;0m██[38;2;107;107;107m██[38;2;171;174;18m██[38;2;0;0;0m██          
                          [38;2;0;0;0m██[38;2;0;0;0m██[38;2;107;107;107m██[38;2;0;0;0m██          
                            [38;2;0;0;0m██[38;2;0;0;0m██            
