          [38;2;0;0;0m██[38;2;0;0;0m██  [38;2;0;0;0m██[38;2;0;0;0m██                              
      [38;2;0;0;0m██[38;2;0;0;0m██[38;2;197;49;58m██[38;2;230;90;82m██[38;2;0;0;0m██[38;2;165;16;25m██[38;2;0;0;0m██      [38;2;0;0;0m██[38;2;0;0;0m██  [38;2;0;0;0m██[38;2;0;0;0m██              
    [38;2;0;0;0m██[38;2;230;90;82m██[38;2;230;90;82m██[38;2;230;90;82m██[38;2;230;90;82m██[38;2;197;49;58m██[38;2;165;16;25m██[38;2;65;65;65m██[38;2;0;0;0m██  [38;2;0;0;0m██[38;2;0;0;0m██[38;2;165;16;25m██[38;2;0;0;0m██[38;2;230;90;82m██[38;2;230;90;82m██[38;2;0;0;0m██[38;2;0;0;0m██          
  [38;2;0;0;0m██[38;2;197;49;58m██[38;2;230;90;82m██[38;2;230;90;82m██[38;2;230;90;82m██[38;2;230;90;82m██[38;2;230;90;82m██[38;2;197;49;58m██[38;2;230;90;82m██[38;2;197;49;58m██[38;2;0;0;0m██[38;2;230;90;82m██[38;2;197;49;58m██[38;2;165;16;25m██[38;2;230;90;82m██[38;2;230;90;82m██[38;2;197;49;58m██[38;2;230;90;82m██[38;2;230;90;82m██[38;2;0;0;0m██        
  [38;2;0;0;0m██[38;2;230;90;82m██[38;2;197;49;58m██[38;2;230;90;82m██[38;2;230;90;82m██[38;2;230;90;82m██[38;2;65;65;65m██[38;2;230;90;82m██[38;2;230;90;82m██[38;2;65;65;65m██[38;2;230;90;82m██[38;2;230;90;82m██[38;2;230;90;82m██[38;2;197;49;58m██[38;2;230;90;82m██[38;2;230;90;82m██[38;2;230;90;82m██[38;2;230;90;82m██[38;2;197;49;58m██[38;2;0;0;0m██        
[38;2;0;0;0m██[38;2;197;49;58m██[38;2;230;90;82m██[38;2;230;90;82m██[38;2;230;90;82m██[38;2;230;90;82m██[38;2;65;65;65m██[38;2;255;230;148m██[38;2;65;65;65m██[38;2;197;49;58m██[38;2;65;65;65m██[38;2;230;90;82m██[38;2;230;90;82m██[38;2;230;90;82m██[38;2;230;90;82m██[38;2;230;90;82m██[38;2;230;90;82m██[38;2;230;90;82m██[38;2;230;90;82m██[38;2;230;90;82m██[38;2;230;90;82m██[38;2;0;0;0m██      
[38;2;0;0;0m██[38;2;165;16;25m██[38;2;165;16;25m██[38;2;230;90;82m██[38;2;197;49;58m██[38;2;65;65;65m██[38;2;65;65;65m██[38;2;255;230;148m██[38;2;65;65;65m██[38;2;197;49;58m██[38;2;255;230;148m██[38;2;65;65;65m██[38;2;230;90;82m██[38;2;197;49;58m██[38;2;230;90;82m██[38;2;230;90;82m██[38;2;230;90;82m██[38;2;230;90;82m██[38;2;230;90;82m██[38;2;230;90;82m██[38;2;197;49;58m██[38;2;65;65;65m██[38;2;0;0;0m██    
  [38;2;0;0;0m██[38;2;230;90;82m██[38;2;230;90;82m██[38;2;65;65;65m██[38;2;229;141;83m██[38;2;65;65;65m██[38;2;140;82;82m██[38;2;140;82;82m██[38;2;65;65;65m██[38;2;255;230;148m██[38;2;65;65;65m██[38;2;197;49;58m██[38;2;65;65;65m██[38;2;65;65;65m██[38;2;65;65;65m██[38;2;197;49;58m██[38;2;230;90;82m██[38;2;230;90;82m██[38;2;230;90;82m██[38;2;230;90;82m██[38;2;230;90;82m██[38;2;0;0;0m██    
[38;2;0;0;0m██[38;2;230;90;82m██[38;2;197;49;58m██[38;2;230;90;82m██[38;2;230;90;82m██[38;2;0;0;0m██[38;2;229;141;83m██[38;2;65;65;65m██[38;2;140;82;82m██[38;2;65;65;65m██[38;2;140;82;82m██[38;2;140;82;82m██[38;2;65;65;65m██[38;2;229;141;83m██[38;2;229;141;83m██[38;2;229;141;83m██[38;2;0;0;0m██[38;2;230;90;82m██[38;2;230;90;82m██[38;2;230;90;82m██[38;2;230;90;82m██[38;2;0;0;0m██      
  [38;2;0;0;0m██[38;2;230;90;82m██[38;2;197;49;58m██[38;2;0;0;0m██  [38;2;0;0;0m██[38;2;229;141;83m██[38;2;229;141;83m██[38;2;229;141;83m██[38;2;65;65;65m██[38;2;171;74;74m██[38;2;229;141;83m██[38;2;171;74;74m██[38;2;171;74;74m██[38;2;0;0;0m██  [38;2;0;0;0m██[38;2;230;90;82m██[38;2;197;49;58m██[38;2;165;16;25m██[38;2;165;16;25m██[38;2;0;0;0m██    
  [38;2;0;0;0m██[38;2;230;90;82m██[38;2;0;0;0m██    [38;2;0;0;0m██[38;2;229;141;83m██[38;2;229;141;83m██[38;2;229;141;83m██[38;2;229;141;83m██[38;2;229;141;83m██[38;2;171;74;74m██[38;2;171;74;74m██[38;2;0;0;0m██    [38;2;0;0;0m██[38;2;230;90;82m██[38;2;230;90;82m██[38;2;197;49;58m██[38;2;65;65;65m██[38;2;0;0;0m██    
    [38;2;0;0;0m██[38;2;0;0;0m██  [38;2;0;0;0m██[38;2;229;141;83m██[38;2;229;141;83m██[38;2;229;141;83m██[38;2;255;165;58m██[38;2;255;255;255m██[38;2;255;165;58m██[38;2;229;141;83m██[38;2;0;0;0m██    [38;2;0;0;0m██[38;2;230;90;82m██[38;2;197;49;58m██[38;2;230;90;82m██[38;2;230;90;82m██[38;2;0;0;0m██      
        [38;2;0;0;0m██[38;2;229;141;83m██[38;2;229;141;83m██[38;2;229;141;83m██[38;2;171;74;74m██[38;2;0;0;0m██[38;2;255;255;255m██[38;2;255;165;58m██[38;2;229;141;83m██[38;2;0;0;0m██    [38;2;0;0;0m██[38;2;65;65;65m██[38;2;65;65;65m██[38;2;230;90;82m██[38;2;197;49;58m██[38;2;0;0;0m██      
        [38;2;0;0;0m██[38;2;171;74;74m██[38;2;229;141;83m██[38;2;222;189;90m██[38;2;255;230;148m██[38;2;255;230;148m██[38;2;222;189;90m██[38;2;171;74;74m██[38;2;229;141;83m██[38;2;229;141;83m██[38;2;0;0;0m██[38;2;0;0;0m██[38;2;229;141;83m██[38;2;229;141;83m██[38;2;65;65;65m██[38;2;230;90;82m██[38;2;65;65;65m██[38;2;229;141;83m██[38;2;0;0;0m██[38;2;0;0;0m██  
          [38;2;0;0;0m██[38;2;255;230;148m██[38;2;255;230;148m██[38;2;65;65;65m██[38;2;65;65;65m██[38;2;171;74;74m██[38;2;171;74;74m██[38;2;229;141;83m██[38;2;229;141;83m██[38;2;229;141;83m██[38;2;230;90;82m██[38;2;197;49;58m██[38;2;229;141;83m██[38;2;229;141;83m██[38;2;65;65;65m██[38;2;65;65;65m██[38;2;229;141;83m██[38;2;229;141;83m██[38;2;229;141;83m██[38;2;0;0;0m██
            [38;2;0;0;0m██[38;2;65;65;65m██[38;2;222;189;90m██[38;2;255;230;148m██[38;2;171;74;74m██[38;2;229;141;83m██[38;2;229;141;83m██[38;2;229;141;83m██[38;2;229;141;83m██[38;2;229;141;83m██[38;2;229;141;83m██[38;2;229;141;83m██[38;2;197;49;58m██[38;2;229;141;83m██[38;2;65;65;65m██[38;2;171;74;74m██[38;2;229;141;83m██[38;2;0;0;0m██  
            [38;2;0;0;0m██[38;2;222;189;90m██[38;2;255;230;148m██[38;2;255;230;148m██[38;2;255;230;148m██[38;2;229;141;83m██[38;2;229;141;83m██[38;2;229;141;83m██[38;2;229;141;83m██[38;2;229;141;83m██[38;2;229;141;83m██[38;2;229;141;83m██[38;2;229;141;83m██[38;2;229;141;83m██[38;2;229;141;83m██[38;2;0;0;0m██[38;2;0;0;0m██    
              [38;2;0;0;0m██[38;2;255;230;148m██[38;2;255;230;148m██[38;2;255;230;148m██[38;2;171;74;74m██[38;2;229;141;83m██[38;2;229;141;83m██[38;2;229;141;83m██[38;2;229;141;83m██[38;2;222;189;90m██[38;2;65;65;65m██[38;2;229;141;83m██[38;2;229;141;83m██[38;2;229;141;83m██[38;2;0;0;0m██      
            [38;2;0;0;0m██[38;2;222;189;90m██[38;2;222;189;90m██[38;2;255;230;148m██[38;2;255;230;148m██[38;2;65;65;65m██[38;2;229;141;83m██[38;2;229;141;83m██[38;2;229;141;83m██[38;2;222;189;90m██[38;2;222;189;90m██[38;2;222;189;90m██[38;2;171;74;74m██[38;2;229;141;83m██[38;2;222;189;90m██[38;2;0;0;0m██      
              [38;2;0;0;0m██[38;2;171;74;74m██[38;2;222;189;90m██[38;2;65;65;65m██[38;2;0;0;0m██[38;2;171;74;74m██[38;2;229;141;83m██[38;2;229;141;83m██[38;2;222;189;90m██[38;2;0;0;0m██[38;2;0;0;0m██[38;2;0;0;0m██[38;2;229;141;83m██[38;2;222;189;90m██[38;2;222;189;90m██[38;2;0;0;0m██    
                [38;2;0;0;0m██[38;2;171;74;74m██[38;2;0;0;0m██  [38;2;0;0;0m██[38;2;229;141;83m██[38;2;229;141;83m██[38;2;0;0;0m██      [38;2;0;0;0m██[38;2;0;0;0m██[38;2;222;189;90m██[38;2;0;0;0m██    
                [38;2;0;0;0m██[38;2;171;74;74m██[38;2;0;0;0m██  [38;2;0;0;0m██[38;2;222;189;90m██[38;2;171;74;74m██[38;2;0;0;0m██        [38;2;0;0;0m██[38;2;171;74;74m██[38;2;0;0;0m██    
                [38;2;0;0;0m██[38;2;0;0;0m██    [38;2;0;0;0m██[38;2;222;189;90m██[38;2;0;0;0m██          [38;2;0;0;0m██[38;2;0;0;0m██      
                        [38;2;0;0;0m██[38;2;171;74;74m██[38;2;0;0;0m██                    
                        [38;2;0;0;0m██[38;2;0;0;0m██                      
