            [38;2;0;0;0m██[38;2;0;0;0m██[38;2;0;0;0m██            
      [38;2;0;0;0m██[38;2;0;0;0m██[38;2;0;0;0m██[38;2;203;50;141m██[38;2;203;50;141m██[38;2;0;0;0m██            
    [38;2;0;0;0m██[38;2;197;112;25m██[38;2;255;156;41m██[38;2;197;112;25m██[38;2;203;50;141m██[38;2;0;0;0m██              
  [38;2;0;0;0m██[38;2;255;156;41m██[38;2;255;156;41m██[38;2;255;156;41m██[38;2;197;112;25m██[38;2;197;112;25m██[38;2;255;156;41m██[38;2;0;0;0m██            
[38;2;0;0;0m██[38;2;255;156;41m██[38;2;255;156;41m██[38;2;255;156;41m██[38;2;255;156;41m██[38;2;255;156;41m██[38;2;255;156;41m██[38;2;255;156;41m██[38;2;197;112;25m██[38;2;0;0;0m██          
[38;2;0;0;0m██[38;2;255;255;255m██[38;2;216;210;101m██[38;2;255;156;41m██[38;2;255;156;41m██[38;2;255;255;255m██[38;2;255;255;255m██[38;2;255;156;41m██[38;2;255;156;41m██[38;2;0;0;0m██          
[38;2;0;0;0m██[38;2;255;255;255m██[38;2;189;189;189m██[38;2;255;156;41m██[38;2;255;255;255m██[38;2;0;0;0m██[38;2;255;255;255m██[38;2;255;156;41m██[38;2;255;156;41m██[38;2;0;0;0m██          
  [38;2;0;0;0m██[38;2;189;189;189m██[38;2;255;255;255m██[38;2;255;156;41m██[38;2;255;255;255m██[38;2;255;255;255m██[38;2;255;156;41m██[38;2;216;210;101m██[38;2;0;0;0m██          
    [38;2;0;0;0m██[38;2;216;210;101m██[38;2;216;210;101m██[38;2;216;210;101m██[38;2;216;210;101m██[38;2;216;210;101m██[38;2;0;0;0m██            
  [38;2;0;0;0m██[38;2;249;245;175m██[38;2;148;132;99m██[38;2;148;132;99m██[38;2;216;210;101m██[38;2;197;112;25m██[38;2;197;112;25m██[38;2;0;0;0m██  [38;2;0;0;0m██[38;2;0;0;0m██      
    [38;2;0;0;0m██[38;2;197;112;25m██[38;2;203;50;141m██[38;2;65;65;65m██[38;2;249;245;175m██[38;2;216;210;101m██[38;2;197;112;25m██[38;2;0;0;0m██[38;2;255;156;41m██[38;2;197;112;25m██[38;2;0;0;0m██[38;2;0;0;0m██  
      [38;2;0;0;0m██[38;2;255;156;41m██[38;2;197;112;25m██[38;2;148;132;99m██[38;2;148;132;99m██[38;2;255;156;41m██[38;2;65;65;65m██[38;2;255;156;41m██[38;2;255;156;41m██[38;2;197;112;25m██[38;2;255;156;41m██[38;2;0;0;0m██
    [38;2;0;0;0m██[38;2;255;156;41m██[38;2;197;112;25m██[38;2;255;156;41m██[38;2;255;156;41m██[38;2;255;156;41m██[38;2;255;156;41m██[38;2;148;132;99m██[38;2;255;156;41m██[38;2;148;132;99m██[38;2;255;156;41m██[38;2;0;0;0m██[38;2;0;0;0m██
      [38;2;0;0;0m██[38;2;0;0;0m██[38;2;197;112;25m██[38;2;255;156;41m██[38;2;197;112;25m██[38;2;65;65;65m██[38;2;255;156;41m██[38;2;197;112;25m██[38;2;0;0;0m██[38;2;0;0;0m██    
          [38;2;0;0;0m██[38;2;0;0;0m██[38;2;255;156;41m██[38;2;255;156;41m██[38;2;0;0;0m██[38;2;0;0;0m██        
              [38;2;0;0;0m██[38;2;0;0;0m██            
