                    [38;2;0;0;0m██[38;2;0;0;0m██                        
            [38;2;0;0;0m██[38;2;0;0;0m██  [38;2;0;0;0m██[38;2;141;165;254m██[38;2;0;0;0m██                        
          [38;2;0;0;0m██[38;2;111;103;222m██[38;2;0;0;0m██[38;2;0;0;0m██[38;2;141;165;254m██[38;2;141;165;254m██[38;2;0;0;0m██[38;2;0;0;0m██[38;2;0;0;0m██                    
        [38;2;0;0;0m██[38;2;111;103;222m██[38;2;88;80;199m██[38;2;141;165;254m██[38;2;141;165;254m██[38;2;141;165;254m██[38;2;88;80;199m██[38;2;111;103;222m██[38;2;141;165;254m██[38;2;141;165;254m██[38;2;0;0;0m██                  
        [38;2;0;0;0m██[38;2;88;80;199m██[38;2;141;165;254m██[38;2;141;165;254m██[38;2;88;80;199m██[38;2;88;80;199m██[38;2;141;165;254m██[38;2;141;165;254m██[38;2;88;80;199m██[38;2;0;0;0m██    [38;2;0;0;0m██[38;2;0;0;0m██[38;2;0;0;0m██          
      [38;2;0;0;0m██[38;2;88;80;199m██[38;2;141;165;254m██[38;2;141;165;254m██[38;2;88;80;199m██[38;2;111;103;222m██[38;2;141;165;254m██[38;2;141;165;254m██[38;2;141;165;254m██[38;2;141;165;254m██[38;2;141;165;254m██[38;2;0;0;0m██[38;2;0;0;0m██[38;2;141;165;254m██[38;2;141;165;254m██[38;2;0;0;0m██          
      [38;2;0;0;0m██[38;2;141;165;254m██[38;2;141;165;254m██[38;2;88;80;199m██[38;2;141;165;254m██[38;2;141;165;254m██[38;2;141;165;254m██[38;2;141;165;254m██[38;2;111;103;222m██[38;2;141;165;254m██[38;2;65;65;65m██[38;2;141;165;254m██[38;2;141;165;254m██[38;2;111;103;222m██[38;2;65;65;65m██[38;2;0;0;0m██    [38;2;0;0;0m██[38;2;0;0;0m██[38;2;0;0;0m██
        [38;2;0;0;0m██[38;2;141;165;254m██[38;2;88;80;199m██[38;2;141;165;254m██[38;2;141;165;254m██[38;2;88;80;199m██[38;2;65;65;65m██[38;2;141;165;254m██[38;2;88;80;199m██[38;2;141;165;254m██[38;2;141;165;254m██[38;2;65;65;65m██[38;2;65;65;65m██[38;2;141;165;254m██[38;2;141;165;254m██[38;2;0;0;0m██[38;2;0;0;0m██[38;2;255;149;148m██[38;2;251;209;208m██[38;2;0;0;0m██
      [38;2;0;0;0m██[38;2;141;165;254m██[38;2;141;165;254m██[38;2;141;165;254m██[38;2;0;0;0m██[38;2;0;0;0m██[38;2;255;255;255m██[38;2;255;255;255m██[38;2;141;165;254m██[38;2;141;165;254m██[38;2;141;165;254m██[38;2;141;165;254m██[38;2;141;165;254m██[38;2;141;165;254m██[38;2;111;103;222m██[38;2;65;65;65m██[38;2;65;65;65m██[38;2;251;209;208m██[38;2;251;209;208m██[38;2;0;0;0m██  
  [38;2;0;0;0m██[38;2;0;0;0m██[38;2;141;165;254m██[38;2;141;165;254m██[38;2;141;165;254m██[38;2;141;165;254m██[38;2;255;255;255m██[38;2;65;65;65m██[38;2;255;255;255m██[38;2;141;165;254m██[38;2;141;165;254m██[38;2;88;80;199m██[38;2;111;103;222m██[38;2;141;165;254m██[38;2;111;103;222m██[38;2;65;65;65m██[38;2;65;65;65m██[38;2;251;209;208m██[38;2;251;209;208m██[38;2;227;102;100m██[38;2;227;102;100m██[38;2;0;0;0m██[38;2;0;0;0m██
[38;2;0;0;0m██[38;2;111;103;222m██[38;2;141;165;254m██[38;2;141;165;254m██[38;2;141;165;254m██[38;2;141;165;254m██[38;2;141;165;254m██[38;2;141;165;254m██[38;2;141;165;254m██[38;2;141;165;254m██[38;2;141;165;254m██[38;2;111;103;222m██[38;2;65;65;65m██[38;2;65;65;65m██[38;2;65;65;65m██[38;2;111;103;222m██[38;2;111;103;222m██[38;2;65;65;65m██[38;2;251;209;208m██[38;2;251;209;208m██[38;2;251;209;208m██[38;2;251;209;208m██[38;2;251;209;208m██[38;2;0;0;0m██
[38;2;0;0;0m██[38;2;141;165;254m██[38;2;65;65;65m██[38;2;65;65;65m██[38;2;141;165;254m██[38;2;141;165;254m██[38;2;88;80;199m██[38;2;88;80;199m██[38;2;141;165;254m██[38;2;141;165;254m██[38;2;111;103;222m██[38;2;65;65;65m██[38;2;111;103;222m██[38;2;111;103;222m██[38;2;111;103;222m██[38;2;65;65;65m██[38;2;65;65;65m██[38;2;65;65;65m██[38;2;111;103;222m██[38;2;251;209;208m██[38;2;255;149;148m██[38;2;227;102;100m██[38;2;0;0;0m██  
  [38;2;0;0;0m██[38;2;141;165;254m██[38;2;141;165;254m██[38;2;141;165;254m██[38;2;0;0;0m██[38;2;0;0;0m██[38;2;65;65;65m██[38;2;65;65;65m██[38;2;65;65;65m██[38;2;65;65;65m██[38;2;111;103;222m██[38;2;111;103;222m██[38;2;111;103;222m██[38;2;111;103;222m██[38;2;111;103;222m██[38;2;111;103;222m██[38;2;111;103;222m██[38;2;255;149;148m██[38;2;227;102;100m██[38;2;227;102;100m██[38;2;0;0;0m██    
    [38;2;0;0;0m██[38;2;0;0;0m██[38;2;0;0;0m██  [38;2;0;0;0m██[38;2;251;209;208m██[38;2;255;149;148m██[38;2;255;149;148m██[38;2;251;209;208m██[38;2;141;165;254m██[38;2;111;103;222m██[38;2;88;80;199m██[38;2;65;65;65m██[38;2;65;65;65m██[38;2;111;103;222m██[38;2;255;149;148m██[38;2;255;149;148m██[38;2;255;149;148m██[38;2;255;149;148m██[38;2;255;149;148m██[38;2;0;0;0m██  
              [38;2;65;65;65m██[38;2;251;209;208m██[38;2;65;65;65m██[38;2;65;65;65m██[38;2;65;65;65m██[38;2;141;165;254m██[38;2;111;103;222m██[38;2;111;103;222m██[38;2;65;65;65m██[38;2;0;0;0m██[38;2;0;0;0m██[38;2;0;0;0m██[38;2;0;0;0m██[38;2;0;0;0m██[38;2;0;0;0m██    
                [38;2;65;65;65m██[38;2;141;165;254m██[38;2;141;165;254m██[38;2;88;80;199m██[38;2;65;65;65m██[38;2;111;103;222m██[38;2;111;103;222m██[38;2;0;0;0m██                
              [38;2;0;0;0m██[38;2;141;165;254m██[38;2;141;165;254m██[38;2;111;103;222m██[38;2;111;103;222m██[38;2;65;65;65m██[38;2;111;103;222m██[38;2;0;0;0m██                  
              [38;2;0;0;0m██[38;2;88;80;199m██[38;2;111;103;222m██[38;2;88;80;199m██[38;2;65;65;65m██[38;2;111;103;222m██[38;2;88;80;199m██[38;2;0;0;0m██                  
                [38;2;0;0;0m██[38;2;88;80;199m██[38;2;111;103;222m██[38;2;111;103;222m██[38;2;88;80;199m██[38;2;0;0;0m██                    
                  [38;2;0;0;0m██[38;2;0;0;0m██[38;2;0;0;0m██[38;2;0;0;0m██                      
