                [38;2;0;0;0m██[38;2;0;0;0m██[38;2;0;0;0m██[38;2;0;0;0m██                            
            [38;2;0;0;0m██[38;2;0;0;0m██[38;2;236;167;239m██[38;2;236;167;239m██[38;2;236;167;239m██[38;2;236;167;239m██[38;2;0;0;0m██[38;2;0;0;0m██                        
          [38;2;0;0;0m██[38;2;255;255;255m██[38;2;236;167;239m██[38;2;236;167;239m██[38;2;236;167;239m██[38;2;236;167;239m██[38;2;236;167;239m██[38;2;236;167;239m██[38;2;236;167;239m██[38;2;0;0;0m██                      
[38;2;0;0;0m██[38;2;0;0;0m██[38;2;0;0;0m██  [38;2;0;0;0m██[38;2;65;65;65m██[38;2;0;0;0m██[38;2;236;167;239m██[38;2;236;167;239m██[38;2;236;167;239m██[38;2;194;123;209m██[38;2;236;167;239m██[38;2;236;167;239m██[38;2;236;167;239m██[38;2;0;0;0m██                      
[38;2;0;0;0m██[38;2;206;206;206m██[38;2;206;206;206m██[38;2;0;0;0m██[38;2;65;65;65m██[38;2;123;123;123m██[38;2;236;167;239m██[38;2;236;167;239m██[38;2;123;123;123m██[38;2;236;167;239m██[38;2;255;255;255m██[38;2;65;65;65m██[38;2;236;167;239m██[38;2;236;167;239m██[38;2;194;123;209m██[38;2;0;0;0m██          [38;2;0;0;0m██[38;2;0;0;0m██      
  [38;2;0;0;0m██[38;2;123;123;123m██[38;2;206;206;206m██[38;2;206;206;206m██[38;2;206;206;206m██[38;2;123;123;123m██[38;2;236;167;239m██[38;2;236;167;239m██[38;2;236;167;239m██[38;2;0;0;0m██[38;2;0;0;0m██[38;2;236;167;239m██[38;2;194;123;209m██[38;2;194;123;209m██[38;2;0;0;0m██        [38;2;0;0;0m██[38;2;194;123;209m██[38;2;65;65;65m██[38;2;0;0;0m██    
[38;2;0;0;0m██[38;2;206;206;206m██[38;2;206;206;206m██[38;2;123;123;123m██[38;2;123;123;123m██[38;2;65;65;65m██[38;2;255;245;127m██[38;2;123;123;123m██[38;2;123;123;123m██[38;2;65;65;65m██[38;2;65;65;65m██[38;2;65;65;65m██[38;2;194;123;209m██[38;2;194;123;209m██[38;2;194;123;209m██[38;2;194;123;209m██[38;2;0;0;0m██[38;2;0;0;0m██  [38;2;0;0;0m██[38;2;194;123;209m██[38;2;65;65;65m██[38;2;194;123;209m██[38;2;0;0;0m██    
  [38;2;0;0;0m██[38;2;123;123;123m██[38;2;206;206;206m██[38;2;206;206;206m██[38;2;65;65;65m██[38;2;255;245;127m██[38;2;255;245;127m██[38;2;65;65;65m██[38;2;255;255;255m██[38;2;255;255;255m██[38;2;255;255;255m██[38;2;65;65;65m██[38;2;65;65;65m██[38;2;65;65;65m██[38;2;194;123;209m██[38;2;236;167;239m██[38;2;65;65;65m██[38;2;0;0;0m██[38;2;194;123;209m██[38;2;194;123;209m██[38;2;194;123;209m██[38;2;65;65;65m██[38;2;65;65;65m██[38;2;0;0;0m██  
  [38;2;0;0;0m██[38;2;206;206;206m██[38;2;206;206;206m██[38;2;65;65;65m██[38;2;255;245;127m██[38;2;255;245;127m██[38;2;255;245;127m██[38;2;65;65;65m██[38;2;255;255;255m██[38;2;255;255;255m██[38;2;123;123;123m██[38;2;255;255;255m██[38;2;255;255;255m██[38;2;255;255;255m██[38;2;65;65;65m██[38;2;236;167;239m██[38;2;236;167;239m██[38;2;194;123;209m██[38;2;65;65;65m██[38;2;194;123;209m██[38;2;194;123;209m██[38;2;194;123;209m██[38;2;194;123;209m██[38;2;194;123;209m██[38;2;0;0;0m██
    [38;2;0;0;0m██[38;2;0;0;0m██[38;2;65;65;65m██[38;2;255;245;127m██[38;2;255;245;127m██[38;2;255;245;127m██[38;2;255;245;127m██[38;2;65;65;65m██[38;2;255;255;255m██[38;2;255;255;255m██[38;2;123;123;123m██[38;2;123;123;123m██[38;2;65;65;65m██[38;2;65;65;65m██[38;2;194;123;209m██[38;2;236;167;239m██[38;2;236;167;239m██[38;2;194;123;209m██[38;2;65;65;65m██[38;2;194;123;209m██[38;2;194;123;209m██[38;2;0;0;0m██[38;2;0;0;0m██[38;2;0;0;0m██
        [38;2;0;0;0m██[38;2;255;245;127m██[38;2;255;245;127m██[38;2;255;245;127m██[38;2;255;245;127m██[38;2;65;65;65m██[38;2;255;255;255m██[38;2;123;123;123m██[38;2;255;255;255m██[38;2;255;255;255m██[38;2;65;65;65m██[38;2;194;123;209m██[38;2;194;123;209m██[38;2;194;123;209m██[38;2;194;123;209m██[38;2;194;123;209m██[38;2;65;65;65m██[38;2;0;0;0m██[38;2;0;0;0m██      
          [38;2;0;0;0m██[38;2;255;245;127m██[38;2;255;245;127m██[38;2;255;245;127m██[38;2;255;245;127m██[38;2;65;65;65m██[38;2;255;255;255m██[38;2;65;65;65m██[38;2;65;65;65m██[38;2;220;193;87m██[38;2;220;193;87m██[38;2;194;123;209m██[38;2;220;193;87m██[38;2;194;123;209m██[38;2;194;123;209m██[38;2;0;0;0m██          
        [38;2;0;0;0m██[38;2;65;65;65m██[38;2;194;123;209m██[38;2;255;245;127m██[38;2;255;245;127m██[38;2;220;193;87m██[38;2;65;65;65m██[38;2;65;65;65m██[38;2;220;193;87m██[38;2;194;123;209m██[38;2;220;193;87m██[38;2;220;193;87m██[38;2;194;123;209m██[38;2;194;123;209m██[38;2;194;123;209m██[38;2;0;0;0m██            
      [38;2;0;0;0m██[38;2;194;123;209m██[38;2;194;123;209m██[38;2;65;65;65m██[38;2;194;123;209m██[38;2;194;123;209m██[38;2;220;193;87m██[38;2;220;193;87m██[38;2;220;193;87m██[38;2;194;123;209m██[38;2;194;123;209m██[38;2;194;123;209m██[38;2;194;123;209m██[38;2;194;123;209m██[38;2;194;123;209m██[38;2;194;123;209m██[38;2;0;0;0m██            
        [38;2;0;0;0m██[38;2;0;0;0m██[38;2;0;0;0m██[38;2;0;0;0m██[38;2;194;123;209m██[38;2;194;123;209m██[38;2;194;123;209m██[38;2;194;123;209m██[38;2;194;123;209m██[38;2;194;123;209m██[38;2;194;123;209m██[38;2;65;65;65m██[38;2;194;123;209m██[38;2;194;123;209m██[38;2;0;0;0m██              
                [38;2;0;0;0m██[38;2;0;0;0m██[38;2;194;123;209m██[38;2;65;65;65m██[38;2;194;123;209m██[38;2;236;167;239m██[38;2;236;167;239m██[38;2;236;167;239m██[38;2;65;65;65m██[38;2;0;0;0m██                
                    [38;2;0;0;0m██[38;2;0;0;0m██[38;2;0;0;0m██[38;2;194;123;209m██[38;2;236;167;239m██[38;2;194;123;209m██[38;2;236;167;239m██[38;2;0;0;0m██                
                          [38;2;0;0;0m██[38;2;0;0;0m██[38;2;0;0;0m██[38;2;0;0;0m██                  
