        [38;2;0;0;0m██[38;2;0;0;0m██                  
      [38;2;0;0;0m██[38;2;199;23;66m██[38;2;0;0;0m██[38;2;0;0;0m██      [38;2;0;0;0m██[38;2;0;0;0m██      
      [38;2;0;0;0m██[38;2;247;115;123m██[38;2;199;23;66m██[38;2;0;0;0m██    [38;2;0;0;0m██[38;2;199;23;66m██[38;2;0;0;0m██[38;2;0;0;0m██    
        [38;2;0;0;0m██[38;2;247;115;123m██[38;2;199;23;66m██[38;2;0;0;0m██  [38;2;0;0;0m██[38;2;247;115;123m██[38;2;199;23;66m██[38;2;0;0;0m██    
        [38;2;0;0;0m██[38;2;247;115;123m██[38;2;199;23;66m██[38;2;0;0;0m██  [38;2;0;0;0m██[38;2;247;115;123m██[38;2;199;23;66m██[38;2;0;0;0m██    
          [38;2;0;0;0m██[38;2;65;65;65m██[38;2;0;0;0m██[38;2;0;0;0m██[38;2;247;115;123m██[38;2;199;23;66m██[38;2;0;0;0m██      
  [38;2;0;0;0m██[38;2;0;0;0m██  [38;2;0;0;0m██[38;2;255;230;171m██[38;2;255;230;171m██[38;2;246;213;116m██[38;2;65;65;65m██[38;2;197;115;123m██[38;2;0;0;0m██        
[38;2;0;0;0m██[38;2;187;148;54m██[38;2;211;184;91m██[38;2;0;0;0m██[38;2;65;65;65m██[38;2;255;230;171m██[38;2;255;230;171m██[38;2;255;230;171m██[38;2;246;213;116m██[38;2;65;65;65m██[38;2;0;0;0m██        
[38;2;0;0;0m██[38;2;211;184;91m██[38;2;187;148;54m██[38;2;255;230;171m██[38;2;65;65;65m██[38;2;255;230;171m██[38;2;255;230;171m██[38;2;0;0;0m██[38;2;246;213;116m██[38;2;246;213;116m██[38;2;246;213;116m██[38;2;0;0;0m██      
[38;2;0;0;0m██[38;2;187;148;54m██[38;2;246;213;116m██[38;2;246;213;116m██[38;2;246;213;116m██[38;2;187;148;54m██[38;2;246;213;116m██[38;2;0;0;0m██[38;2;246;213;116m██[38;2;246;213;116m██[38;2;187;148;54m██[38;2;187;148;54m██[38;2;0;0;0m██[38;2;0;0;0m██  
  [38;2;0;0;0m██[38;2;246;213;116m██[38;2;246;213;116m██[38;2;255;252;244m██[38;2;255;252;244m██[38;2;246;213;116m██[38;2;246;213;116m██[38;2;246;213;116m██[38;2;246;213;116m██[38;2;246;213;116m██[38;2;246;213;116m██[38;2;187;148;54m██[38;2;246;213;116m██[38;2;0;0;0m██
  [38;2;0;0;0m██[38;2;211;184;91m██[38;2;255;252;244m██[38;2;255;252;244m██[38;2;255;252;244m██[38;2;255;252;244m██[38;2;246;213;116m██[38;2;246;213;116m██[38;2;246;213;116m██[38;2;246;213;116m██[38;2;246;213;116m██[38;2;187;148;54m██[38;2;246;213;116m██[38;2;0;0;0m██
    [38;2;0;0;0m██[38;2;245;234;195m██[38;2;246;213;116m██[38;2;246;213;116m██[38;2;255;252;244m██[38;2;255;252;244m██[38;2;246;213;116m██[38;2;246;213;116m██[38;2;246;213;116m██[38;2;246;213;116m██[38;2;246;213;116m██[38;2;0;0;0m██  
    [38;2;0;0;0m██[38;2;211;184;91m██[38;2;211;184;91m██[38;2;246;213;116m██[38;2;246;213;116m██[38;2;255;252;244m██[38;2;246;213;116m██[38;2;246;213;116m██[38;2;246;213;116m██[38;2;211;184;91m██[38;2;0;0;0m██    
      [38;2;0;0;0m██[38;2;211;184;91m██[38;2;211;184;91m██[38;2;211;184;91m██[38;2;245;234;195m██[38;2;245;234;195m██[38;2;211;184;91m██[38;2;65;65;65m██[38;2;0;0;0m██      
        [38;2;0;0;0m██[38;2;0;0;0m██[38;2;245;234;195m██[38;2;245;234;195m██[38;2;65;65;65m██[38;2;65;65;65m██[38;2;0;0;0m██        
          [38;2;0;0;0m██[38;2;65;65;65m██[38;2;65;65;65m██[38;2;246;213;116m██[38;2;246;213;116m██[38;2;0;0;0m██        
          [38;2;0;0;0m██[38;2;211;184;91m██[38;2;211;184;91m██[38;2;0;0;0m██[38;2;0;0;0m██          
          [38;2;0;0;0m██[38;2;163;18;51m██[38;2;163;18;51m██[38;2;0;0;0m██            
        [38;2;0;0;0m██[38;2;246;213;116m██[38;2;246;213;116m██[38;2;211;184;91m██[38;2;0;0;0m██            
    [38;2;0;0;0m██[38;2;0;0;0m██[38;2;163;18;51m██[38;2;163;18;51m██[38;2;163;18;51m██[38;2;246;213;116m██[38;2;211;184;91m██[38;2;0;0;0m██          
  [38;2;0;0;0m██[38;2;163;18;51m██[38;2;255;230;171m██[38;2;255;230;171m██[38;2;246;213;116m██[38;2;163;18;51m██[38;2;163;18;51m██[38;2;211;184;91m██[38;2;0;0;0m██          
  [38;2;0;0;0m██[38;2;246;213;116m██[38;2;255;230;171m██[38;2;255;230;171m██[38;2;246;213;116m██[38;2;246;213;116m██[38;2;163;18;51m██[38;2;211;184;91m██[38;2;0;0;0m██          
  [38;2;0;0;0m██[38;2;211;184;91m██[38;2;246;213;116m██[38;2;246;213;116m██[38;2;246;213;116m██[38;2;211;184;91m██[38;2;163;18;51m██[38;2;0;0;0m██            
    [38;2;0;0;0m██[38;2;211;184;91m██[38;2;211;184;91m██[38;2;211;184;91m██[38;2;0;0;0m██[38;2;0;0;0m██              
      [38;2;0;0;0m██[38;2;0;0;0m██[38;2;0;0;0m██                  
