                  [38;2;0;0;0m██[38;2;0;0;0m██[38;2;0;0;0m██[38;2;0;0;0m██              
            [38;2;0;0;0m██[38;2;0;0;0m██[38;2;0;0;0m██[38;2;182;230;184m██[38;2;182;230;184m██[38;2;182;230;184m██[38;2;182;230;184m██[38;2;0;0;0m██            
        [38;2;0;0;0m██[38;2;0;0;0m██[38;2;182;230;184m██[38;2;128;173;130m██[38;2;182;230;184m██[38;2;182;230;184m██[38;2;182;230;184m██[38;2;100;120;100m██[38;2;100;120;100m██[38;2;100;120;100m██[38;2;0;0;0m██[38;2;0;0;0m██        
      [38;2;0;0;0m██[38;2;100;120;100m██[38;2;182;230;184m██[38;2;128;173;130m██[38;2;182;230;184m██[38;2;182;230;184m██[38;2;100;120;100m██[38;2;100;120;100m██[38;2;182;230;184m██[38;2;182;230;184m██[38;2;182;230;184m██[38;2;182;230;184m██[38;2;182;230;184m██[38;2;0;0;0m██      
    [38;2;65;65;65m██[38;2;182;230;184m██[38;2;100;120;100m██[38;2;182;230;184m██[38;2;128;173;130m██[38;2;182;230;184m██[38;2;100;120;100m██[38;2;182;230;184m██[38;2;182;230;184m██[38;2;182;230;184m██[38;2;182;230;184m██[38;2;182;230;184m██[38;2;100;120;100m██[38;2;100;120;100m██[38;2;0;0;0m██      
  [38;2;0;0;0m██[38;2;182;230;184m██[38;2;100;120;100m██[38;2;182;230;184m██[38;2;182;230;184m██[38;2;182;230;184m██[38;2;100;120;100m██[38;2;182;230;184m██[38;2;182;230;184m██[38;2;182;230;184m██[38;2;182;230;184m██[38;2;100;120;100m██[38;2;100;120;100m██[38;2;182;230;184m██[38;2;182;230;184m██[38;2;182;230;184m██[38;2;0;0;0m██    
  [38;2;0;0;0m██[38;2;182;230;184m██[38;2;100;120;100m██[38;2;182;230;184m██[38;2;182;230;184m██[38;2;182;230;184m██[38;2;182;230;184m██[38;2;182;230;184m██[38;2;182;230;184m██[38;2;182;230;184m██[38;2;100;120;100m██[38;2;182;230;184m██[38;2;182;230;184m██[38;2;182;230;184m██[38;2;182;230;184m██[38;2;182;230;184m██[38;2;182;230;184m██[38;2;0;0;0m██  
[38;2;0;0;0m██[38;2;182;230;184m██[38;2;182;230;184m██[38;2;100;120;100m██[38;2;182;230;184m██[38;2;182;230;184m██[38;2;182;230;184m██[38;2;182;230;184m██[38;2;182;230;184m██[38;2;182;230;184m██[38;2;100;120;100m██[38;2;182;230;184m██[38;2;182;230;184m██[38;2;182;230;184m██[38;2;182;230;184m██[38;2;182;230;184m██[38;2;182;230;184m██[38;2;100;120;100m██[38;2;0;0;0m██  
[38;2;0;0;0m██[38;2;182;230;184m██[38;2;182;230;184m██[38;2;182;230;184m██[38;2;100;120;100m██[38;2;182;230;184m██[38;2;182;230;184m██[38;2;182;230;184m██[38;2;182;230;184m██[38;2;100;120;100m██[38;2;182;230;184m██[38;2;182;230;184m██[38;2;182;230;184m██[38;2;182;230;184m██[38;2;182;230;184m██[38;2;100;120;100m██[38;2;100;120;100m██[38;2;182;230;184m██[38;2;182;230;184m██[38;2;0;0;0m██
  [38;2;0;0;0m██[38;2;182;230;184m██[38;2;128;173;130m██[38;2;100;120;100m██[38;2;65;65;65m██[38;2;100;120;100m██[38;2;128;173;130m██[38;2;100;120;100m██[38;2;128;173;130m██[38;2;182;230;184m██[38;2;182;230;184m██[38;2;182;230;184m██[38;2;100;120;100m██[38;2;100;120;100m██[38;2;182;230;184m██[38;2;182;230;184m██[38;2;182;230;184m██[38;2;100;120;100m██[38;2;0;0;0m██
[38;2;0;0;0m██[38;2;100;120;100m██[38;2;182;230;184m██[38;2;100;120;100m██[38;2;65;65;65m██[38;2;65;65;65m██[38;2;65;65;65m██[38;2;65;65;65m██[38;2;100;120;100m██[38;2;182;230;184m██[38;2;182;230;184m██[38;2;182;230;184m██[38;2;100;120;100m██[38;2;182;230;184m██[38;2;182;230;184m██[38;2;182;230;184m██[38;2;100;120;100m██[38;2;100;120;100m██[38;2;128;173;130m██[38;2;0;0;0m██
[38;2;0;0;0m██[38;2;182;230;184m██[38;2;100;120;100m██[38;2;247;247;41m██[38;2;0;0;0m██[38;2;65;65;65m██[38;2;65;65;65m██[38;2;65;65;65m██[38;2;65;65;65m██[38;2;100;120;100m██[38;2;182;230;184m██[38;2;182;230;184m██[38;2;128;173;130m██[38;2;100;120;100m██[38;2;100;120;100m██[38;2;100;120;100m██[38;2;128;173;130m██[38;2;128;173;130m██[38;2;0;0;0m██  
[38;2;0;0;0m██[38;2;182;230;184m██[38;2;182;230;184m██[38;2;65;65;65m██[38;2;247;247;41m██[38;2;132;115;74m██[38;2;65;65;65m██[38;2;65;65;65m██[38;2;197;173;49m██[38;2;0;0;0m██[38;2;100;120;100m██[38;2;128;173;130m██[38;2;128;173;130m██[38;2;128;173;130m██[38;2;128;173;130m██[38;2;128;173;130m██[38;2;100;120;100m██[38;2;100;120;100m██[38;2;0;0;0m██  
  [38;2;0;0;0m██[38;2;182;230;184m██[38;2;65;65;65m██[38;2;65;65;65m██[38;2;65;65;65m██[38;2;65;65;65m██[38;2;65;65;65m██[38;2;132;115;74m██[38;2;132;115;74m██[38;2;182;230;184m██[38;2;100;120;100m██[38;2;100;120;100m██[38;2;100;120;100m██[38;2;100;120;100m██[38;2;100;120;100m██[38;2;128;173;130m██[38;2;128;173;130m██[38;2;0;0;0m██  
  [38;2;0;0;0m██[38;2;128;173;130m██[38;2;128;173;130m██[38;2;65;65;65m██[38;2;65;65;65m██[38;2;65;65;65m██[38;2;65;65;65m██[38;2;65;65;65m██[38;2;182;230;184m██[38;2;128;173;130m██[38;2;128;173;130m██[38;2;128;173;130m██[38;2;128;173;130m██[38;2;128;173;130m██[38;2;128;173;130m██[38;2;128;173;130m██[38;2;0;0;0m██    
    [38;2;0;0;0m██[38;2;65;65;65m██[38;2;128;173;130m██[38;2;100;120;100m██[38;2;100;120;100m██[38;2;100;120;100m██[38;2;128;173;130m██[38;2;128;173;130m██[38;2;128;173;130m██[38;2;128;173;130m██[38;2;128;173;130m██[38;2;128;173;130m██[38;2;128;173;130m██[38;2;128;173;130m██[38;2;65;65;65m██[38;2;0;0;0m██    
    [38;2;0;0;0m██[38;2;100;120;100m██[38;2;65;65;65m██[38;2;128;173;130m██[38;2;128;173;130m██[38;2;128;173;130m██[38;2;100;120;100m██[38;2;100;120;100m██[38;2;128;173;130m██[38;2;128;173;130m██[38;2;128;173;130m██[38;2;128;173;130m██[38;2;128;173;130m██[38;2;65;65;65m██[38;2;100;120;100m██[38;2;100;120;100m██[38;2;0;0;0m██  
  [38;2;0;0;0m██[38;2;100;120;100m██[38;2;100;120;100m██[38;2;206;99;74m██[38;2;0;0;0m██[38;2;0;0;0m██[38;2;128;173;130m██[38;2;128;173;130m██[38;2;128;173;130m██[38;2;65;65;65m██[38;2;65;65;65m██[38;2;100;120;100m██[38;2;128;173;130m██[38;2;0;0;0m██[38;2;206;99;74m██[38;2;100;120;100m██[38;2;65;65;65m██[38;2;0;0;0m██  
    [38;2;0;0;0m██[38;2;0;0;0m██[38;2;0;0;0m██    [38;2;0;0;0m██[38;2;0;0;0m██[38;2;206;99;74m██[38;2;100;120;100m██[38;2;100;120;100m██[38;2;65;65;65m██[38;2;0;0;0m██  [38;2;0;0;0m██[38;2;0;0;0m██[38;2;0;0;0m██    
                  [38;2;0;0;0m██[38;2;100;120;100m██[38;2;100;120;100m██[38;2;100;120;100m██[38;2;0;0;0m██            
                    [38;2;0;0;0m██[38;2;0;0;0m██[38;2;0;0;0m██              
