                                      [38;2;0;0;0m██[38;2;0;0;0m██      
                                [38;2;0;0;0m██[38;2;0;0;0m██[38;2;0;0;0m██[38;2;176;120;62m██[38;2;247;144;41m██[38;2;0;0;0m██    
    [38;2;0;0;0m██[38;2;0;0;0m██  [38;2;0;0;0m██                    [38;2;0;0;0m██[38;2;247;144;41m██[38;2;247;144;41m██[38;2;176;120;62m██[38;2;247;144;41m██[38;2;0;0;0m██    
  [38;2;0;0;0m██[38;2;134;102;27m██[38;2;203;159;28m██[38;2;0;0;0m██[38;2;255;213;44m██[38;2;0;0;0m██                    [38;2;0;0;0m██[38;2;247;144;41m██[38;2;247;144;41m██[38;2;247;144;41m██[38;2;247;144;41m██[38;2;0;0;0m██  
  [38;2;0;0;0m██[38;2;203;159;28m██[38;2;203;159;28m██[38;2;65;65;65m██[38;2;255;213;44m██[38;2;255;213;44m██[38;2;0;0;0m██[38;2;0;0;0m██                  [38;2;0;0;0m██[38;2;247;144;41m██[38;2;176;120;62m██[38;2;247;144;41m██[38;2;247;144;41m██[38;2;0;0;0m██
[38;2;0;0;0m██[38;2;203;159;28m██[38;2;176;120;62m██[38;2;203;159;28m██[38;2;65;65;65m██[38;2;203;159;28m██[38;2;255;213;44m██[38;2;255;213;44m██[38;2;203;159;28m██[38;2;0;0;0m██  [38;2;0;0;0m██[38;2;0;0;0m██[38;2;0;0;0m██        [38;2;0;0;0m██[38;2;247;144;41m██[38;2;65;65;65m██[38;2;0;0;0m██[38;2;0;0;0m██[38;2;0;0;0m██
[38;2;0;0;0m██[38;2;203;159;28m██[38;2;176;120;62m██[38;2;65;65;65m██[38;2;255;213;44m██[38;2;134;102;27m██[38;2;203;159;28m██[38;2;255;213;44m██[38;2;255;213;44m██[38;2;255;213;44m██[38;2;0;0;0m██[38;2;203;159;28m██[38;2;255;213;44m██[38;2;203;159;28m██[38;2;0;0;0m██      [38;2;0;0;0m██[38;2;65;65;65m██[38;2;0;0;0m██      
[38;2;0;0;0m██[38;2;203;159;28m██[38;2;65;65;65m██[38;2;255;213;44m██[38;2;255;213;44m██[38;2;255;213;44m██[38;2;255;213;44m██[38;2;255;213;44m██[38;2;255;213;44m██[38;2;255;213;44m██[38;2;134;102;27m██[38;2;255;213;44m██[38;2;176;120;62m██[38;2;255;213;44m██[38;2;203;159;28m██[38;2;0;0;0m██  [38;2;0;0;0m██[38;2;65;65;65m██[38;2;107;107;107m██[38;2;0;0;0m██      
  [38;2;0;0;0m██[38;2;203;159;28m██[38;2;255;213;44m██[38;2;255;213;44m██[38;2;255;213;44m██[38;2;255;213;44m██[38;2;255;213;44m██[38;2;255;213;44m██[38;2;134;102;27m██[38;2;255;213;44m██[38;2;255;213;44m██[38;2;247;144;41m██[38;2;255;213;44m██[38;2;255;213;44m██[38;2;0;0;0m██  [38;2;0;0;0m██[38;2;107;107;107m██[38;2;0;0;0m██        
  [38;2;0;0;0m██[38;2;255;213;44m██[38;2;255;213;44m██[38;2;255;213;44m██[38;2;255;213;44m██[38;2;255;213;44m██[38;2;255;213;44m██[38;2;255;213;44m██[38;2;134;102;27m██[38;2;255;213;44m██[38;2;176;120;62m██[38;2;247;144;41m██[38;2;255;213;44m██[38;2;255;213;44m██[38;2;0;0;0m██[38;2;0;0;0m██[38;2;107;107;107m██[38;2;107;107;107m██[38;2;0;0;0m██        
  [38;2;0;0;0m██[38;2;255;213;44m██[38;2;255;213;44m██[38;2;255;213;44m██[38;2;255;213;44m██[38;2;176;120;62m██[38;2;255;255;255m██[38;2;255;213;44m██[38;2;255;213;44m██[38;2;247;144;41m██[38;2;247;144;41m██[38;2;247;144;41m██[38;2;247;144;41m██[38;2;255;213;44m██[38;2;0;0;0m██[38;2;65;65;65m██[38;2;107;107;107m██[38;2;0;0;0m██          
  [38;2;0;0;0m██[38;2;239;99;58m██[38;2;239;99;58m██[38;2;255;213;44m██[38;2;255;213;44m██[38;2;247;144;41m██[38;2;255;255;255m██[38;2;255;213;44m██[38;2;255;213;44m██[38;2;255;213;44m██[38;2;247;144;41m██[38;2;176;120;62m██[38;2;255;213;44m██[38;2;0;0;0m██[38;2;65;65;65m██[38;2;65;65;65m██[38;2;0;0;0m██            
    [38;2;0;0;0m██[38;2;203;159;28m██[38;2;255;213;44m██[38;2;255;213;44m██[38;2;176;120;62m██[38;2;255;255;255m██[38;2;255;213;44m██[38;2;134;102;27m██[38;2;255;213;44m██[38;2;176;120;62m██[38;2;255;213;44m██[38;2;65;65;65m██[38;2;107;107;107m██[38;2;65;65;65m██[38;2;0;0;0m██              
      [38;2;0;0;0m██[38;2;0;0;0m██[38;2;203;159;28m██[38;2;255;213;44m██[38;2;255;213;44m██[38;2;255;213;44m██[38;2;203;159;28m██[38;2;65;65;65m██[38;2;65;65;65m██[38;2;65;65;65m██[38;2;107;107;107m██[38;2;107;107;107m██[38;2;107;107;107m██[38;2;0;0;0m██              
          [38;2;0;0;0m██[38;2;65;65;65m██[38;2;65;65;65m██[38;2;65;65;65m██[38;2;65;65;65m██[38;2;255;213;44m██[38;2;255;213;44m██[38;2;203;159;28m██[38;2;107;107;107m██[38;2;107;107;107m██[38;2;107;107;107m██[38;2;0;0;0m██              
        [38;2;0;0;0m██[38;2;203;159;28m██[38;2;107;107;107m██[38;2;107;107;107m██[38;2;107;107;107m██[38;2;255;213;44m██[38;2;255;213;44m██[38;2;255;213;44m██[38;2;134;102;27m██[38;2;65;65;65m██[38;2;107;107;107m██[38;2;65;65;65m██[38;2;65;65;65m██[38;2;0;0;0m██            
        [38;2;0;0;0m██[38;2;203;159;28m██[38;2;65;65;65m██[38;2;203;159;28m██[38;2;255;213;44m██[38;2;255;213;44m██[38;2;255;213;44m██[38;2;203;159;28m██[38;2;0;0;0m██[38;2;0;0;0m██[38;2;0;0;0m██[38;2;65;65;65m██[38;2;65;65;65m██[38;2;0;0;0m██            
        [38;2;0;0;0m██[38;2;65;65;65m██[38;2;203;159;28m██[38;2;0;0;0m██[38;2;134;102;27m██[38;2;255;213;44m██[38;2;255;213;44m██[38;2;134;102;27m██[38;2;0;0;0m██  [38;2;0;0;0m██[38;2;65;65;65m██[38;2;65;65;65m██[38;2;0;0;0m██            
          [38;2;0;0;0m██[38;2;0;0;0m██  [38;2;0;0;0m██[38;2;247;144;41m██[38;2;247;144;41m██[38;2;0;0;0m██      [38;2;0;0;0m██[38;2;0;0;0m██              
                [38;2;0;0;0m██[38;2;203;159;28m██[38;2;255;213;44m██[38;2;0;0;0m██                        
                  [38;2;0;0;0m██[38;2;0;0;0m██                          
