        [38;2;7;7;7m██[38;2;7;7;7m██                  
      [38;2;7;7;7m██[38;2;156;140;231m██[38;2;214;198;247m██[38;2;7;7;7m██    [38;2;7;7;7m██[38;2;7;7;7m██        
      [38;2;7;7;7m██[38;2;214;198;247m██[38;2;214;198;247m██[38;2;7;7;7m██  [38;2;7;7;7m██[38;2;156;140;231m██[38;2;214;198;247m██[38;2;7;7;7m██      
      [38;2;7;7;7m██[38;2;214;198;247m██[38;2;7;7;7m██    [38;2;7;7;7m██[38;2;214;198;247m██[38;2;214;198;247m██[38;2;7;7;7m██      
      [38;2;7;7;7m██[38;2;156;140;231m██[38;2;7;7;7m██  [38;2;7;7;7m██[38;2;214;198;247m██[38;2;7;7;7m██[38;2;7;7;7m██        
    [38;2;7;7;7m██[38;2;66;66;66m██[38;2;7;7;7m██    [38;2;7;7;7m██[38;2;156;140;231m██[38;2;7;7;7m██          
    [38;2;7;7;7m██[38;2;214;198;247m██[38;2;140;132;140m██[38;2;7;7;7m██[38;2;7;7;7m██[38;2;156;140;231m██[38;2;7;7;7m██            
  [38;2;7;7;7m██[38;2;214;198;247m██[38;2;156;140;231m██[38;2;214;198;247m██[38;2;66;66;66m██[38;2;214;198;247m██[38;2;66;66;66m██[38;2;7;7;7m██            
[38;2;7;7;7m██[38;2;66;66;66m██[38;2;214;198;247m██[38;2;214;198;247m██[38;2;214;198;247m██[38;2;214;198;247m██[38;2;156;140;231m██[38;2;214;198;247m██[38;2;7;7;7m██            
[38;2;7;7;7m██[38;2;131;97;63m██[38;2;214;198;247m██[38;2;214;198;247m██[38;2;66;66;66m██[38;2;214;198;247m██[38;2;214;198;247m██[38;2;214;198;247m██[38;2;214;198;247m██[38;2;7;7;7m██          
[38;2;7;7;7m██[38;2;214;198;247m██[38;2;214;198;247m██[38;2;214;198;247m██[38;2;131;97;63m██[38;2;214;198;247m██[38;2;156;140;231m██[38;2;214;198;247m██[38;2;214;198;247m██[38;2;7;7;7m██          
[38;2;7;7;7m██[38;2;156;140;231m██[38;2;214;198;247m██[38;2;214;198;247m██[38;2;214;198;247m██[38;2;156;140;231m██[38;2;156;140;231m██[38;2;161;123;85m██[38;2;214;198;247m██[38;2;7;7;7m██          
  [38;2;7;7;7m██[38;2;156;140;231m██[38;2;148;82;181m██[38;2;148;82;181m██[38;2;214;198;247m██[38;2;214;198;247m██[38;2;161;123;85m██[38;2;7;7;7m██[38;2;66;66;66m██[38;2;7;7;7m██        
    [38;2;7;7;7m██[38;2;215;144;118m██[38;2;215;144;118m██[38;2;214;198;247m██[38;2;214;198;247m██[38;2;214;198;247m██[38;2;7;7;7m██[38;2;195;161;114m██[38;2;195;161;114m██[38;2;7;7;7m██[38;2;7;7;7m██    
  [38;2;7;7;7m██[38;2;131;97;63m██[38;2;66;66;66m██[38;2;214;198;247m██[38;2;214;198;247m██[38;2;161;123;85m██[38;2;66;66;66m██[38;2;195;161;114m██[38;2;131;97;63m██[38;2;131;97;63m██[38;2;195;161;114m██[38;2;161;123;85m██[38;2;7;7;7m██  
[38;2;7;7;7m██[38;2;131;97;63m██[38;2;66;66;66m██[38;2;214;198;247m██[38;2;214;198;247m██[38;2;214;198;247m██[38;2;214;198;247m██[38;2;66;66;66m██[38;2;195;161;114m██[38;2;195;161;114m██[38;2;131;97;63m██[38;2;195;161;114m██[38;2;195;161;114m██[38;2;161;123;85m██[38;2;7;7;7m██
[38;2;7;7;7m██[38;2;66;66;66m██[38;2;189;132;222m██[38;2;148;82;181m██[38;2;189;132;222m██[38;2;148;82;181m██[38;2;214;198;247m██[38;2;66;66;66m██[38;2;131;97;63m██[38;2;131;97;63m██[38;2;195;161;114m██[38;2;195;161;114m██[38;2;195;161;114m██[38;2;161;123;85m██[38;2;7;7;7m██
[38;2;7;7;7m██[38;2;66;66;66m██[38;2;66;66;66m██[38;2;189;132;222m██[38;2;148;82;181m██[38;2;189;132;222m██[38;2;115;66;140m██[38;2;195;161;114m██[38;2;195;161;114m██[38;2;195;161;114m██[38;2;195;161;114m██[38;2;195;161;114m██[38;2;161;123;85m██[38;2;161;123;85m██[38;2;7;7;7m██
[38;2;7;7;7m██[38;2;131;97;63m██[38;2;66;66;66m██[38;2;66;66;66m██[38;2;148;82;181m██[38;2;115;66;140m██[38;2;66;66;66m██[38;2;195;161;114m██[38;2;195;161;114m██[38;2;161;123;85m██[38;2;161;123;85m██[38;2;161;123;85m██[38;2;161;123;85m██[38;2;131;97;63m██[38;2;7;7;7m██
  [38;2;7;7;7m██[38;2;131;97;63m██[38;2;131;97;63m██[38;2;66;66;66m██[38;2;66;66;66m██[38;2;161;123;85m██[38;2;161;123;85m██[38;2;161;123;85m██[38;2;161;123;85m██[38;2;161;123;85m██[38;2;161;123;85m██[38;2;131;97;63m██[38;2;7;7;7m██  
    [38;2;7;7;7m██[38;2;7;7;7m██[38;2;131;97;63m██[38;2;131;97;63m██[38;2;131;97;63m██[38;2;131;97;63m██[38;2;131;97;63m██[38;2;131;97;63m██[38;2;7;7;7m██[38;2;7;7;7m██[38;2;7;7;7m██    
        [38;2;7;7;7m██[38;2;7;7;7m██[38;2;7;7;7m██[38;2;7;7;7m██[38;2;7;7;7m██[38;2;7;7;7m██          
