            [38;2;0;0;0m██                    
        [38;2;0;0;0m██[38;2;0;0;0m██[38;2;206;199;196m██[38;2;0;0;0m██                  
      [38;2;0;0;0m██[38;2;174;174;174m██[38;2;206;199;196m██[38;2;174;174;174m██[38;2;0;0;0m██        [38;2;0;0;0m██[38;2;0;0;0m██[38;2;0;0;0m██    
    [38;2;0;0;0m██[38;2;174;174;174m██[38;2;174;174;174m██[38;2;174;174;174m██[38;2;145;140;135m██[38;2;0;0;0m██    [38;2;0;0;0m██[38;2;0;0;0m██[38;2;206;199;196m██[38;2;206;199;196m██[38;2;174;174;174m██[38;2;0;0;0m██  
    [38;2;0;0;0m██[38;2;145;140;135m██[38;2;174;174;174m██[38;2;174;174;174m██[38;2;0;0;0m██    [38;2;0;0;0m██[38;2;174;174;174m██[38;2;206;199;196m██[38;2;174;174;174m██[38;2;174;174;174m██[38;2;0;0;0m██    
      [38;2;0;0;0m██[38;2;145;140;135m██[38;2;125;119;114m██[38;2;125;119;114m██[38;2;0;0;0m██[38;2;0;0;0m██[38;2;65;65;65m██[38;2;174;174;174m██[38;2;174;174;174m██[38;2;174;174;174m██[38;2;145;140;135m██[38;2;0;0;0m██    
    [38;2;0;0;0m██[38;2;255;255;66m██[38;2;174;174;174m██[38;2;174;174;174m██[38;2;65;65;65m██[38;2;145;140;135m██[38;2;174;174;174m██[38;2;174;174;174m██[38;2;174;174;174m██[38;2;145;140;135m██[38;2;145;140;135m██[38;2;145;140;135m██[38;2;0;0;0m██    
  [38;2;0;0;0m██[38;2;255;255;66m██[38;2;65;65;65m██[38;2;174;174;174m██[38;2;145;140;135m██[38;2;174;174;174m██[38;2;174;174;174m██[38;2;174;174;174m██[38;2;174;174;174m██[38;2;145;140;135m██[38;2;145;140;135m██[38;2;145;140;135m██[38;2;0;0;0m██      
  [38;2;0;0;0m██[38;2;255;255;66m██[38;2;174;174;174m██[38;2;174;174;174m██[38;2;174;174;174m██[38;2;255;255;66m██[38;2;255;255;173m██[38;2;255;255;66m██[38;2;174;174;174m██[38;2;145;140;135m██[38;2;65;65;65m██[38;2;0;0;0m██        
[38;2;0;0;0m██[38;2;145;140;135m██[38;2;174;174;174m██[38;2;174;174;174m██[38;2;174;174;174m██[38;2;255;255;66m██[38;2;65;65;65m██[38;2;255;255;173m██[38;2;255;255;66m██[38;2;145;140;135m██[38;2;145;140;135m██[38;2;145;140;135m██[38;2;0;0;0m██        
[38;2;0;0;0m██[38;2;174;174;174m██[38;2;206;199;196m██[38;2;174;174;174m██[38;2;174;174;174m██[38;2;255;255;66m██[38;2;255;255;66m██[38;2;255;255;66m██[38;2;174;174;174m██[38;2;145;140;135m██[38;2;145;140;135m██[38;2;145;140;135m██[38;2;0;0;0m██        
[38;2;0;0;0m██[38;2;145;140;135m██[38;2;174;174;174m██[38;2;174;174;174m██[38;2;174;174;174m██[38;2;174;174;174m██[38;2;145;140;135m██[38;2;145;140;135m██[38;2;145;140;135m██[38;2;145;140;135m██[38;2;65;65;65m██[38;2;0;0;0m██          
  [38;2;0;0;0m██[38;2;65;65;65m██[38;2;145;140;135m██[38;2;145;140;135m██[38;2;145;140;135m██[38;2;145;140;135m██[38;2;125;119;114m██[38;2;65;65;65m██[38;2;145;140;135m██[38;2;0;0;0m██            
  [38;2;0;0;0m██[38;2;174;174;174m██[38;2;65;65;65m██[38;2;65;65;65m██[38;2;145;140;135m██[38;2;65;65;65m██[38;2;65;65;65m██[38;2;145;140;135m██[38;2;145;140;135m██[38;2;174;174;174m██[38;2;0;0;0m██[38;2;0;0;0m██        
    [38;2;0;0;0m██[38;2;0;0;0m██[38;2;65;65;65m██[38;2;206;199;196m██[38;2;174;174;174m██[38;2;65;65;65m██[38;2;145;140;135m██[38;2;145;140;135m██[38;2;145;140;135m██[38;2;174;174;174m██[38;2;145;140;135m██[38;2;0;0;0m██[38;2;0;0;0m██    
        [38;2;0;0;0m██[38;2;174;174;174m██[38;2;174;174;174m██[38;2;65;65;65m██[38;2;145;140;135m██[38;2;125;119;114m██[38;2;125;119;114m██[38;2;145;140;135m██[38;2;145;140;135m██[38;2;145;140;135m██[38;2;145;140;135m██[38;2;0;0;0m██  
      [38;2;0;0;0m██[38;2;145;140;135m██[38;2;65;65;65m██[38;2;65;65;65m██[38;2;145;140;135m██[38;2;125;119;114m██[38;2;174;174;174m██[38;2;174;174;174m██[38;2;125;119;114m██[38;2;145;140;135m██[38;2;145;140;135m██[38;2;145;140;135m██[38;2;174;174;174m██[38;2;0;0;0m██
    [38;2;0;0;0m██[38;2;125;119;114m██[38;2;145;140;135m██[38;2;145;140;135m██[38;2;125;119;114m██[38;2;125;119;114m██[38;2;145;140;135m██[38;2;125;119;114m██[38;2;125;119;114m██[38;2;145;140;135m██[38;2;145;140;135m██[38;2;174;174;174m██[38;2;174;174;174m██[38;2;125;119;114m██[38;2;0;0;0m██
    [38;2;0;0;0m██[38;2;174;174;174m██[38;2;125;119;114m██[38;2;125;119;114m██[38;2;174;174;174m██[38;2;174;174;174m██[38;2;145;140;135m██[38;2;145;140;135m██[38;2;145;140;135m██[38;2;145;140;135m██[38;2;174;174;174m██[38;2;0;0;0m██[38;2;0;0;0m██[38;2;0;0;0m██  
      [38;2;0;0;0m██[38;2;0;0;0m██[38;2;0;0;0m██[38;2;0;0;0m██[38;2;0;0;0m██[38;2;174;174;174m██[38;2;174;174;174m██[38;2;174;174;174m██[38;2;174;174;174m██[38;2;0;0;0m██        
                [38;2;0;0;0m██[38;2;0;0;0m██[38;2;0;0;0m██[38;2;0;0;0m██          
