                                  [38;2;7;7;7m██[38;2;7;7;7m██[38;2;7;7;7m██            
                              [38;2;7;7;7m██[38;2;7;7;7m██[38;2;96;99;96m██[38;2;96;99;96m██[38;2;96;99;96m██[38;2;7;7;7m██[38;2;7;7;7m██        
                            [38;2;7;7;7m██[38;2;96;99;96m██[38;2;96;99;96m██[38;2;96;99;96m██[38;2;96;99;96m██[38;2;96;99;96m██[38;2;96;99;96m██[38;2;96;99;96m██[38;2;7;7;7m██      
                          [38;2;7;7;7m██[38;2;96;99;96m██[38;2;96;99;96m██[38;2;96;99;96m██[38;2;96;99;96m██[38;2;96;99;96m██[38;2;96;99;96m██[38;2;96;99;96m██[38;2;96;99;96m██[38;2;79;81;79m██[38;2;7;7;7m██    
        [38;2;7;7;7m██              [38;2;7;7;7m██[38;2;96;99;96m██[38;2;96;99;96m██[38;2;96;99;96m██[38;2;96;99;96m██[38;2;96;99;96m██[38;2;96;99;96m██[38;2;96;99;96m██[38;2;96;99;96m██[38;2;79;81;79m██[38;2;79;81;79m██[38;2;79;81;79m██[38;2;7;7;7m██  
      [38;2;7;7;7m██[38;2;181;174;123m██[38;2;7;7;7m██            [38;2;7;7;7m██[38;2;96;99;96m██[38;2;96;99;96m██[38;2;96;99;96m██[38;2;96;99;96m██[38;2;96;99;96m██[38;2;7;7;7m██[38;2;7;7;7m██[38;2;79;81;79m██[38;2;79;81;79m██[38;2;79;81;79m██[38;2;79;81;79m██[38;2;7;7;7m██  
      [38;2;7;7;7m██[38;2;181;174;123m██[38;2;181;174;123m██[38;2;7;7;7m██        [38;2;7;7;7m██[38;2;96;99;96m██[38;2;96;99;96m██[38;2;96;99;96m██[38;2;96;99;96m██[38;2;7;7;7m██[38;2;7;7;7m██    [38;2;7;7;7m██[38;2;79;81;79m██[38;2;79;81;79m██[38;2;79;81;79m██[38;2;79;81;79m██[38;2;7;7;7m██
      [38;2;7;7;7m██[38;2;139;131;80m██[38;2;139;131;80m██[38;2;181;174;123m██[38;2;7;7;7m██[38;2;7;7;7m██[38;2;7;7;7m██[38;2;7;7;7m██[38;2;66;66;66m██[38;2;96;99;96m██[38;2;96;99;96m██[38;2;96;99;96m██[38;2;7;7;7m██          [38;2;7;7;7m██[38;2;66;66;66m██[38;2;79;81;79m██[38;2;79;81;79m██[38;2;7;7;7m██
    [38;2;7;7;7m██[38;2;139;131;80m██[38;2;181;174;123m██[38;2;181;174;123m██[38;2;216;209;155m██[38;2;216;209;155m██[38;2;216;209;155m██[38;2;181;174;123m██[38;2;181;174;123m██[38;2;66;66;66m██[38;2;66;66;66m██[38;2;96;99;96m██[38;2;7;7;7m██            [38;2;7;7;7m██[38;2;228;178;38m██[38;2;66;66;66m██[38;2;79;81;79m██[38;2;7;7;7m██
    [38;2;7;7;7m██[38;2;181;174;123m██[38;2;92;89;104m██[38;2;216;209;155m██[38;2;216;209;155m██[38;2;216;209;155m██[38;2;216;209;155m██[38;2;216;209;155m██[38;2;66;66;66m██[38;2;181;174;123m██[38;2;66;66;66m██[38;2;7;7;7m██              [38;2;7;7;7m██[38;2;228;178;38m██[38;2;228;178;38m██[38;2;66;66;66m██[38;2;7;7;7m██
  [38;2;7;7;7m██[38;2;181;174;123m██[38;2;92;89;104m██[38;2;92;89;104m██[38;2;92;89;104m██[38;2;216;209;155m██[38;2;216;209;155m██[38;2;216;209;155m██[38;2;216;209;155m██[38;2;216;209;155m██[38;2;216;209;155m██[38;2;181;174;123m██[38;2;66;66;66m██[38;2;7;7;7m██          [38;2;7;7;7m██[38;2;228;178;38m██[38;2;228;178;38m██[38;2;228;178;38m██[38;2;7;7;7m██  
  [38;2;7;7;7m██[38;2;181;174;123m██[38;2;92;89;104m██[38;2;65;91;209m██[38;2;92;89;104m██[38;2;181;174;123m██[38;2;216;209;155m██[38;2;216;209;155m██[38;2;216;209;155m██[38;2;216;209;155m██[38;2;216;209;155m██[38;2;66;66;66m██[38;2;181;174;123m██[38;2;7;7;7m██          [38;2;7;7;7m██[38;2;228;178;38m██[38;2;228;178;38m██[38;2;228;178;38m██[38;2;7;7;7m██  
[38;2;7;7;7m██[38;2;181;174;123m██[38;2;92;89;104m██[38;2;65;91;209m██[38;2;148;168;253m██[38;2;65;91;209m██[38;2;92;89;104m██[38;2;216;209;155m██[38;2;216;209;155m██[38;2;216;209;155m██[38;2;216;209;155m██[38;2;181;174;123m██[38;2;181;174;123m██[38;2;181;174;123m██[38;2;181;174;123m██[38;2;7;7;7m██        [38;2;7;7;7m██[38;2;228;178;38m██[38;2;228;178;38m██[38;2;228;178;38m██[38;2;7;7;7m██  
[38;2;7;7;7m██[38;2;92;89;104m██[38;2;92;89;104m██[38;2;148;168;253m██[38;2;148;168;253m██[38;2;65;91;209m██[38;2;92;89;104m██[38;2;92;89;104m██[38;2;181;174;123m██[38;2;181;174;123m██[38;2;181;174;123m██[38;2;181;174;123m██[38;2;181;174;123m██[38;2;181;174;123m██[38;2;181;174;123m██[38;2;7;7;7m██      [38;2;7;7;7m██[38;2;228;178;38m██[38;2;228;178;38m██[38;2;228;178;38m██[38;2;7;7;7m██    
[38;2;7;7;7m██[38;2;66;66;66m██[38;2;83;80;94m██[38;2;148;168;253m██[38;2;65;91;209m██[38;2;92;89;104m██[38;2;92;89;104m██[38;2;92;89;104m██[38;2;66;66;66m██[38;2;66;66;66m██[38;2;66;66;66m██[38;2;66;66;66m██[38;2;181;174;123m██[38;2;181;174;123m██[38;2;181;174;123m██[38;2;7;7;7m██      [38;2;7;7;7m██[38;2;228;178;38m██[38;2;228;178;38m██[38;2;228;178;38m██[38;2;7;7;7m██    
[38;2;7;7;7m██[38;2;248;248;248m██[38;2;66;66;66m██[38;2;92;89;104m██[38;2;92;89;104m██[38;2;92;89;104m██[38;2;66;66;66m██[38;2;7;7;7m██[38;2;89;168;36m██[38;2;248;248;248m██[38;2;66;66;66m██[38;2;181;174;123m██[38;2;181;174;123m██[38;2;181;174;123m██[38;2;7;7;7m██      [38;2;7;7;7m██[38;2;255;240;106m██[38;2;228;178;38m██[38;2;228;178;38m██[38;2;228;178;38m██[38;2;7;7;7m██    
  [38;2;7;7;7m██[38;2;92;89;104m██[38;2;92;89;104m██[38;2;92;89;104m██[38;2;66;66;66m██[38;2;89;168;36m██[38;2;7;7;7m██[38;2;248;248;248m██[38;2;66;66;66m██[38;2;181;174;123m██[38;2;181;174;123m██[38;2;181;174;123m██[38;2;181;174;123m██[38;2;7;7;7m██      [38;2;7;7;7m██[38;2;255;240;106m██[38;2;255;240;106m██[38;2;228;178;38m██[38;2;7;7;7m██      
  [38;2;7;7;7m██[38;2;92;89;104m██[38;2;66;66;66m██[38;2;92;89;104m██[38;2;92;89;104m██[38;2;92;89;104m██[38;2;92;89;104m██[38;2;92;89;104m██[38;2;83;80;94m██[38;2;181;174;123m██[38;2;181;174;123m██[38;2;181;174;123m██[38;2;7;7;7m██        [38;2;7;7;7m██[38;2;255;240;106m██[38;2;255;240;106m██[38;2;255;240;106m██[38;2;7;7;7m██      
    [38;2;7;7;7m██[38;2;83;80;94m██[38;2;92;89;104m██[38;2;92;89;104m██[38;2;92;89;104m██[38;2;83;80;94m██[38;2;83;80;94m██[38;2;181;174;123m██[38;2;181;174;123m██[38;2;181;174;123m██[38;2;7;7;7m██          [38;2;7;7;7m██[38;2;255;240;106m██[38;2;255;240;106m██[38;2;7;7;7m██        
      [38;2;7;7;7m██[38;2;66;66;66m██[38;2;83;80;94m██[38;2;83;80;94m██[38;2;83;80;94m██[38;2;181;174;123m██[38;2;66;66;66m██[38;2;66;66;66m██[38;2;7;7;7m██            [38;2;7;7;7m██[38;2;255;240;106m██[38;2;255;240;106m██[38;2;7;7;7m██        
    [38;2;7;7;7m██[38;2;139;131;80m██[38;2;7;7;7m██[38;2;66;66;66m██[38;2;66;66;66m██[38;2;66;66;66m██[38;2;66;66;66m██[38;2;181;174;123m██[38;2;181;174;123m██[38;2;181;174;123m██[38;2;7;7;7m██            [38;2;7;7;7m██[38;2;255;240;106m██[38;2;7;7;7m██        
      [38;2;7;7;7m██[38;2;139;131;80m██[38;2;66;66;66m██[38;2;148;168;253m██[38;2;65;91;209m██[38;2;181;174;123m██[38;2;181;174;123m██[38;2;79;81;79m██[38;2;66;66;66m██[38;2;181;174;123m██[38;2;7;7;7m██          [38;2;7;7;7m██[38;2;255;240;106m██[38;2;255;240;106m██[38;2;7;7;7m██      
      [38;2;7;7;7m██[38;2;66;66;66m██[38;2;65;91;209m██[38;2;148;168;253m██[38;2;65;91;209m██[38;2;139;131;80m██[38;2;139;131;80m██[38;2;7;7;7m██[38;2;181;174;123m██[38;2;181;174;123m██[38;2;7;7;7m██            [38;2;7;7;7m██[38;2;255;240;106m██[38;2;7;7;7m██      
    [38;2;7;7;7m██[38;2;139;131;80m██[38;2;66;66;66m██[38;2;139;131;80m██[38;2;65;91;209m██[38;2;139;131;80m██[38;2;139;131;80m██[38;2;7;7;7m██  [38;2;7;7;7m██[38;2;181;174;123m██[38;2;181;174;123m██[38;2;7;7;7m██            [38;2;7;7;7m██[38;2;7;7;7m██      
    [38;2;7;7;7m██[38;2;139;131;80m██[38;2;139;131;80m██[38;2;66;66;66m██[38;2;181;174;123m██[38;2;181;174;123m██[38;2;139;131;80m██[38;2;7;7;7m██  [38;2;7;7;7m██[38;2;181;174;123m██[38;2;96;99;96m██[38;2;7;7;7m██                      
  [38;2;7;7;7m██[38;2;79;81;79m██[38;2;139;131;80m██[38;2;79;81;79m██[38;2;66;66;66m██[38;2;181;174;123m██[38;2;181;174;123m██[38;2;181;174;123m██[38;2;181;174;123m██[38;2;7;7;7m██[38;2;66;66;66m██[38;2;181;174;123m██[38;2;181;174;123m██[38;2;181;174;123m██[38;2;7;7;7m██                    
  [38;2;7;7;7m██[38;2;96;99;96m██[38;2;79;81;79m██[38;2;66;66;66m██[38;2;139;131;80m██[38;2;181;174;123m██[38;2;181;174;123m██[38;2;181;174;123m██[38;2;181;174;123m██[38;2;66;66;66m██[38;2;66;66;66m██[38;2;96;99;96m██[38;2;181;174;123m██[38;2;96;99;96m██[38;2;7;7;7m██                    
[38;2;7;7;7m██[38;2;96;99;96m██[38;2;228;178;38m██[38;2;79;81;79m██[38;2;66;66;66m██[38;2;139;131;80m██[38;2;139;131;80m██[38;2;181;174;123m██[38;2;181;174;123m██[38;2;181;174;123m██[38;2;181;174;123m██[38;2;66;66;66m██[38;2;96;99;96m██[38;2;96;99;96m██[38;2;96;99;96m██[38;2;96;99;96m██[38;2;7;7;7m██                  
[38;2;7;7;7m██[38;2;96;99;96m██[38;2;228;178;38m██[38;2;66;66;66m██[38;2;139;131;80m██[38;2;139;131;80m██[38;2;139;131;80m██[38;2;139;131;80m██[38;2;181;174;123m██[38;2;181;174;123m██[38;2;181;174;123m██[38;2;139;131;80m██[38;2;66;66;66m██[38;2;96;99;96m██[38;2;255;240;106m██[38;2;96;99;96m██[38;2;7;7;7m██                  
[38;2;7;7;7m██[38;2;96;99;96m██[38;2;228;178;38m██[38;2;66;66;66m██[38;2;139;131;80m██[38;2;139;131;80m██[38;2;66;66;66m██[38;2;139;131;80m██[38;2;139;131;80m██[38;2;139;131;80m██[38;2;181;174;123m██[38;2;139;131;80m██[38;2;66;66;66m██[38;2;96;99;96m██[38;2;255;240;106m██[38;2;96;99;96m██[38;2;7;7;7m██                  
  [38;2;7;7;7m██[38;2;96;99;96m██[38;2;7;7;7m██[38;2;66;66;66m██[38;2;139;131;80m██[38;2;139;131;80m██[38;2;7;7;7m██[38;2;7;7;7m██[38;2;139;131;80m██[38;2;139;131;80m██[38;2;139;131;80m██[38;2;66;66;66m██[38;2;96;99;96m██[38;2;255;240;106m██[38;2;96;99;96m██[38;2;7;7;7m██                  
  [38;2;7;7;7m██[38;2;7;7;7m██  [38;2;7;7;7m██[38;2;139;131;80m██[38;2;7;7;7m██    [38;2;7;7;7m██[38;2;139;131;80m██[38;2;139;131;80m██[38;2;139;131;80m██[38;2;66;66;66m██[38;2;255;240;106m██[38;2;7;7;7m██                    
      [38;2;7;7;7m██[38;2;139;131;80m██[38;2;139;131;80m██[38;2;7;7;7m██      [38;2;7;7;7m██[38;2;139;131;80m██[38;2;139;131;80m██[38;2;66;66;66m██[38;2;7;7;7m██                      
    [38;2;7;7;7m██[38;2;66;66;66m██[38;2;66;66;66m██[38;2;66;66;66m██[38;2;83;80;94m██[38;2;7;7;7m██    [38;2;7;7;7m██[38;2;66;66;66m██[38;2;139;131;80m██[38;2;7;7;7m██                        
  [38;2;7;7;7m██[38;2;92;89;104m██[38;2;92;89;104m██[38;2;83;80;94m██[38;2;83;80;94m██[38;2;83;80;94m██[38;2;7;7;7m██    [38;2;7;7;7m██[38;2;92;89;104m██[38;2;66;66;66m██[38;2;92;89;104m██[38;2;7;7;7m██                      
  [38;2;7;7;7m██[38;2;248;248;248m██[38;2;92;89;104m██[38;2;248;248;248m██[38;2;83;80;94m██[38;2;7;7;7m██    [38;2;7;7;7m██[38;2;92;89;104m██[38;2;92;89;104m██[38;2;92;89;104m██[38;2;92;89;104m██[38;2;92;89;104m██[38;2;7;7;7m██                    
    [38;2;7;7;7m██[38;2;7;7;7m██[38;2;7;7;7m██[38;2;7;7;7m██      [38;2;7;7;7m██[38;2;248;248;248m██[38;2;92;89;104m██[38;2;248;248;248m██[38;2;92;89;104m██[38;2;248;248;248m██[38;2;7;7;7m██                    
                    [38;2;7;7;7m██[38;2;7;7;7m██[38;2;7;7;7m██[38;2;7;7;7m██[38;2;7;7;7m██                      
