                                      [38;2;0;0;0m██[38;2;0;0;0m██                                  
                                    [38;2;0;0;0m██[38;2;46;51;126m██[38;2;46;51;126m██[38;2;0;0;0m██            [38;2;0;0;0m██[38;2;0;0;0m██                
                                  [38;2;0;0;0m██[38;2;46;51;126m██[38;2;46;51;126m██[38;2;46;51;126m██[38;2;46;51;126m██[38;2;0;0;0m██[38;2;0;0;0m██[38;2;0;0;0m██[38;2;0;0;0m██  [38;2;0;0;0m██[38;2;46;51;126m██[38;2;58;86;155m██[38;2;0;0;0m██              
                                  [38;2;0;0;0m██[38;2;46;51;126m██[38;2;46;51;126m██[38;2;58;86;155m██[38;2;58;86;155m██[38;2;58;86;155m██[38;2;58;86;155m██[38;2;58;86;155m██[38;2;58;86;155m██[38;2;0;0;0m██[38;2;58;86;155m██[38;2;58;86;155m██[38;2;58;86;155m██[38;2;0;0;0m██              
                                [38;2;0;0;0m██[38;2;46;51;126m██[38;2;58;86;155m██[38;2;58;86;155m██[38;2;58;86;155m██[38;2;58;86;155m██[38;2;58;86;155m██[38;2;58;86;155m██[38;2;58;86;155m██[38;2;46;51;126m██[38;2;46;51;126m██[38;2;58;86;155m██[38;2;58;86;155m██[38;2;58;86;155m██[38;2;58;86;155m██[38;2;0;0;0m██            
                                [38;2;0;0;0m██[38;2;46;51;126m██[38;2;58;86;155m██[38;2;58;86;155m██[38;2;58;86;155m██[38;2;58;86;155m██[38;2;58;86;155m██[38;2;58;86;155m██[38;2;58;86;155m██[38;2;58;86;155m██[38;2;58;86;155m██[38;2;58;86;155m██[38;2;58;86;155m██[38;2;58;86;155m██[38;2;58;86;155m██[38;2;0;0;0m██            
                              [38;2;0;0;0m██[38;2;46;51;126m██[38;2;251;232;179m██[38;2;46;51;126m██[38;2;58;86;155m██[38;2;58;86;155m██[38;2;58;86;155m██[38;2;58;86;155m██[38;2;46;51;126m██[38;2;46;51;126m██[38;2;46;51;126m██[38;2;58;86;155m██[38;2;58;86;155m██[38;2;58;86;155m██[38;2;58;86;155m██[38;2;58;86;155m██[38;2;58;86;155m██[38;2;0;0;0m██          
                              [38;2;0;0;0m██[38;2;251;232;179m██[38;2;251;232;179m██[38;2;46;51;126m██[38;2;58;86;155m██[38;2;58;86;155m██[38;2;46;51;126m██[38;2;46;51;126m██[38;2;251;232;179m██[38;2;251;232;179m██[38;2;251;232;179m██[38;2;46;51;126m██[38;2;46;51;126m██[38;2;58;86;155m██[38;2;58;86;155m██[38;2;58;86;155m██[38;2;58;86;155m██[38;2;0;0;0m██          
                            [38;2;0;0;0m██[38;2;251;232;179m██[38;2;251;232;179m██[38;2;251;232;179m██[38;2;251;232;179m██[38;2;46;51;126m██[38;2;46;51;126m██[38;2;251;232;179m██[38;2;251;232;179m██[38;2;251;232;179m██[38;2;251;232;179m██[38;2;251;232;179m██[38;2;251;232;179m██[38;2;251;232;179m██[38;2;46;51;126m██[38;2;58;86;155m██[38;2;58;86;155m██[38;2;58;86;155m██[38;2;58;86;155m██[38;2;0;0;0m██        
                            [38;2;0;0;0m██[38;2;65;65;65m██[38;2;251;232;179m██[38;2;251;232;179m██[38;2;251;232;179m██[38;2;251;232;179m██[38;2;251;232;179m██[38;2;251;232;179m██[38;2;251;232;179m██[38;2;251;232;179m██[38;2;251;232;179m██[38;2;251;232;179m██[38;2;251;232;179m██[38;2;251;232;179m██[38;2;251;232;179m██[38;2;46;51;126m██[38;2;58;86;155m██[38;2;58;86;155m██[38;2;58;86;155m██[38;2;0;0;0m██        
                            [38;2;0;0;0m██[38;2;251;232;179m██[38;2;0;0;0m██[38;2;251;232;179m██[38;2;251;232;179m██[38;2;251;232;179m██[38;2;251;232;179m██[38;2;251;232;179m██[38;2;251;232;179m██[38;2;0;0;0m██[38;2;0;0;0m██[38;2;65;65;65m██[38;2;251;232;179m██[38;2;251;232;179m██[38;2;251;232;179m██[38;2;251;232;179m██[38;2;46;51;126m██[38;2;58;86;155m██[38;2;46;51;126m██[38;2;0;0;0m██        
                            [38;2;0;0;0m██[38;2;251;232;179m██[38;2;251;232;179m██[38;2;251;232;179m██[38;2;251;232;179m██[38;2;251;232;179m██[38;2;251;232;179m██[38;2;65;65;65m██[38;2;0;0;0m██[38;2;251;232;179m██[38;2;251;232;179m██[38;2;251;232;179m██[38;2;251;232;179m██[38;2;251;232;179m██[38;2;251;232;179m██[38;2;251;232;179m██[38;2;46;51;126m██[38;2;46;51;126m██[38;2;46;51;126m██[38;2;0;0;0m██        
                              [38;2;0;0;0m██[38;2;251;232;179m██[38;2;251;232;179m██[38;2;251;232;179m██[38;2;251;232;179m██[38;2;251;232;179m██[38;2;251;232;179m██[38;2;215;188;139m██[38;2;251;232;179m██[38;2;251;232;179m██[38;2;251;232;179m██[38;2;251;232;179m██[38;2;251;232;179m██[38;2;251;232;179m██[38;2;215;188;139m██[38;2;46;51;126m██[38;2;46;51;126m██[38;2;46;51;126m██[38;2;0;0;0m██        
                              [38;2;0;0;0m██[38;2;65;65;65m██[38;2;251;232;179m██[38;2;251;232;179m██[38;2;251;232;179m██[38;2;251;232;179m██[38;2;215;188;139m██[38;2;255;255;255m██[38;2;65;65;65m██[38;2;251;232;179m██[38;2;251;232;179m██[38;2;251;232;179m██[38;2;251;232;179m██[38;2;215;188;139m██[38;2;215;188;139m██[38;2;46;51;126m██[38;2;46;51;126m██[38;2;0;0;0m██          
                          [38;2;0;0;0m██[38;2;0;0;0m██[38;2;46;51;126m██[38;2;251;232;179m██[38;2;251;232;179m██[38;2;177;150;105m██[38;2;65;65;65m██[38;2;65;65;65m██[38;2;65;65;65m██[38;2;65;65;65m██[38;2;251;232;179m██[38;2;251;232;179m██[38;2;251;232;179m██[38;2;215;188;139m██[38;2;215;188;139m██[38;2;215;188;139m██[38;2;46;51;126m██[38;2;46;51;126m██[38;2;46;51;126m██[38;2;0;0;0m██          
                      [38;2;0;0;0m██[38;2;0;0;0m██[38;2;65;65;65m██[38;2;46;51;126m██[38;2;251;232;179m██[38;2;251;232;179m██[38;2;251;232;179m██[38;2;251;232;179m██[38;2;251;232;179m██[38;2;251;232;179m██[38;2;251;232;179m██[38;2;251;232;179m██[38;2;251;232;179m██[38;2;215;188;139m██[38;2;215;188;139m██[38;2;215;188;139m██[38;2;215;188;139m██[38;2;46;51;126m██[38;2;46;51;126m██[38;2;58;86;155m██[38;2;0;0;0m██            
                    [38;2;0;0;0m██[38;2;58;86;155m██[38;2;58;86;155m██[38;2;58;86;155m██[38;2;65;65;65m██[38;2;255;241;202m██[38;2;255;241;202m██[38;2;255;241;202m██[38;2;251;232;179m██[38;2;251;232;179m██[38;2;251;232;179m██[38;2;251;232;179m██[38;2;251;232;179m██[38;2;251;232;179m██[38;2;251;232;179m██[38;2;251;232;179m██[38;2;251;232;179m██[38;2;251;232;179m██[38;2;46;51;126m██[38;2;58;86;155m██[38;2;58;86;155m██[38;2;58;86;155m██[38;2;0;0;0m██          
                  [38;2;0;0;0m██[38;2;58;86;155m██[38;2;58;86;155m██[38;2;58;86;155m██[38;2;58;86;155m██[38;2;58;86;155m██[38;2;65;65;65m██[38;2;255;241;202m██[38;2;255;241;202m██[38;2;255;241;202m██[38;2;251;232;179m██[38;2;251;232;179m██[38;2;251;232;179m██[38;2;251;232;179m██[38;2;251;232;179m██[38;2;251;232;179m██[38;2;251;232;179m██[38;2;251;232;179m██[38;2;65;65;65m██[38;2;58;86;155m██[38;2;58;86;155m██[38;2;58;86;155m██[38;2;58;86;155m██[38;2;58;86;155m██[38;2;0;0;0m██        
                  [38;2;0;0;0m██[38;2;58;86;155m██[38;2;58;86;155m██[38;2;58;86;155m██[38;2;58;86;155m██[38;2;46;51;126m██[38;2;65;65;65m██[38;2;255;241;202m██[38;2;255;241;202m██[38;2;255;241;202m██[38;2;255;241;202m██[38;2;255;241;202m██[38;2;251;232;179m██[38;2;251;232;179m██[38;2;251;232;179m██[38;2;251;232;179m██[38;2;65;65;65m██[38;2;65;65;65m██[38;2;58;86;155m██[38;2;58;86;155m██[38;2;58;86;155m██[38;2;58;86;155m██[38;2;58;86;155m██[38;2;58;86;155m██[38;2;58;86;155m██[38;2;0;0;0m██      
                  [38;2;0;0;0m██[38;2;46;51;126m██[38;2;46;51;126m██[38;2;58;86;155m██[38;2;46;51;126m██[38;2;255;255;255m██[38;2;65;65;65m██[38;2;255;241;202m██[38;2;255;241;202m██[38;2;255;241;202m██[38;2;255;241;202m██[38;2;255;241;202m██[38;2;255;241;202m██[38;2;251;232;179m██[38;2;65;65;65m██[38;2;65;65;65m██[38;2;58;86;155m██[38;2;58;86;155m██[38;2;58;86;155m██[38;2;58;86;155m██[38;2;58;86;155m██[38;2;58;86;155m██[38;2;58;86;155m██[38;2;58;86;155m██[38;2;58;86;155m██[38;2;0;0;0m██      
                    [38;2;0;0;0m██[38;2;255;255;255m██[38;2;46;51;126m██[38;2;255;255;255m██[38;2;65;65;65m██[38;2;255;241;202m██[38;2;255;241;202m██[38;2;255;241;202m██[38;2;255;241;202m██[38;2;255;241;202m██[38;2;255;241;202m██[38;2;255;241;202m██[38;2;65;65;65m██[38;2;58;86;155m██[38;2;58;86;155m██[38;2;58;86;155m██[38;2;58;86;155m██[38;2;58;86;155m██[38;2;58;86;155m██[38;2;58;86;155m██[38;2;58;86;155m██[38;2;58;86;155m██[38;2;58;86;155m██[38;2;58;86;155m██[38;2;58;86;155m██[38;2;0;0;0m██    
                  [38;2;0;0;0m██[38;2;251;232;179m██[38;2;65;65;65m██[38;2;65;65;65m██[38;2;65;65;65m██[38;2;255;241;202m██[38;2;255;241;202m██[38;2;255;241;202m██[38;2;255;241;202m██[38;2;255;241;202m██[38;2;255;241;202m██[38;2;255;241;202m██[38;2;65;65;65m██[38;2;255;255;255m██[38;2;46;51;126m██[38;2;58;86;155m██[38;2;58;86;155m██[38;2;58;86;155m██[38;2;58;86;155m██[38;2;58;86;155m██[38;2;58;86;155m██[38;2;58;86;155m██[38;2;58;86;155m██[38;2;58;86;155m██[38;2;58;86;155m██[38;2;58;86;155m██[38;2;0;0;0m██    
                  [38;2;0;0;0m██[38;2;251;232;179m██[38;2;251;232;179m██[38;2;251;232;179m██[38;2;255;241;202m██[38;2;255;241;202m██[38;2;255;241;202m██[38;2;255;241;202m██[38;2;255;241;202m██[38;2;255;241;202m██[38;2;255;241;202m██[38;2;255;241;202m██[38;2;251;232;179m██[38;2;65;65;65m██[38;2;46;51;126m██[38;2;58;86;155m██[38;2;58;86;155m██[38;2;58;86;155m██[38;2;58;86;155m██[38;2;58;86;155m██[38;2;58;86;155m██[38;2;58;86;155m██[38;2;58;86;155m██[38;2;58;86;155m██[38;2;58;86;155m██[38;2;58;86;155m██[38;2;58;86;155m██[38;2;0;0;0m██  
                [38;2;0;0;0m██[38;2;251;232;179m██[38;2;251;232;179m██[38;2;251;232;179m██[38;2;251;232;179m██[38;2;251;232;179m██[38;2;251;232;179m██[38;2;255;241;202m██[38;2;255;241;202m██[38;2;255;241;202m██[38;2;255;241;202m██[38;2;255;241;202m██[38;2;251;232;179m██[38;2;251;232;179m██[38;2;65;65;65m██[38;2;255;255;255m██[38;2;46;51;126m██[38;2;58;86;155m██[38;2;58;86;155m██[38;2;58;86;155m██[38;2;58;86;155m██[38;2;58;86;155m██[38;2;65;65;65m██[38;2;58;86;155m██[38;2;58;86;155m██[38;2;58;86;155m██[38;2;58;86;155m██[38;2;58;86;155m██[38;2;0;0;0m██  
                [38;2;0;0;0m██[38;2;251;232;179m██[38;2;251;232;179m██[38;2;251;232;179m██[38;2;251;232;179m██[38;2;251;232;179m██[38;2;251;232;179m██[38;2;251;232;179m██[38;2;251;232;179m██[38;2;251;232;179m██[38;2;251;232;179m██[38;2;251;232;179m██[38;2;251;232;179m██[38;2;251;232;179m██[38;2;251;232;179m██[38;2;65;65;65m██[38;2;255;255;255m██[38;2;46;51;126m██[38;2;58;86;155m██[38;2;58;86;155m██[38;2;65;65;65m██[38;2;65;65;65m██[38;2;58;86;155m██[38;2;58;86;155m██[38;2;58;86;155m██[38;2;58;86;155m██[38;2;58;86;155m██[38;2;58;86;155m██[38;2;0;0;0m██  
      [38;2;0;0;0m██[38;2;0;0;0m██    [38;2;0;0;0m██[38;2;58;86;155m██[38;2;251;232;179m██[38;2;251;232;179m██[38;2;251;232;179m██[38;2;251;232;179m██[38;2;251;232;179m██[38;2;251;232;179m██[38;2;251;232;179m██[38;2;251;232;179m██[38;2;251;232;179m██[38;2;251;232;179m██[38;2;251;232;179m██[38;2;251;232;179m██[38;2;251;232;179m██[38;2;251;232;179m██[38;2;251;232;179m██[38;2;65;65;65m██[38;2;65;65;65m██[38;2;65;65;65m██[38;2;65;65;65m██[38;2;251;232;179m██[38;2;251;232;179m██[38;2;58;86;155m██[38;2;58;86;155m██[38;2;58;86;155m██[38;2;58;86;155m██[38;2;58;86;155m██[38;2;58;86;155m██[38;2;46;51;126m██[38;2;0;0;0m██
  [38;2;0;0;0m██[38;2;0;0;0m██[38;2;255;255;255m██[38;2;189;189;197m██[38;2;0;0;0m██[38;2;0;0;0m██[38;2;58;86;155m██[38;2;58;86;155m██[38;2;251;232;179m██[38;2;251;232;179m██[38;2;251;232;179m██[38;2;251;232;179m██[38;2;251;232;179m██[38;2;251;232;179m██[38;2;251;232;179m██[38;2;251;232;179m██[38;2;251;232;179m██[38;2;251;232;179m██[38;2;251;232;179m██[38;2;251;232;179m██[38;2;251;232;179m██[38;2;251;232;179m██[38;2;251;232;179m██[38;2;251;232;179m██[38;2;251;232;179m██[38;2;251;232;179m██[38;2;251;232;179m██[38;2;251;232;179m██[38;2;251;232;179m██[38;2;58;86;155m██[38;2;58;86;155m██[38;2;58;86;155m██[38;2;58;86;155m██[38;2;58;86;155m██[38;2;58;86;155m██[38;2;46;51;126m██[38;2;0;0;0m██
[38;2;0;0;0m██[38;2;255;255;255m██[38;2;177;150;105m██[38;2;255;255;255m██[38;2;255;255;255m██[38;2;177;150;105m██[38;2;251;232;179m██[38;2;65;65;65m██[38;2;58;86;155m██[38;2;58;86;155m██[38;2;251;232;179m██[38;2;251;232;179m██[38;2;251;232;179m██[38;2;251;232;179m██[38;2;251;232;179m██[38;2;251;232;179m██[38;2;251;232;179m██[38;2;251;232;179m██[38;2;251;232;179m██[38;2;251;232;179m██[38;2;251;232;179m██[38;2;251;232;179m██[38;2;251;232;179m██[38;2;65;65;65m██[38;2;65;65;65m██[38;2;251;232;179m██[38;2;251;232;179m██[38;2;251;232;179m██[38;2;251;232;179m██[38;2;58;86;155m██[38;2;58;86;155m██[38;2;58;86;155m██[38;2;58;86;155m██[38;2;58;86;155m██[38;2;58;86;155m██[38;2;46;51;126m██[38;2;58;86;155m██[38;2;0;0;0m██
  [38;2;0;0;0m██[38;2;251;232;179m██[38;2;251;232;179m██[38;2;177;150;105m██[38;2;177;150;105m██[38;2;251;232;179m██[38;2;251;232;179m██[38;2;65;65;65m██[38;2;58;86;155m██[38;2;58;86;155m██[38;2;251;232;179m██[38;2;251;232;179m██[38;2;251;232;179m██[38;2;251;232;179m██[38;2;251;232;179m██[38;2;251;232;179m██[38;2;251;232;179m██[38;2;251;232;179m██[38;2;251;232;179m██[38;2;251;232;179m██[38;2;251;232;179m██[38;2;65;65;65m██[38;2;189;189;197m██[38;2;255;255;255m██[38;2;65;65;65m██[38;2;65;65;65m██[38;2;65;65;65m██[38;2;58;86;155m██[38;2;58;86;155m██[38;2;58;86;155m██[38;2;58;86;155m██[38;2;58;86;155m██[38;2;58;86;155m██[38;2;46;51;126m██[38;2;58;86;155m██[38;2;46;51;126m██[38;2;0;0;0m██
  [38;2;0;0;0m██[38;2;251;232;179m██[38;2;251;232;179m██[38;2;251;232;179m██[38;2;251;232;179m██[38;2;251;232;179m██[38;2;251;232;179m██[38;2;251;232;179m██[38;2;65;65;65m██[38;2;58;86;155m██[38;2;58;86;155m██[38;2;251;232;179m██[38;2;251;232;179m██[38;2;251;232;179m██[38;2;251;232;179m██[38;2;251;232;179m██[38;2;251;232;179m██[38;2;251;232;179m██[38;2;251;232;179m██[38;2;251;232;179m██[38;2;65;65;65m██[38;2;65;65;65m██[38;2;255;255;255m██[38;2;255;255;255m██[38;2;65;65;65m██[38;2;189;189;197m██[38;2;255;255;255m██[38;2;65;65;65m██[38;2;58;86;155m██[38;2;58;86;155m██[38;2;58;86;155m██[38;2;46;51;126m██[38;2;46;51;126m██[38;2;58;86;155m██[38;2;46;51;126m██[38;2;58;86;155m██[38;2;0;0;0m██
    [38;2;0;0;0m██[38;2;251;232;179m██[38;2;251;232;179m██[38;2;251;232;179m██[38;2;251;232;179m██[38;2;251;232;179m██[38;2;251;232;179m██[38;2;65;65;65m██[38;2;46;51;126m██[38;2;46;51;126m██[38;2;46;51;126m██[38;2;46;51;126m██[38;2;46;51;126m██[38;2;46;51;126m██[38;2;251;232;179m██[38;2;251;232;179m██[38;2;251;232;179m██[38;2;251;232;179m██[38;2;65;65;65m██[38;2;251;232;179m██[38;2;251;232;179m██[38;2;177;150;105m██[38;2;177;150;105m██[38;2;177;150;105m██[38;2;255;255;255m██[38;2;189;189;197m██[38;2;65;65;65m██[38;2;65;65;65m██[38;2;65;65;65m██[38;2;46;51;126m██[38;2;46;51;126m██[38;2;46;51;126m██[38;2;46;51;126m██[38;2;46;51;126m██[38;2;46;51;126m██[38;2;0;0;0m██
    [38;2;0;0;0m██[38;2;251;232;179m██[38;2;148;106;49m██[38;2;148;106;49m██[38;2;251;232;179m██[38;2;251;232;179m██[38;2;251;232;179m██[38;2;215;188;139m██[38;2;65;65;65m██[38;2;46;51;126m██[38;2;46;51;126m██[38;2;46;51;126m██[38;2;46;51;126m██[38;2;46;51;126m██[38;2;46;51;126m██[38;2;46;51;126m██[38;2;251;232;179m██[38;2;65;65;65m██[38;2;251;232;179m██[38;2;251;232;179m██[38;2;251;232;179m██[38;2;251;232;179m██[38;2;251;232;179m██[38;2;251;232;179m██[38;2;177;150;105m██[38;2;177;150;105m██[38;2;255;255;255m██[38;2;255;255;255m██[38;2;65;65;65m██[38;2;46;51;126m██[38;2;46;51;126m██[38;2;46;51;126m██[38;2;46;51;126m██[38;2;46;51;126m██[38;2;0;0;0m██  
      [38;2;0;0;0m██[38;2;148;106;49m██[38;2;180;139;57m██[38;2;148;106;49m██[38;2;251;232;179m██[38;2;215;188;139m██[38;2;215;188;139m██[38;2;65;65;65m██[38;2;46;51;126m██[38;2;46;51;126m██[38;2;46;51;126m██[38;2;46;51;126m██[38;2;46;51;126m██[38;2;46;51;126m██[38;2;46;51;126m██[38;2;46;51;126m██[38;2;65;65;65m██[38;2;251;232;179m██[38;2;251;232;179m██[38;2;251;232;179m██[38;2;251;232;179m██[38;2;251;232;179m██[38;2;251;232;179m██[38;2;215;188;139m██[38;2;177;150;105m██[38;2;255;255;255m██[38;2;189;189;197m██[38;2;65;65;65m██[38;2;46;51;126m██[38;2;46;51;126m██[38;2;46;51;126m██[38;2;46;51;126m██[38;2;46;51;126m██[38;2;0;0;0m██  
        [38;2;0;0;0m██[38;2;148;106;49m██[38;2;180;139;57m██[38;2;148;106;49m██[38;2;215;188;139m██[38;2;215;188;139m██[38;2;65;65;65m██[38;2;46;51;126m██[38;2;46;51;126m██[38;2;46;51;126m██[38;2;46;51;126m██[38;2;46;51;126m██[38;2;46;51;126m██[38;2;46;51;126m██[38;2;65;65;65m██[38;2;251;232;179m██[38;2;251;232;179m██[38;2;251;232;179m██[38;2;148;106;49m██[38;2;148;106;49m██[38;2;148;106;49m██[38;2;215;188;139m██[38;2;215;188;139m██[38;2;215;188;139m██[38;2;177;150;105m██[38;2;65;65;65m██[38;2;46;51;126m██[38;2;46;51;126m██[38;2;46;51;126m██[38;2;46;51;126m██[38;2;46;51;126m██[38;2;0;0;0m██    
          [38;2;0;0;0m██[38;2;0;0;0m██[38;2;148;106;49m██[38;2;215;188;139m██[38;2;65;65;65m██[38;2;0;0;0m██[38;2;0;0;0m██[38;2;0;0;0m██[38;2;0;0;0m██[38;2;46;51;126m██[38;2;46;51;126m██[38;2;46;51;126m██[38;2;46;51;126m██[38;2;65;65;65m██[38;2;251;232;179m██[38;2;251;232;179m██[38;2;148;106;49m██[38;2;148;106;49m██[38;2;180;139;57m██[38;2;180;139;57m██[38;2;148;106;49m██[38;2;215;188;139m██[38;2;215;188;139m██[38;2;215;188;139m██[38;2;65;65;65m██[38;2;46;51;126m██[38;2;46;51;126m██[38;2;46;51;126m██[38;2;0;0;0m██[38;2;0;0;0m██      
              [38;2;0;0;0m██[38;2;0;0;0m██[38;2;0;0;0m██        [38;2;0;0;0m██[38;2;0;0;0m██[38;2;0;0;0m██[38;2;0;0;0m██[38;2;65;65;65m██[38;2;251;232;179m██[38;2;215;188;139m██[38;2;148;106;49m██[38;2;180;139;57m██[38;2;180;139;57m██[38;2;180;139;57m██[38;2;148;106;49m██[38;2;215;188;139m██[38;2;215;188;139m██[38;2;65;65;65m██[38;2;46;51;126m██[38;2;46;51;126m██[38;2;0;0;0m██[38;2;0;0;0m██          
                                    [38;2;0;0;0m██[38;2;65;65;65m██[38;2;215;188;139m██[38;2;148;106;49m██[38;2;180;139;57m██[38;2;180;139;57m██[38;2;148;106;49m██[38;2;148;106;49m██[38;2;215;188;139m██[38;2;215;188;139m██[38;2;0;0;0m██[38;2;0;0;0m██[38;2;0;0;0m██              
                                      [38;2;0;0;0m██[38;2;215;188;139m██[38;2;215;188;139m██[38;2;148;106;49m██[38;2;148;106;49m██[38;2;148;106;49m██[38;2;215;188;139m██[38;2;215;188;139m██[38;2;0;0;0m██                    
                                        [38;2;0;0;0m██[38;2;215;188;139m██[38;2;215;188;139m██[38;2;215;188;139m██[38;2;215;188;139m██[38;2;0;0;0m██[38;2;0;0;0m██                      
                                          [38;2;0;0;0m██[38;2;0;0;0m██[38;2;0;0;0m██[38;2;0;0;0m██                          
