              [38;2;0;0;0m██[38;2;0;0;0m██            
            [38;2;0;0;0m██[38;2;140;233;255m██[38;2;140;233;255m██[38;2;0;0;0m██          
          [38;2;0;0;0m██[38;2;255;239;28m██[38;2;140;233;255m██[38;2;140;233;255m██[38;2;0;0;0m██          
        [38;2;0;0;0m██[38;2;255;239;28m██[38;2;255;239;28m██[38;2;255;239;28m██[38;2;140;233;255m██[38;2;140;233;255m██[38;2;0;0;0m██        
        [38;2;0;0;0m██[38;2;255;239;28m██[38;2;65;65;65m██[38;2;255;239;28m██[38;2;140;233;255m██[38;2;140;233;255m██[38;2;0;0;0m██        
      [38;2;0;0;0m██[38;2;255;239;28m██[38;2;65;65;65m██[38;2;65;65;65m██[38;2;65;65;65m██[38;2;255;239;28m██[38;2;140;233;255m██[38;2;140;233;255m██[38;2;0;0;0m██      
      [38;2;0;0;0m██[38;2;255;239;28m██[38;2;65;65;65m██[38;2;65;65;65m██[38;2;65;65;65m██[38;2;255;239;28m██[38;2;140;233;255m██[38;2;140;233;255m██[38;2;0;0;0m██      
    [38;2;0;0;0m██[38;2;255;239;28m██[38;2;65;65;65m██[38;2;65;65;65m██[38;2;65;65;65m██[38;2;65;65;65m██[38;2;65;65;65m██[38;2;255;239;28m██[38;2;140;233;255m██[38;2;140;233;255m██[38;2;0;0;0m██    
  [38;2;0;0;0m██[38;2;255;239;28m██[38;2;65;65;65m██[38;2;228;105;0m██[38;2;65;65;65m██[38;2;65;65;65m██[38;2;65;65;65m██[38;2;65;65;65m██[38;2;255;239;28m██[38;2;140;233;255m██[38;2;140;233;255m██[38;2;0;0;0m██    
  [38;2;0;0;0m██[38;2;255;239;28m██[38;2;65;65;65m██[38;2;65;65;65m██[38;2;65;65;65m██[38;2;65;65;65m██[38;2;65;65;65m██[38;2;228;105;0m██[38;2;65;65;65m██[38;2;255;239;28m██[38;2;140;233;255m██[38;2;140;233;255m██[38;2;0;0;0m██  
[38;2;0;0;0m██[38;2;91;200;226m██[38;2;255;239;28m██[38;2;65;65;65m██[38;2;255;255;255m██[38;2;189;189;181m██[38;2;255;255;255m██[38;2;65;65;65m██[38;2;65;65;65m██[38;2;65;65;65m██[38;2;255;239;28m██[38;2;140;233;255m██[38;2;140;233;255m██[38;2;0;0;0m██  
[38;2;0;0;0m██[38;2;91;200;226m██[38;2;255;239;28m██[38;2;65;65;65m██[38;2;65;65;65m██[38;2;65;65;65m██[38;2;255;255;255m██[38;2;189;189;181m██[38;2;255;255;255m██[38;2;65;65;65m██[38;2;255;239;28m██[38;2;140;233;255m██[38;2;140;233;255m██[38;2;140;233;255m██[38;2;0;0;0m██
[38;2;0;0;0m██[38;2;91;200;226m██[38;2;91;200;226m██[38;2;65;65;65m██[38;2;123;123;123m██[38;2;65;65;65m██[38;2;65;65;65m██[38;2;65;65;65m██[38;2;65;65;65m██[38;2;255;239;28m██[38;2;140;233;255m██[38;2;140;233;255m██[38;2;45;154;180m██[38;2;140;233;255m██[38;2;0;0;0m██
  [38;2;0;0;0m██[38;2;91;200;226m██[38;2;65;65;65m██[38;2;65;65;65m██[38;2;65;65;65m██[38;2;123;123;123m██[38;2;65;65;65m██[38;2;140;233;255m██[38;2;140;233;255m██[38;2;140;233;255m██[38;2;140;233;255m██[38;2;45;154;180m██[38;2;140;233;255m██[38;2;0;0;0m██
    [38;2;0;0;0m██[38;2;91;200;226m██[38;2;255;239;28m██[38;2;65;65;65m██[38;2;65;65;65m██[38;2;65;65;65m██[38;2;140;233;255m██[38;2;45;154;180m██[38;2;140;233;255m██[38;2;140;233;255m██[38;2;45;154;180m██[38;2;0;0;0m██  
      [38;2;0;0;0m██[38;2;65;65;65m██[38;2;65;65;65m██[38;2;255;239;28m██[38;2;140;233;255m██[38;2;140;233;255m██[38;2;45;154;180m██[38;2;140;233;255m██[38;2;0;0;0m██[38;2;0;0;0m██    
      [38;2;0;0;0m██[38;2;123;123;123m██[38;2;123;123;123m██[38;2;0;0;0m██[38;2;0;0;0m██[38;2;0;0;0m██[38;2;65;65;65m██[38;2;65;65;65m██[38;2;0;0;0m██      
        [38;2;0;0;0m██[38;2;0;0;0m██    [38;2;0;0;0m██[38;2;123;123;123m██[38;2;123;123;123m██[38;2;0;0;0m██      
                  [38;2;0;0;0m██[38;2;0;0;0m██        
