  [38;2;0;0;0m██[38;2;0;0;0m██[38;2;0;0;0m██                      
[38;2;0;0;0m██[38;2;65;65;65m██[38;2;108;136;12m██[38;2;108;136;12m██[38;2;0;0;0m██            [38;2;0;0;0m██[38;2;0;0;0m██    
[38;2;0;0;0m██[38;2;108;136;12m██[38;2;108;136;12m██[38;2;115;115;115m██[38;2;108;136;12m██[38;2;0;0;0m██        [38;2;0;0;0m██[38;2;133;169;7m██[38;2;108;136;12m██[38;2;0;0;0m██  
[38;2;0;0;0m██[38;2;108;136;12m██[38;2;115;115;115m██[38;2;133;169;7m██[38;2;115;115;115m██[38;2;0;0;0m██      [38;2;0;0;0m██[38;2;133;169;7m██[38;2;115;115;115m██[38;2;133;169;7m██[38;2;108;136;12m██[38;2;0;0;0m██
  [38;2;0;0;0m██[38;2;115;115;115m██[38;2;133;169;7m██[38;2;108;136;12m██[38;2;0;0;0m██      [38;2;0;0;0m██[38;2;115;115;115m██[38;2;133;169;7m██[38;2;115;115;115m██[38;2;108;136;12m██[38;2;0;0;0m██
  [38;2;0;0;0m██[38;2;133;169;7m██[38;2;115;115;115m██[38;2;133;169;7m██[38;2;65;65;65m██[38;2;0;0;0m██[38;2;0;0;0m██[38;2;0;0;0m██[38;2;174;213;1m██[38;2;108;136;12m██[38;2;133;169;7m██[38;2;115;115;115m██[38;2;108;136;12m██[38;2;0;0;0m██
    [38;2;0;0;0m██[38;2;65;65;65m██[38;2;174;213;1m██[38;2;174;213;1m██[38;2;174;213;1m██[38;2;174;213;1m██[38;2;65;65;65m██[38;2;174;213;1m██[38;2;174;213;1m██[38;2;115;115;115m██[38;2;133;169;7m██[38;2;0;0;0m██  
  [38;2;0;0;0m██[38;2;174;213;1m██[38;2;174;213;1m██[38;2;174;213;1m██[38;2;174;213;1m██[38;2;174;213;1m██[38;2;174;213;1m██[38;2;174;213;1m██[38;2;174;213;1m██[38;2;115;115;115m██[38;2;133;169;7m██[38;2;0;0;0m██    
[38;2;0;0;0m██[38;2;174;213;1m██[38;2;65;65;65m██[38;2;174;213;1m██[38;2;174;213;1m██[38;2;174;213;1m██[38;2;174;213;1m██[38;2;174;213;1m██[38;2;174;213;1m██[38;2;174;213;1m██[38;2;65;65;65m██[38;2;0;0;0m██      
[38;2;0;0;0m██[38;2;174;213;1m██[38;2;65;65;65m██[38;2;174;213;1m██[38;2;174;213;1m██[38;2;174;213;1m██[38;2;115;115;115m██[38;2;65;65;65m██[38;2;65;65;65m██[38;2;174;213;1m██[38;2;174;213;1m██[38;2;133;169;7m██[38;2;0;0;0m██    
[38;2;0;0;0m██[38;2;65;65;65m██[38;2;174;213;1m██[38;2;174;213;1m██[38;2;174;213;1m██[38;2;115;115;115m██[38;2;174;213;1m██[38;2;174;213;1m██[38;2;174;213;1m██[38;2;65;65;65m██[38;2;133;169;7m██[38;2;133;169;7m██[38;2;0;0;0m██    
[38;2;0;0;0m██[38;2;133;169;7m██[38;2;108;136;12m██[38;2;65;65;65m██[38;2;174;213;1m██[38;2;115;115;115m██[38;2;174;213;1m██[38;2;65;65;65m██[38;2;174;213;1m██[38;2;65;65;65m██[38;2;133;169;7m██[38;2;133;169;7m██[38;2;0;0;0m██    
  [38;2;0;0;0m██[38;2;133;169;7m██[38;2;133;169;7m██[38;2;133;169;7m██[38;2;133;169;7m██[38;2;65;65;65m██[38;2;115;115;115m██[38;2;133;169;7m██[38;2;65;65;65m██[38;2;133;169;7m██[38;2;108;136;12m██[38;2;0;0;0m██    
[38;2;0;0;0m██[38;2;133;169;7m██[38;2;65;65;65m██[38;2;255;156;181m██[38;2;255;156;181m██[38;2;222;123;148m██[38;2;133;169;7m██[38;2;133;169;7m██[38;2;65;65;65m██[38;2;133;169;7m██[38;2;108;136;12m██[38;2;0;0;0m██      
[38;2;0;0;0m██[38;2;133;169;7m██[38;2;133;169;7m██[38;2;65;65;65m██[38;2;65;65;65m██[38;2;144;176;28m██[38;2;144;176;28m██[38;2;144;176;28m██[38;2;206;189;165m██[38;2;65;65;65m██[38;2;0;0;0m██        
  [38;2;0;0;0m██[38;2;133;169;7m██[38;2;65;65;65m██[38;2;247;222;189m██[38;2;206;189;165m██[38;2;206;189;165m██[38;2;206;189;165m██[38;2;174;213;1m██[38;2;174;213;1m██[38;2;174;213;1m██[38;2;0;0;0m██      
    [38;2;0;0;0m██[38;2;247;222;189m██[38;2;247;222;189m██[38;2;247;222;189m██[38;2;247;222;189m██[38;2;247;222;189m██[38;2;133;169;7m██[38;2;174;213;1m██[38;2;174;213;1m██[38;2;174;213;1m██[38;2;0;0;0m██    
    [38;2;0;0;0m██[38;2;133;169;7m██[38;2;133;169;7m██[38;2;247;222;189m██[38;2;247;222;189m██[38;2;174;213;1m██[38;2;174;213;1m██[38;2;65;65;65m██[38;2;174;213;1m██[38;2;174;213;1m██[38;2;0;0;0m██    
    [38;2;0;0;0m██[38;2;206;189;165m██[38;2;206;189;165m██[38;2;133;169;7m██[38;2;174;213;1m██[38;2;174;213;1m██[38;2;174;213;1m██[38;2;133;169;7m██[38;2;65;65;65m██[38;2;0;0;0m██      
      [38;2;0;0;0m██[38;2;0;0;0m██[38;2;0;0;0m██[38;2;0;0;0m██[38;2;247;222;189m██[38;2;247;222;189m██[38;2;206;189;165m██[38;2;0;0;0m██        
              [38;2;0;0;0m██[38;2;0;0;0m██[38;2;0;0;0m██          
