            [38;2;0;0;0m██[38;2;0;0;0m██                              
        [38;2;0;0;0m██[38;2;0;0;0m██[38;2;115;73;54m██[38;2;115;73;54m██[38;2;0;0;0m██                            
      [38;2;0;0;0m██[38;2;115;73;54m██[38;2;115;73;54m██[38;2;115;73;54m██[38;2;115;73;54m██[38;2;0;0;0m██                            
    [38;2;0;0;0m██[38;2;180;188;233m██[38;2;180;188;233m██[38;2;148;131;144m██[38;2;115;73;54m██[38;2;115;73;54m██[38;2;115;73;54m██[38;2;0;0;0m██                          
  [38;2;0;0;0m██[38;2;180;188;233m██[38;2;180;188;233m██[38;2;148;131;144m██[38;2;115;73;54m██[38;2;115;73;54m██[38;2;115;73;54m██[38;2;115;73;54m██[38;2;0;0;0m██  [38;2;0;0;0m██[38;2;0;0;0m██                    
  [38;2;0;0;0m██[38;2;180;188;233m██[38;2;180;188;233m██[38;2;180;188;233m██[38;2;65;65;65m██[38;2;65;65;65m██[38;2;65;65;65m██[38;2;115;73;54m██[38;2;0;0;0m██[38;2;0;0;0m██[38;2;170;127;103m██[38;2;0;0;0m██            [38;2;0;0;0m██[38;2;0;0;0m██    
[38;2;0;0;0m██[38;2;180;188;233m██[38;2;180;188;233m██[38;2;65;65;65m██[38;2;65;65;65m██[38;2;255;255;255m██[38;2;255;255;255m██[38;2;170;127;103m██[38;2;65;65;65m██[38;2;65;65;65m██[38;2;170;127;103m██[38;2;144;102;82m██[38;2;0;0;0m██      [38;2;0;0;0m██[38;2;0;0;0m██[38;2;0;0;0m██[38;2;115;73;54m██[38;2;0;0;0m██    
[38;2;0;0;0m██[38;2;180;188;233m██[38;2;65;65;65m██[38;2;255;255;255m██[38;2;255;255;255m██[38;2;255;255;255m██[38;2;204;167;144m██[38;2;170;127;103m██[38;2;170;127;103m██[38;2;170;127;103m██[38;2;144;102;82m██[38;2;0;0;0m██    [38;2;0;0;0m██[38;2;0;0;0m██[38;2;115;73;54m██[38;2;65;65;65m██[38;2;115;73;54m██[38;2;115;73;54m██[38;2;0;0;0m██[38;2;0;0;0m██  
[38;2;0;0;0m██[38;2;0;0;0m██[38;2;170;127;103m██[38;2;170;127;103m██[38;2;255;255;255m██[38;2;204;167;144m██[38;2;170;127;103m██[38;2;170;127;103m██[38;2;144;102;82m██[38;2;144;102;82m██[38;2;214;214;214m██[38;2;0;0;0m██  [38;2;0;0;0m██[38;2;115;73;54m██[38;2;65;65;65m██[38;2;115;73;54m██[38;2;65;65;65m██[38;2;115;73;54m██[38;2;65;65;65m██[38;2;115;73;54m██[38;2;0;0;0m██  
    [38;2;0;0;0m██[38;2;204;167;144m██[38;2;170;127;103m██[38;2;170;127;103m██[38;2;0;0;0m██[38;2;144;102;82m██[38;2;214;214;214m██[38;2;214;214;214m██[38;2;115;73;54m██[38;2;0;0;0m██  [38;2;0;0;0m██[38;2;115;73;54m██[38;2;65;65;65m██[38;2;65;65;65m██[38;2;144;102;82m██[38;2;65;65;65m██[38;2;115;73;54m██[38;2;115;73;54m██[38;2;0;0;0m██  
    [38;2;0;0;0m██[38;2;197;123;49m██[38;2;247;173;49m██[38;2;255;255;255m██[38;2;120;127;185m██[38;2;255;255;255m██[38;2;204;167;144m██[38;2;115;73;54m██[38;2;115;73;54m██[38;2;115;73;54m██[38;2;0;0;0m██[38;2;0;0;0m██[38;2;65;65;65m██[38;2;144;102;82m██[38;2;65;65;65m██[38;2;144;102;82m██[38;2;65;65;65m██[38;2;115;73;54m██[38;2;65;65;65m██[38;2;115;73;54m██[38;2;0;0;0m██
  [38;2;0;0;0m██[38;2;65;65;65m██[38;2;247;173;49m██[38;2;247;173;49m██[38;2;247;173;49m██[38;2;204;167;144m██[38;2;204;167;144m██[38;2;255;255;255m██[38;2;115;73;54m██[38;2;115;73;54m██[38;2;115;73;54m██[38;2;115;73;54m██[38;2;65;65;65m██[38;2;65;65;65m██[38;2;65;65;65m██[38;2;144;102;82m██[38;2;65;65;65m██[38;2;144;102;82m██[38;2;65;65;65m██[38;2;115;73;54m██[38;2;115;73;54m██[38;2;0;0;0m██
[38;2;0;0;0m██[38;2;65;65;65m██[38;2;65;65;65m██[38;2;65;65;65m██[38;2;197;123;49m██[38;2;197;123;49m██[38;2;255;255;255m██[38;2;255;255;255m██[38;2;115;73;54m██[38;2;115;73;54m██[38;2;115;73;54m██[38;2;115;73;54m██[38;2;65;65;65m██[38;2;170;127;103m██[38;2;170;127;103m██[38;2;65;65;65m██[38;2;144;102;82m██[38;2;65;65;65m██[38;2;65;65;65m██[38;2;144;102;82m██[38;2;115;73;54m██[38;2;0;0;0m██  
  [38;2;0;0;0m██[38;2;0;0;0m██[38;2;204;167;144m██[38;2;255;255;255m██[38;2;255;255;255m██[38;2;255;255;255m██[38;2;255;255;255m██[38;2;204;167;144m██[38;2;115;73;54m██[38;2;115;73;54m██[38;2;115;73;54m██[38;2;65;65;65m██[38;2;170;127;103m██[38;2;170;127;103m██[38;2;170;127;103m██[38;2;65;65;65m██[38;2;170;127;103m██[38;2;65;65;65m██[38;2;144;102;82m██[38;2;0;0;0m██    
    [38;2;0;0;0m██[38;2;65;65;65m██[38;2;255;255;255m██[38;2;255;255;255m██[38;2;115;73;54m██[38;2;255;255;255m██[38;2;255;255;255m██[38;2;115;73;54m██[38;2;65;65;65m██[38;2;65;65;65m██[38;2;65;65;65m██[38;2;170;127;103m██[38;2;170;127;103m██[38;2;170;127;103m██[38;2;65;65;65m██[38;2;170;127;103m██[38;2;0;0;0m██[38;2;0;0;0m██      
      [38;2;0;0;0m██[38;2;255;255;255m██[38;2;204;167;144m██[38;2;115;73;54m██[38;2;115;73;54m██[38;2;255;255;255m██[38;2;115;73;54m██[38;2;65;65;65m██[38;2;170;127;103m██[38;2;170;127;103m██[38;2;170;127;103m██[38;2;170;127;103m██[38;2;170;127;103m██[38;2;170;127;103m██[38;2;170;127;103m██[38;2;0;0;0m██        
    [38;2;0;0;0m██[38;2;65;65;65m██[38;2;255;255;255m██[38;2;115;73;54m██[38;2;115;73;54m██[38;2;72;58;52m██[38;2;115;73;54m██[38;2;115;73;54m██[38;2;65;65;65m██[38;2;170;127;103m██[38;2;170;127;103m██[38;2;170;127;103m██[38;2;170;127;103m██[38;2;170;127;103m██[38;2;170;127;103m██[38;2;0;0;0m██          
    [38;2;0;0;0m██[38;2;65;65;65m██[38;2;115;73;54m██[38;2;115;73;54m██[38;2;72;58;52m██[38;2;170;127;103m██[38;2;72;58;52m██[38;2;72;58;52m██[38;2;115;73;54m██[38;2;65;65;65m██[38;2;170;127;103m██[38;2;170;127;103m██[38;2;170;127;103m██[38;2;170;127;103m██[38;2;170;127;103m██[38;2;0;0;0m██          
      [38;2;0;0;0m██[38;2;72;58;52m██[38;2;72;58;52m██[38;2;170;127;103m██[38;2;170;127;103m██[38;2;170;127;103m██[38;2;170;127;103m██[38;2;72;58;52m██[38;2;72;58;52m██[38;2;144;102;82m██[38;2;170;127;103m██[38;2;170;127;103m██[38;2;170;127;103m██[38;2;0;0;0m██            
      [38;2;0;0;0m██[38;2;0;0;0m██[38;2;144;102;82m██[38;2;170;127;103m██[38;2;170;127;103m██[38;2;170;127;103m██[38;2;170;127;103m██[38;2;170;127;103m██[38;2;170;127;103m██[38;2;170;127;103m██[38;2;65;65;65m██[38;2;0;0;0m██[38;2;0;0;0m██              
    [38;2;0;0;0m██[38;2;247;173;49m██[38;2;197;123;49m██[38;2;0;0;0m██[38;2;0;0;0m██[38;2;144;102;82m██[38;2;144;102;82m██[38;2;170;127;103m██[38;2;144;102;82m██[38;2;170;127;103m██[38;2;144;102;82m██[38;2;0;0;0m██                  
      [38;2;0;0;0m██[38;2;0;0;0m██[38;2;0;0;0m██  [38;2;0;0;0m██[38;2;197;123;49m██[38;2;65;65;65m██[38;2;65;65;65m██[38;2;170;127;103m██[38;2;0;0;0m██                    
            [38;2;0;0;0m██[38;2;247;173;49m██[38;2;65;65;65m██[38;2;197;123;49m██[38;2;197;123;49m██[38;2;0;0;0m██                      
            [38;2;0;0;0m██[38;2;0;0;0m██[38;2;65;65;65m██[38;2;247;173;49m██[38;2;0;0;0m██                        
                [38;2;0;0;0m██[38;2;0;0;0m██                          
