                [38;2;0;0;0m██[38;2;0;0;0m██[38;2;0;0;0m██                
      [38;2;0;0;0m██[38;2;0;0;0m██[38;2;0;0;0m██  [38;2;0;0;0m██[38;2;207;167;42m██[38;2;255;229;104m██[38;2;207;167;42m██[38;2;0;0;0m██              
      [38;2;0;0;0m██[38;2;255;229;104m██[38;2;255;229;104m██[38;2;0;0;0m██[38;2;207;167;42m██[38;2;255;229;104m██[38;2;255;229;104m██[38;2;255;229;104m██[38;2;65;65;65m██[38;2;0;0;0m██[38;2;0;0;0m██          
    [38;2;0;0;0m██[38;2;255;229;104m██[38;2;255;229;104m██[38;2;207;167;42m██[38;2;130;99;1m██[38;2;130;99;1m██[38;2;130;99;1m██[38;2;130;99;1m██[38;2;207;167;42m██[38;2;130;99;1m██[38;2;255;229;104m██[38;2;255;229;104m██[38;2;0;0;0m██[38;2;0;0;0m██      
    [38;2;0;0;0m██[38;2;130;99;1m██[38;2;207;167;42m██[38;2;255;243;174m██[38;2;196;173;38m██[38;2;255;243;174m██[38;2;255;243;174m██[38;2;227;204;69m██[38;2;130;99;1m██[38;2;207;167;42m██[38;2;255;229;104m██[38;2;255;229;104m██[38;2;255;229;104m██[38;2;0;0;0m██      
  [38;2;0;0;0m██[38;2;207;167;42m██[38;2;255;229;104m██[38;2;130;99;1m██[38;2;65;65;65m██[38;2;255;243;174m██[38;2;255;243;174m██[38;2;255;243;174m██[38;2;255;243;174m██[38;2;196;173;38m██[38;2;130;99;1m██[38;2;255;229;104m██[38;2;255;229;104m██[38;2;65;65;65m██[38;2;207;167;42m██[38;2;0;0;0m██    
[38;2;0;0;0m██[38;2;255;229;104m██[38;2;255;229;104m██[38;2;130;99;1m██[38;2;255;243;174m██[38;2;0;0;0m██[38;2;255;243;174m██[38;2;255;243;174m██[38;2;0;0;0m██[38;2;0;0;0m██[38;2;196;173;38m██[38;2;255;243;174m██[38;2;130;99;1m██[38;2;130;99;1m██[38;2;130;99;1m██[38;2;207;167;42m██[38;2;0;0;0m██    
  [38;2;0;0;0m██[38;2;255;229;104m██[38;2;130;99;1m██[38;2;227;204;69m██[38;2;255;243;174m██[38;2;255;243;174m██[38;2;0;0;0m██[38;2;255;243;174m██[38;2;196;173;38m██[38;2;255;243;174m██[38;2;255;243;174m██[38;2;130;99;1m██[38;2;255;229;104m██[38;2;207;167;42m██[38;2;0;0;0m██      
    [38;2;0;0;0m██[38;2;130;99;1m██[38;2;156;49;82m██[38;2;255;243;174m██[38;2;255;243;174m██[38;2;255;243;174m██[38;2;156;49;82m██[38;2;196;173;38m██[38;2;255;243;174m██[38;2;227;204;69m██[38;2;130;99;1m██[38;2;255;229;104m██[38;2;255;229;104m██[38;2;207;167;42m██[38;2;0;0;0m██    
  [38;2;0;0;0m██[38;2;255;229;104m██[38;2;130;99;1m██[38;2;255;243;174m██[38;2;156;49;82m██[38;2;156;49;82m██[38;2;156;49;82m██[38;2;230;74;123m██[38;2;196;173;38m██[38;2;227;204;69m██[38;2;130;99;1m██[38;2;255;229;104m██[38;2;255;229;104m██[38;2;255;229;104m██[38;2;255;229;104m██[38;2;0;0;0m██    
  [38;2;0;0;0m██[38;2;255;229;104m██[38;2;255;229;104m██[38;2;130;99;1m██[38;2;255;243;174m██[38;2;230;74;123m██[38;2;230;74;123m██[38;2;230;74;123m██[38;2;227;204;69m██[38;2;196;173;38m██[38;2;130;99;1m██[38;2;130;99;1m██[38;2;207;167;42m██[38;2;130;99;1m██[38;2;0;0;0m██      
    [38;2;0;0;0m██[38;2;255;229;104m██[38;2;255;229;104m██[38;2;130;99;1m██[38;2;227;204;69m██[38;2;227;204;69m██[38;2;227;204;69m██[38;2;130;99;1m██[38;2;130;99;1m██[38;2;255;229;104m██[38;2;255;229;104m██[38;2;130;99;1m██[38;2;207;167;42m██[38;2;0;0;0m██      
  [38;2;0;0;0m██[38;2;93;103;1m██[38;2;65;65;65m██[38;2;65;65;65m██[38;2;255;229;104m██[38;2;130;99;1m██[38;2;130;99;1m██[38;2;130;99;1m██[38;2;207;167;42m██[38;2;255;229;104m██[38;2;255;229;104m██[38;2;255;229;104m██[38;2;255;229;104m██[38;2;0;0;0m██        
[38;2;0;0;0m██[38;2;201;213;90m██[38;2;201;213;90m██[38;2;160;172;49m██[38;2;65;65;65m██[38;2;255;229;104m██[38;2;255;229;104m██[38;2;255;229;104m██[38;2;255;229;104m██[38;2;65;65;65m██[38;2;65;65;65m██[38;2;255;229;104m██[38;2;255;229;104m██[38;2;65;65;65m██[38;2;0;0;0m██[38;2;0;0;0m██      
[38;2;0;0;0m██[38;2;0;0;0m██[38;2;160;172;49m██[38;2;160;172;49m██[38;2;160;172;49m██[38;2;0;0;0m██[38;2;255;229;104m██[38;2;207;167;42m██[38;2;65;65;65m██[38;2;160;172;49m██[38;2;160;172;49m██[38;2;65;65;65m██[38;2;65;65;65m██[38;2;93;103;1m██[38;2;201;213;90m██[38;2;201;213;90m██[38;2;0;0;0m██    
    [38;2;0;0;0m██[38;2;0;0;0m██[38;2;0;0;0m██  [38;2;0;0;0m██[38;2;65;65;65m██[38;2;160;172;49m██[38;2;160;172;49m██[38;2;160;172;49m██[38;2;65;65;65m██[38;2;160;172;49m██[38;2;201;213;90m██[38;2;121;133;10m██[38;2;121;133;10m██[38;2;201;213;90m██[38;2;0;0;0m██  
          [38;2;0;0;0m██[38;2;0;0;0m██[38;2;160;172;49m██[38;2;201;213;90m██[38;2;160;172;49m██[38;2;160;172;49m██[38;2;93;103;1m██[38;2;160;172;49m██[38;2;160;172;49m██[38;2;201;213;90m██[38;2;201;213;90m██[38;2;121;133;10m██[38;2;160;172;49m██[38;2;0;0;0m██
        [38;2;0;0;0m██[38;2;160;172;49m██[38;2;160;172;49m██[38;2;93;103;1m██[38;2;160;172;49m██[38;2;160;172;49m██[38;2;121;133;10m██[38;2;93;103;1m██[38;2;93;103;1m██[38;2;160;172;49m██[38;2;160;172;49m██[38;2;160;172;49m██[38;2;201;213;90m██[38;2;121;133;10m██[38;2;0;0;0m██
          [38;2;0;0;0m██[38;2;0;0;0m██[38;2;0;0;0m██[38;2;121;133;10m██[38;2;121;133;10m██[38;2;93;103;1m██[38;2;160;172;49m██[38;2;160;172;49m██[38;2;65;65;65m██[38;2;0;0;0m██[38;2;0;0;0m██[38;2;0;0;0m██[38;2;121;133;10m██[38;2;0;0;0m██
                [38;2;0;0;0m██[38;2;0;0;0m██[38;2;0;0;0m██[38;2;0;0;0m██[38;2;121;133;10m██[38;2;160;172;49m██[38;2;0;0;0m██    [38;2;0;0;0m██  
                        [38;2;0;0;0m██[38;2;0;0;0m██[38;2;0;0;0m██        
