    [38;2;0;0;0m██[38;2;0;0;0m██[38;2;0;0;0m██                
  [38;2;0;0;0m██[38;2;186;243;55m██[38;2;186;243;55m██[38;2;186;243;55m██[38;2;0;0;0m██              
[38;2;0;0;0m██[38;2;186;243;55m██[38;2;93;158;13m██[38;2;93;158;13m██[38;2;93;158;13m██[38;2;143;202;19m██[38;2;0;0;0m██  [38;2;0;0;0m██[38;2;0;0;0m██[38;2;0;0;0m██    
[38;2;0;0;0m██[38;2;65;65;65m██[38;2;186;243;55m██[38;2;186;243;55m██[38;2;143;202;19m██[38;2;93;158;13m██[38;2;33;82;33m██[38;2;0;0;0m██[38;2;186;243;55m██[38;2;186;243;55m██[38;2;143;202;19m██[38;2;0;0;0m██  
  [38;2;0;0;0m██[38;2;0;0;0m██[38;2;143;202;19m██[38;2;143;202;19m██[38;2;65;65;65m██[38;2;33;82;33m██[38;2;93;158;13m██[38;2;93;158;13m██[38;2;93;158;13m██[38;2;186;243;55m██[38;2;143;202;19m██[38;2;0;0;0m██
      [38;2;0;0;0m██[38;2;65;65;65m██[38;2;189;142;49m██[38;2;93;158;13m██[38;2;143;202;19m██[38;2;186;243;55m██[38;2;186;243;55m██[38;2;93;158;13m██[38;2;186;243;55m██[38;2;0;0;0m██
    [38;2;0;0;0m██[38;2;247;209;41m██[38;2;65;65;65m██[38;2;65;65;65m██[38;2;189;142;49m██[38;2;65;65;65m██[38;2;65;65;65m██[38;2;143;202;19m██[38;2;143;202;19m██[38;2;0;0;0m██[38;2;0;0;0m██
    [38;2;0;0;0m██[38;2;247;209;41m██[38;2;189;142;49m██[38;2;247;209;41m██[38;2;65;65;65m██[38;2;65;65;65m██[38;2;247;209;41m██[38;2;65;65;65m██[38;2;0;0;0m██    
  [38;2;0;0;0m██[38;2;189;142;49m██[38;2;222;179;41m██[38;2;247;209;41m██[38;2;247;209;41m██[38;2;189;142;49m██[38;2;222;179;41m██[38;2;247;209;41m██[38;2;65;65;65m██[38;2;247;209;41m██[38;2;0;0;0m██  
  [38;2;0;0;0m██[38;2;115;74;33m██[38;2;247;209;41m██[38;2;247;209;41m██[38;2;247;209;41m██[38;2;247;209;41m██[38;2;247;209;41m██[38;2;247;209;41m██[38;2;189;142;49m██[38;2;247;209;41m██[38;2;0;0;0m██  
[38;2;0;0;0m██[38;2;255;255;255m██[38;2;0;0;0m██[38;2;247;209;41m██[38;2;247;209;41m██[38;2;115;74;33m██[38;2;247;209;41m██[38;2;115;74;33m██[38;2;247;209;41m██[38;2;222;179;41m██[38;2;0;0;0m██    
[38;2;0;0;0m██[38;2;65;65;65m██[38;2;0;0;0m██[38;2;247;209;41m██[38;2;247;209;41m██[38;2;115;74;33m██[38;2;0;0;0m██[38;2;0;0;0m██[38;2;115;74;33m██[38;2;247;209;41m██[38;2;222;179;41m██[38;2;0;0;0m██  
[38;2;0;0;0m██[38;2;99;74;16m██[38;2;247;209;41m██[38;2;247;209;41m██[38;2;247;209;41m██[38;2;0;0;0m██[38;2;255;255;255m██[38;2;0;0;0m██[38;2;0;0;0m██[38;2;247;209;41m██[38;2;222;179;41m██[38;2;0;0;0m██  
  [38;2;0;0;0m██[38;2;189;142;49m██[38;2;189;142;49m██[38;2;247;209;41m██[38;2;0;0;0m██[38;2;65;65;65m██[38;2;115;115;115m██[38;2;0;0;0m██[38;2;247;209;41m██[38;2;222;179;41m██[38;2;0;0;0m██  
  [38;2;0;0;0m██[38;2;222;179;41m██[38;2;115;74;33m██[38;2;189;142;49m██[38;2;189;142;49m██[38;2;0;0;0m██[38;2;0;0;0m██[38;2;247;209;41m██[38;2;189;142;49m██[38;2;115;74;33m██[38;2;0;0;0m██  
    [38;2;0;0;0m██[38;2;115;74;33m██[38;2;222;179;41m██[38;2;222;179;41m██[38;2;115;74;33m██[38;2;115;74;33m██[38;2;189;142;49m██[38;2;115;74;33m██[38;2;0;0;0m██    
      [38;2;0;0;0m██[38;2;0;0;0m██[38;2;189;142;49m██[38;2;189;142;49m██[38;2;115;74;33m██[38;2;0;0;0m██[38;2;0;0;0m██      
          [38;2;0;0;0m██[38;2;0;0;0m██[38;2;0;0;0m██          
