                        [38;2;0;0;0m██[38;2;0;0;0m██                  
                      [38;2;0;0;0m██[38;2;255;219;115m██[38;2;0;0;0m██                  
                    [38;2;0;0;0m██[38;2;255;219;115m██[38;2;0;0;0m██                    
                    [38;2;0;0;0m██[38;2;255;219;115m██[38;2;0;0;0m██                    
                [38;2;0;0;0m██[38;2;0;0;0m██[38;2;255;219;115m██[38;2;65;65;65m██[38;2;0;0;0m██                    
            [38;2;0;0;0m██[38;2;0;0;0m██[38;2;229;171;4m██[38;2;255;219;115m██[38;2;255;219;115m██[38;2;255;219;115m██[38;2;229;171;4m██[38;2;0;0;0m██[38;2;0;0;0m██                
          [38;2;0;0;0m██[38;2;58;69;103m██[38;2;229;171;4m██[38;2;255;219;115m██[38;2;255;219;115m██[38;2;229;171;4m██[38;2;255;219;115m██[38;2;255;219;115m██[38;2;229;171;4m██[38;2;58;69;103m██[38;2;0;0;0m██              
          [38;2;0;0;0m██[38;2;99;110;152m██[38;2;136;151;214m██[38;2;229;171;4m██[38;2;229;171;4m██[38;2;229;171;4m██[38;2;229;171;4m██[38;2;229;171;4m██[38;2;136;151;214m██[38;2;99;110;152m██[38;2;0;0;0m██              
        [38;2;0;0;0m██[38;2;255;255;255m██[38;2;136;151;214m██[38;2;136;151;214m██[38;2;136;151;214m██[38;2;136;151;214m██[38;2;136;151;214m██[38;2;136;151;214m██[38;2;136;151;214m██[38;2;136;151;214m██[38;2;136;151;214m██[38;2;99;110;152m██[38;2;0;0;0m██            
        [38;2;0;0;0m██[38;2;0;0;0m██[38;2;136;151;214m██[38;2;136;151;214m██[38;2;136;151;214m██[38;2;136;151;214m██[38;2;255;255;255m██[38;2;0;0;0m██[38;2;136;151;214m██[38;2;136;151;214m██[38;2;136;151;214m██[38;2;99;110;152m██[38;2;0;0;0m██[38;2;0;0;0m██          
      [38;2;0;0;0m██[38;2;65;65;65m██[38;2;247;115;140m██[38;2;136;151;214m██[38;2;136;151;214m██[38;2;136;151;214m██[38;2;136;151;214m██[38;2;0;0;0m██[38;2;0;0;0m██[38;2;247;115;140m██[38;2;136;151;214m██[38;2;136;151;214m██[38;2;99;110;152m██[38;2;58;69;103m██[38;2;99;110;152m██[38;2;0;0;0m██[38;2;0;0;0m██      
    [38;2;0;0;0m██[38;2;99;110;152m██[38;2;99;110;152m██[38;2;0;0;0m██[38;2;99;110;152m██[38;2;136;151;214m██[38;2;136;151;214m██[38;2;136;151;214m██[38;2;247;115;140m██[38;2;247;115;140m██[38;2;136;151;214m██[38;2;136;151;214m██[38;2;99;110;152m██[38;2;58;69;103m██[38;2;0;0;0m██[38;2;0;0;0m██[38;2;99;110;152m██[38;2;99;110;152m██[38;2;0;0;0m██    
  [38;2;0;0;0m██[38;2;136;151;214m██[38;2;0;0;0m██[38;2;0;0;0m██  [38;2;0;0;0m██[38;2;0;0;0m██[38;2;99;110;152m██[38;2;99;110;152m██[38;2;99;110;152m██[38;2;99;110;152m██[38;2;58;69;103m██[38;2;99;110;152m██[38;2;58;69;103m██[38;2;0;0;0m██    [38;2;0;0;0m██[38;2;0;0;0m██[38;2;99;110;152m██[38;2;0;0;0m██  
[38;2;0;0;0m██[38;2;136;151;214m██[38;2;0;0;0m██          [38;2;0;0;0m██[38;2;0;0;0m██[38;2;0;0;0m██[38;2;0;0;0m██[38;2;0;0;0m██[38;2;58;69;103m██[38;2;99;110;152m██[38;2;0;0;0m██        [38;2;0;0;0m██[38;2;99;110;152m██[38;2;0;0;0m██
[38;2;0;0;0m██[38;2;0;0;0m██                      [38;2;0;0;0m██[38;2;58;69;103m██[38;2;99;110;152m██[38;2;0;0;0m██        [38;2;0;0;0m██[38;2;0;0;0m██
                            [38;2;0;0;0m██[38;2;136;151;214m██[38;2;0;0;0m██            
                              [38;2;0;0;0m██[38;2;136;151;214m██[38;2;0;0;0m██          
                              [38;2;0;0;0m██[38;2;136;151;214m██[38;2;0;0;0m██          
                                [38;2;0;0;0m██            
