                        [38;2;0;0;0m██[38;2;0;0;0m██        
                      [38;2;0;0;0m██[38;2;13;170;107m██[38;2;0;0;0m██    [38;2;0;0;0m██[38;2;0;0;0m██
      [38;2;0;0;0m██[38;2;0;0;0m██[38;2;0;0;0m██[38;2;0;0;0m██[38;2;0;0;0m██      [38;2;0;0;0m██[38;2;13;170;107m██[38;2;0;0;0m██  [38;2;0;0;0m██[38;2;13;170;107m██[38;2;0;0;0m██
    [38;2;0;0;0m██[38;2;13;170;107m██[38;2;252;116;17m██[38;2;13;170;107m██[38;2;13;170;107m██[38;2;13;170;107m██[38;2;0;0;0m██  [38;2;0;0;0m██[38;2;13;170;107m██[38;2;0;0;0m██  [38;2;0;0;0m██[38;2;13;170;107m██[38;2;0;0;0m██  
  [38;2;0;0;0m██[38;2;13;170;107m██[38;2;252;116;17m██[38;2;252;116;17m██[38;2;13;170;107m██[38;2;13;170;107m██[38;2;13;170;107m██[38;2;13;170;107m██[38;2;0;0;0m██[38;2;0;0;0m██[38;2;13;170;107m██[38;2;0;0;0m██[38;2;0;0;0m██[38;2;13;170;107m██[38;2;1;136;82m██[38;2;0;0;0m██  
  [38;2;0;0;0m██[38;2;252;116;17m██[38;2;252;116;17m██[38;2;252;116;17m██[38;2;252;116;17m██[38;2;186;79;1m██[38;2;255;255;255m██[38;2;13;170;107m██[38;2;13;170;107m██[38;2;1;136;82m██[38;2;13;170;107m██[38;2;13;170;107m██[38;2;13;170;107m██[38;2;1;136;82m██[38;2;0;0;0m██    
  [38;2;0;0;0m██[38;2;255;206;66m██[38;2;255;206;66m██[38;2;252;116;17m██[38;2;255;255;255m██[38;2;0;0;0m██[38;2;255;255;255m██[38;2;13;170;107m██[38;2;13;170;107m██[38;2;65;65;65m██[38;2;65;65;65m██[38;2;13;170;107m██[38;2;1;136;82m██[38;2;0;0;0m██      
[38;2;0;0;0m██[38;2;255;206;66m██[38;2;255;206;66m██[38;2;255;206;66m██[38;2;255;206;66m██[38;2;0;0;0m██[38;2;0;0;0m██[38;2;165;173;247m██[38;2;13;170;107m██[38;2;65;65;65m██[38;2;13;170;107m██[38;2;13;170;107m██[38;2;65;65;65m██[38;2;0;0;0m██        
  [38;2;0;0;0m██[38;2;186;79;1m██[38;2;255;156;90m██[38;2;255;206;66m██[38;2;255;206;66m██[38;2;255;156;90m██[38;2;13;170;107m██[38;2;65;65;65m██[38;2;13;170;107m██[38;2;13;170;107m██[38;2;13;170;107m██[38;2;13;170;107m██[38;2;13;170;107m██[38;2;0;0;0m██[38;2;0;0;0m██[38;2;0;0;0m██  
    [38;2;0;0;0m██[38;2;252;116;17m██[38;2;252;116;17m██[38;2;252;116;17m██[38;2;255;255;255m██[38;2;255;255;255m██[38;2;65;65;65m██[38;2;13;170;107m██[38;2;13;170;107m██[38;2;13;170;107m██[38;2;13;170;107m██[38;2;13;170;107m██[38;2;13;170;107m██[38;2;13;170;107m██[38;2;13;170;107m██[38;2;0;0;0m██
    [38;2;0;0;0m██[38;2;186;79;1m██[38;2;252;116;17m██[38;2;255;255;255m██[38;2;255;255;255m██[38;2;255;255;255m██[38;2;165;173;247m██[38;2;65;65;65m██[38;2;13;170;107m██[38;2;13;170;107m██[38;2;13;170;107m██[38;2;13;170;107m██[38;2;0;0;0m██[38;2;0;0;0m██[38;2;0;0;0m██  
      [38;2;0;0;0m██[38;2;165;173;247m██[38;2;255;255;255m██[38;2;255;255;255m██[38;2;255;255;255m██[38;2;255;255;255m██[38;2;65;65;65m██[38;2;1;136;82m██[38;2;65;65;65m██[38;2;0;0;0m██[38;2;0;0;0m██        
        [38;2;0;0;0m██[38;2;0;0;0m██[38;2;255;255;255m██[38;2;255;255;255m██[38;2;65;65;65m██[38;2;13;170;107m██[38;2;0;0;0m██[38;2;0;0;0m██            
            [38;2;0;0;0m██[38;2;0;0;0m██[38;2;0;0;0m██[38;2;255;206;66m██[38;2;0;0;0m██              
                  [38;2;0;0;0m██                
