                                              [38;2;0;0;0m██[38;2;0;0;0m██[38;2;0;0;0m██[38;2;0;0;0m██                            
                                      [38;2;0;0;0m██[38;2;0;0;0m██[38;2;0;0;0m██[38;2;0;0;0m██[38;2;160;177;251m██[38;2;160;177;251m██[38;2;160;177;251m██[38;2;160;177;251m██[38;2;0;0;0m██[38;2;0;0;0m██                        
                                  [38;2;0;0;0m██[38;2;24;0;0m██[38;2;54;212;169m██[38;2;56;214;171m██[38;2;82;60;57m██[38;2;160;177;251m██[38;2;160;177;251m██[38;2;160;177;251m██[38;2;160;177;251m██[38;2;65;52;57m██[38;2;15;173;130m██[38;2;0;158;115m██[38;2;0;0;0m██[38;2;0;0;0m██                    
                                [38;2;0;0;0m██[38;2;61;219;176m██[38;2;188;255;238m██[38;2;188;255;238m██[38;2;82;60;57m██[38;2;161;178;252m██[38;2;195;206;255m██[38;2;195;206;255m██[38;2;160;177;251m██[38;2;65;64;65m██[38;2;45;203;160m██[38;2;15;173;130m██[38;2;0;158;115m██[38;2;0;158;115m██[38;2;0;158;115m██[38;2;0;0;0m██                  
                              [38;2;0;0;0m██[38;2;2;160;117m██[38;2;137;255;223m██[38;2;146;255;226m██[38;2;146;255;226m██[38;2;65;64;65m██[38;2;185;198;255m██[38;2;195;206;255m██[38;2;195;206;255m██[38;2;65;64;65m██[38;2;200;255;241m██[38;2;146;255;226m██[38;2;71;229;186m██[38;2;1;159;116m██[38;2;1;159;116m██[38;2;2;160;117m██[38;2;2;160;117m██[38;2;0;0;0m██                
                            [38;2;0;0;0m██[38;2;0;158;115m██[38;2;2;160;117m██[38;2;56;214;171m██[38;2;146;255;226m██[38;2;65;64;65m██[38;2;185;198;255m██[38;2;185;198;255m██[38;2;195;206;255m██[38;2;160;177;251m██[38;2;65;64;65m██[38;2;200;255;241m██[38;2;146;255;226m██[38;2;146;255;226m██[38;2;61;219;176m██[38;2;1;159;116m██[38;2;2;160;117m██[38;2;2;160;117m██[38;2;0;158;115m██[38;2;0;0;0m██              
                            [38;2;0;0;0m██[38;2;0;158;115m██[38;2;2;160;117m██[38;2;2;160;117m██[38;2;65;64;65m██[38;2;160;177;251m██[38;2;160;177;251m██[38;2;160;177;251m██[38;2;160;177;251m██[38;2;65;64;65m██[38;2;146;255;226m██[38;2;146;255;226m██[38;2;146;255;226m██[38;2;146;255;226m██[38;2;61;219;176m██[38;2;1;159;116m██[38;2;2;160;117m██[38;2;2;160;117m██[38;2;0;158;115m██[38;2;0;0;0m██              
                          [38;2;0;0;0m██[38;2;0;158;115m██[38;2;0;158;115m██[38;2;2;160;117m██[38;2;2;160;117m██[38;2;65;64;65m██[38;2;160;177;251m██[38;2;160;177;251m██[38;2;160;177;251m██[38;2;160;177;251m██[38;2;65;64;65m██[38;2;61;219;176m██[38;2;146;255;226m██[38;2;146;255;226m██[38;2;61;219;176m██[38;2;61;219;176m██[38;2;1;159;116m██[38;2;2;160;117m██[38;2;2;160;117m██[38;2;0;158;115m██[38;2;0;158;115m██[38;2;0;0;0m██            
                        [38;2;16;0;0m██[38;2;60;74;82m██[38;2;2;160;117m██[38;2;32;190;147m██[38;2;64;222;179m██[38;2;49;72;90m██[38;2;160;177;251m██[38;2;160;177;251m██[38;2;160;177;251m██[38;2;160;177;251m██[38;2;95;112;186m██[38;2;65;64;65m██[38;2;1;159;116m██[38;2;61;219;176m██[38;2;61;219;176m██[38;2;61;219;176m██[38;2;1;159;116m██[38;2;35;193;150m██[38;2;35;193;150m██[38;2;1;159;116m██[38;2;2;160;117m██[38;2;2;160;117m██[38;2;0;0;0m██            
                    [38;2;0;0;0m██[38;2;0;0;0m██[38;2;159;176;250m██[38;2;60;74;82m██[38;2;61;219;176m██[38;2;61;219;176m██[38;2;49;72;90m██[38;2;61;78;152m██[38;2;160;177;251m██[38;2;160;177;251m██[38;2;160;177;251m██[38;2;160;177;251m██[38;2;95;112;186m██[38;2;65;64;65m██[38;2;1;159;116m██[38;2;1;159;116m██[38;2;1;159;116m██[38;2;1;159;116m██[38;2;1;159;116m██[38;2;35;193;150m██[38;2;35;193;150m██[38;2;1;159;116m██[38;2;2;160;117m██[38;2;2;160;117m██[38;2;65;64;65m██[38;2;0;0;0m██          
                  [38;2;0;0;0m██[38;2;160;177;251m██[38;2;160;177;251m██[38;2;160;177;251m██[38;2;160;177;251m██[38;2;65;64;65m██[38;2;65;64;65m██[38;2;160;177;251m██[38;2;70;87;161m██[38;2;160;177;251m██[38;2;160;177;251m██[38;2;160;177;251m██[38;2;160;177;251m██[38;2;98;115;189m██[38;2;158;175;249m██[38;2;65;64;65m██[38;2;1;159;116m██[38;2;2;160;117m██[38;2;2;160;117m██[38;2;2;160;117m██[38;2;2;160;117m██[38;2;2;160;117m██[38;2;2;160;117m██[38;2;20;178;135m██[38;2;65;60;65m██[38;2;160;177;251m██[38;2;96;113;187m██[38;2;0;0;0m██[38;2;0;0;0m██      
                [38;2;0;0;0m██[38;2;160;177;251m██[38;2;160;177;251m██[38;2;160;177;251m██[38;2;160;177;251m██[38;2;160;177;251m██[38;2;160;177;251m██[38;2;160;177;251m██[38;2;160;177;251m██[38;2;70;87;161m██[38;2;70;87;161m██[38;2;70;87;161m██[38;2;160;177;251m██[38;2;160;177;251m██[38;2;70;87;161m██[38;2;70;87;161m██[38;2;65;64;65m██[38;2;1;159;116m██[38;2;2;160;117m██[38;2;2;160;117m██[38;2;2;160;117m██[38;2;2;160;117m██[38;2;37;195;152m██[38;2;56;214;171m██[38;2;51;209;166m██[38;2;65;60;65m██[38;2;160;177;251m██[38;2;96;113;187m██[38;2;160;177;251m██[38;2;160;177;251m██[38;2;0;0;0m██[38;2;0;0;0m██  
                [38;2;0;0;0m██[38;2;70;87;161m██[38;2;160;177;251m██[38;2;160;177;251m██[38;2;160;177;251m██[38;2;160;177;251m██[38;2;160;177;251m██[38;2;160;177;251m██[38;2;67;84;158m██[38;2;233;255;249m██[38;2;71;229;186m██[38;2;25;183;140m██[38;2;57;60;74m██[38;2;86;103;177m██[38;2;160;177;251m██[38;2;96;113;187m██[38;2;155;172;246m██[38;2;57;60;74m██[38;2;1;159;116m██[38;2;1;159;116m██[38;2;2;160;117m██[38;2;61;219;176m██[38;2;61;219;176m██[38;2;61;219;176m██[38;2;65;64;65m██[38;2;160;177;251m██[38;2;160;177;251m██[38;2;160;177;251m██[38;2;160;177;251m██[38;2;160;177;251m██[38;2;158;175;249m██[38;2;70;87;161m██[38;2;0;0;0m██
                  [38;2;0;0;0m██[38;2;70;87;161m██[38;2;70;87;161m██[38;2;160;177;251m██[38;2;160;177;251m██[38;2;160;177;251m██[38;2;160;177;251m██[38;2;67;84;158m██[38;2;75;233;190m██[38;2;25;183;140m██[38;2;25;183;140m██[38;2;57;60;74m██[38;2;150;167;241m██[38;2;160;177;251m██[38;2;160;177;251m██[38;2;110;127;201m██[38;2;155;172;246m██[38;2;65;64;65m██[38;2;65;64;65m██[38;2;32;190;147m██[38;2;61;219;176m██[38;2;61;219;176m██[38;2;65;64;65m██[38;2;160;177;251m██[38;2;160;177;251m██[38;2;96;113;187m██[38;2;160;177;251m██[38;2;160;177;251m██[38;2;160;177;251m██[38;2;70;87;161m██[38;2;98;115;189m██[38;2;0;0;0m██
                  [38;2;0;0;0m██[38;2;95;112;186m██[38;2;95;112;186m██[38;2;95;112;186m██[38;2;164;181;255m██[38;2;160;177;251m██[38;2;160;177;251m██[38;2;92;109;183m██[38;2;1;119;87m██[38;2;33;191;148m██[38;2;8;166;123m██[38;2;65;64;65m██[38;2;160;177;251m██[38;2;160;177;251m██[38;2;160;177;251m██[38;2;160;177;251m██[38;2;160;177;251m██[38;2;160;177;251m██[38;2;160;177;251m██[38;2;65;64;65m██[38;2;65;64;65m██[38;2;65;64;65m██[38;2;160;177;251m██[38;2;160;177;251m██[38;2;96;113;187m██[38;2;160;177;251m██[38;2;160;177;251m██[38;2;141;158;232m██[38;2;82;99;173m██[38;2;95;112;186m██[38;2;0;0;0m██  
                    [38;2;0;0;0m██[38;2;0;0;0m██[38;2;0;0;8m██[38;2;164;181;255m██[38;2;160;177;251m██[38;2;160;177;251m██[38;2;145;162;236m██[38;2;65;60;65m██[38;2;65;60;65m██[38;2;65;60;65m██[38;2;160;177;251m██[38;2;160;177;251m██[38;2;160;177;251m██[38;2;160;177;251m██[38;2;160;177;251m██[38;2;160;177;251m██[38;2;160;177;251m██[38;2;160;177;251m██[38;2;160;177;251m██[38;2;160;177;251m██[38;2;160;177;251m██[38;2;160;177;251m██[38;2;160;177;251m██[38;2;160;177;251m██[38;2;160;177;251m██[38;2;70;87;161m██[38;2;82;99;173m██[38;2;0;0;8m██[38;2;0;0;0m██    
                          [38;2;0;0;0m██[38;2;172;188;255m██[38;2;172;188;255m██[38;2;160;177;251m██[38;2;70;87;161m██[38;2;160;177;251m██[38;2;160;177;251m██[38;2;160;177;251m██[38;2;160;177;251m██[38;2;160;177;251m██[38;2;160;177;251m██[38;2;160;177;251m██[38;2;160;177;251m██[38;2;160;177;251m██[38;2;160;177;251m██[38;2;160;177;251m██[38;2;160;177;251m██[38;2;195;206;255m██[38;2;67;84;158m██[38;2;70;87;161m██[38;2;70;87;161m██[38;2;89;106;180m██[38;2;89;106;180m██[38;2;0;0;0m██        
                            [38;2;0;0;0m██[38;2;172;188;255m██[38;2;70;87;161m██[38;2;160;177;251m██[38;2;160;177;251m██[38;2;160;177;251m██[38;2;195;206;255m██[38;2;195;206;255m██[38;2;96;113;187m██[38;2;96;113;187m██[38;2;160;177;251m██[38;2;195;206;255m██[38;2;160;177;251m██[38;2;160;177;251m██[38;2;195;206;255m██[38;2;195;206;255m██[38;2;67;84;158m██[38;2;104;121;195m██[38;2;96;113;187m██[38;2;96;113;187m██[38;2;89;106;180m██[38;2;0;0;0m██          
                          [38;2;0;0;0m██[38;2;63;70;74m██[38;2;157;174;248m██[38;2;70;87;161m██[38;2;160;177;251m██[38;2;160;177;251m██[38;2;160;177;251m██[38;2;95;112;186m██[38;2;95;112;186m██[38;2;104;121;195m██[38;2;57;64;74m██[38;2;65;64;65m██[38;2;157;174;248m██[38;2;195;206;255m██[38;2;195;206;255m██[38;2;71;88;162m██[38;2;71;88;162m██[38;2;95;112;186m██[38;2;16;8;0m██[38;2;0;0;0m██[38;2;0;0;0m██[38;2;0;0;0m██            
                        [38;2;0;0;0m██[38;2;181;149;106m██[38;2;237;230;216m██[38;2;8;0;0m██[38;2;70;87;161m██[38;2;160;177;251m██[38;2;96;113;187m██[38;2;96;113;187m██[38;2;65;64;65m██[38;2;65;64;65m██[38;2;57;64;74m██[38;2;175;187;224m██[38;2;187;200;237m██[38;2;65;64;65m██[38;2;95;112;186m██[38;2;95;112;186m██[38;2;93;110;184m██[38;2;65;60;74m██[38;2;38;56;68m██[38;2;95;112;186m██[38;2;0;0;0m██                
                    [38;2;0;0;0m██[38;2;0;0;0m██[38;2;182;150;107m██[38;2;182;150;107m██[38;2;65;64;65m██[38;2;65;64;65m██[38;2;95;112;186m██[38;2;95;112;186m██[38;2;65;64;65m██[38;2;65;64;65m██[38;2;197;194;189m██[38;2;197;194;189m██[38;2;8;8;8m██[38;2;172;172;172m██[38;2;255;250;246m██[38;2;197;196;200m██[38;2;65;64;65m██[38;2;65;64;65m██[38;2;65;64;65m██[38;2;65;64;65m██[38;2;93;110;184m██[38;2;71;88;162m██[38;2;95;112;186m██[38;2;0;0;0m██              
            [38;2;0;0;0m██[38;2;0;0;0m██[38;2;0;0;0m██[38;2;0;0;0m██[38;2;65;64;54m██[38;2;181;149;106m██[38;2;182;150;107m██[38;2;65;64;65m██[38;2;65;64;65m██[38;2;182;150;107m██[38;2;65;64;65m██[38;2;65;64;65m██[38;2;95;112;186m██[38;2;65;64;65m██[38;2;79;87;109m██[38;2;197;194;189m██[38;2;255;255;255m██[38;2;255;255;255m██[38;2;83;89;107m██[38;2;83;89;107m██[38;2;82;88;107m██[38;2;65;64;65m██[38;2;65;64;65m██[38;2;182;150;107m██[38;2;65;60;74m██[38;2;71;88;162m██[38;2;95;112;186m██[38;2;0;0;0m██              
        [38;2;0;0;0m██[38;2;0;0;0m██[38;2;206;188;154m██[38;2;206;188;154m██[38;2;210;189;156m██[38;2;210;189;156m██[38;2;219;187;144m██[38;2;65;64;65m██[38;2;65;64;65m██[38;2;182;150;107m██[38;2;182;150;107m██[38;2;65;64;65m██[38;2;65;64;65m██[38;2;160;177;251m██[38;2;96;113;187m██[38;2;96;113;187m██[38;2;65;64;65m██[38;2;79;89;120m██[38;2;82;88;107m██[38;2;65;64;65m██[38;2;65;64;74m██[38;2;87;87;87m██[38;2;65;64;65m██[38;2;182;150;107m██[38;2;182;150;107m██[38;2;65;64;65m██[38;2;182;150;107m██[38;2;65;64;65m██[38;2;100;117;191m██[38;2;8;4;0m██              
      [38;2;0;0;0m██[38;2;206;188;154m██[38;2;206;188;154m██[38;2;206;188;154m██[38;2;0;0;0m██[38;2;0;4;8m██[38;2;57;55;52m██[38;2;181;149;106m██[38;2;181;149;106m██[38;2;182;150;107m██[38;2;65;64;65m██[38;2;65;64;65m██[38;2;182;150;107m██[38;2;65;64;65m██[38;2;160;177;251m██[38;2;96;113;187m██[38;2;96;113;187m██[38;2;95;112;186m██[38;2;65;64;65m██[38;2;82;88;107m██[38;2;65;64;65m██[38;2;182;150;107m██[38;2;65;64;74m██[38;2;182;150;107m██[38;2;65;64;65m██[38;2;182;150;107m██[38;2;182;150;107m██[38;2;65;64;65m██[38;2;182;150;107m██[38;2;35;55;68m██[38;2;8;4;0m██              
    [38;2;0;0;0m██[38;2;248;226;204m██[38;2;206;188;154m██[38;2;206;188;154m██[38;2;0;0;0m██  [38;2;0;0;0m██[38;2;182;150;107m██[38;2;65;64;65m██[38;2;65;64;65m██[38;2;65;64;65m██[38;2;182;150;107m██[38;2;182;150;107m██[38;2;65;64;65m██[38;2;57;60;74m██[38;2;155;172;246m██[38;2;95;112;186m██[38;2;95;112;186m██[38;2;65;64;65m██[38;2;0;0;0m██[38;2;0;0;0m██[38;2;0;0;0m██[38;2;182;150;107m██[38;2;65;66;57m██[38;2;182;150;107m██[38;2;182;150;107m██[38;2;65;64;65m██[38;2;167;152;122m██[38;2;206;188;154m██[38;2;65;64;65m██[38;2;206;188;154m██[38;2;65;64;65m██[38;2;0;0;0m██            
  [38;2;0;0;0m██[38;2;248;226;204m██[38;2;248;226;204m██[38;2;206;188;154m██[38;2;0;0;0m██  [38;2;0;0;0m██[38;2;182;150;107m██[38;2;182;150;107m██[38;2;182;150;107m██[38;2;65;64;65m██[38;2;182;150;107m██[38;2;182;150;107m██[38;2;65;64;65m██[38;2;65;64;65m██[38;2;155;172;246m██[38;2;110;127;201m██[38;2;95;112;186m██[38;2;65;64;65m██[38;2;0;0;0m██      [38;2;0;0;8m██[38;2;182;150;107m██[38;2;65;64;65m██[38;2;182;150;107m██[38;2;211;190;146m██[38;2;65;64;65m██[38;2;206;188;154m██[38;2;206;188;154m██[38;2;65;64;65m██[38;2;206;188;154m██[38;2;210;189;156m██[38;2;0;0;0m██          
  [38;2;0;0;0m██[38;2;248;226;204m██[38;2;210;186;153m██[38;2;0;0;0m██    [38;2;0;0;0m██[38;2;181;149;106m██[38;2;181;149;106m██[38;2;65;64;65m██[38;2;182;150;107m██[38;2;182;150;107m██[38;2;65;64;65m██[38;2;182;150;107m██[38;2;65;64;65m██[38;2;160;177;251m██[38;2;96;113;187m██[38;2;95;112;186m██[38;2;0;0;0m██        [38;2;0;0;0m██[38;2;182;150;107m██[38;2;65;64;65m██[38;2;0;0;0m██[38;2;206;188;154m██[38;2;206;188;154m██[38;2;65;64;65m██[38;2;206;188;154m██[38;2;65;64;65m██[38;2;65;64;65m██[38;2;206;188;154m██[38;2;206;188;154m██[38;2;0;0;0m██        
[38;2;0;0;0m██[38;2;210;189;156m██[38;2;210;186;153m██[38;2;210;186;153m██[38;2;0;0;0m██    [38;2;0;0;0m██[38;2;181;149;106m██[38;2;181;149;106m██[38;2;65;64;65m██[38;2;182;150;107m██[38;2;182;150;107m██[38;2;65;64;65m██[38;2;182;150;107m██[38;2;65;64;65m██[38;2;160;177;251m██[38;2;160;177;251m██[38;2;0;0;0m██        [38;2;0;0;0m██[38;2;182;150;107m██[38;2;182;150;107m██[38;2;0;0;0m██  [38;2;0;0;0m██[38;2;206;188;154m██[38;2;65;64;65m██[38;2;206;188;154m██[38;2;206;188;154m██[38;2;65;64;65m██[38;2;65;64;65m██[38;2;206;188;154m██[38;2;181;149;106m██[38;2;0;0;0m██      
[38;2;0;0;0m██[38;2;210;189;156m██[38;2;210;189;156m██[38;2;0;0;0m██        [38;2;0;0;0m██[38;2;182;150;107m██[38;2;182;150;107m██[38;2;65;66;57m██[38;2;181;149;106m██[38;2;0;0;0m██[38;2;0;0;0m██[38;2;65;64;65m██[38;2;96;113;187m██[38;2;160;177;251m██[38;2;0;0;0m██      [38;2;0;0;0m██[38;2;206;188;154m██[38;2;164;132;89m██[38;2;0;4;0m██    [38;2;0;0;0m██[38;2;210;189;156m██[38;2;206;188;154m██[38;2;65;64;65m██[38;2;206;188;154m██[38;2;65;64;65m██[38;2;65;64;65m██[38;2;206;188;154m██[38;2;206;188;154m██[38;2;0;0;0m██      
  [38;2;0;0;0m██[38;2;0;0;0m██          [38;2;0;0;0m██[38;2;182;150;107m██[38;2;182;150;107m██[38;2;0;0;8m██[38;2;0;0;0m██    [38;2;0;0;0m██[38;2;96;113;187m██[38;2;96;113;187m██[38;2;0;0;0m██    [38;2;0;0;0m██[38;2;206;188;154m██[38;2;206;188;154m██[38;2;220;208;155m██[38;2;0;4;0m██      [38;2;0;0;0m██[38;2;206;188;154m██[38;2;65;64;65m██[38;2;206;188;154m██[38;2;206;188;154m██[38;2;65;64;65m██[38;2;65;64;65m██[38;2;206;188;154m██[38;2;206;188;154m██[38;2;0;0;0m██    
                  [38;2;0;0;0m██[38;2;0;0;0m██          [38;2;0;0;0m██[38;2;95;112;186m██[38;2;0;0;0m██    [38;2;0;0;0m██[38;2;210;189;153m██[38;2;210;189;153m██[38;2;210;189;156m██[38;2;0;0;0m██      [38;2;0;0;0m██[38;2;210;189;153m██[38;2;210;189;153m██[38;2;65;64;65m██[38;2;206;188;154m██[38;2;65;64;65m██[38;2;0;0;0m██[38;2;164;132;89m██[38;2;220;208;155m██[38;2;0;0;0m██    
                                  [38;2;0;0;0m██    [38;2;0;0;0m██[38;2;210;189;156m██[38;2;210;189;153m██[38;2;210;189;153m██[38;2;0;0;0m██        [38;2;0;0;0m██[38;2;210;189;153m██[38;2;210;189;153m██[38;2;65;64;65m██[38;2;206;188;154m██[38;2;0;0;0m██  [38;2;0;4;0m██[38;2;0;4;0m██      
                                        [38;2;0;0;0m██[38;2;248;226;204m██[38;2;210;189;153m██[38;2;210;189;153m██[38;2;0;0;0m██        [38;2;0;0;0m██[38;2;206;188;154m██[38;2;206;188;154m██[38;2;65;64;54m██[38;2;0;0;0m██              
                                        [38;2;0;0;0m██[38;2;248;226;204m██[38;2;210;189;153m██[38;2;210;189;153m██[38;2;0;0;0m██      [38;2;0;0;0m██[38;2;210;189;156m██[38;2;206;188;154m██[38;2;65;64;65m██[38;2;181;149;106m██[38;2;0;0;0m██              
                                        [38;2;0;0;0m██[38;2;206;188;154m██[38;2;210;189;153m██[38;2;210;189;153m██[38;2;0;0;0m██      [38;2;0;0;0m██[38;2;206;188;154m██[38;2;220;208;155m██[38;2;65;62;52m██[38;2;0;0;0m██                
                                        [38;2;0;0;0m██[38;2;206;188;154m██[38;2;210;189;153m██[38;2;210;189;153m██[38;2;0;0;0m██      [38;2;0;0;0m██[38;2;206;188;154m██[38;2;167;135;92m██[38;2;8;8;8m██                  
                                        [38;2;0;0;0m██[38;2;94;97;94m██[38;2;199;184;156m██[38;2;132;122;105m██[38;2;0;0;0m██        [38;2;0;0;0m██[38;2;0;0;0m██                    
                                          [38;2;0;0;0m██[38;2;0;0;0m██[38;2;0;0;0m██                                  
