      [38;2;0;0;0m██    [38;2;0;0;0m██[38;2;0;0;0m██                  
    [38;2;0;0;0m██[38;2;255;255;255m██[38;2;0;0;0m██[38;2;0;0;0m██[38;2;255;255;255m██[38;2;0;0;0m██                  
    [38;2;0;0;0m██[38;2;255;255;255m██[38;2;65;65;65m██[38;2;255;255;255m██[38;2;255;255;255m██[38;2;0;0;0m██  [38;2;0;0;0m██[38;2;0;0;0m██[38;2;0;0;0m██          
  [38;2;0;0;0m██[38;2;255;255;255m██[38;2;150;132;106m██[38;2;255;255;255m██[38;2;255;255;255m██[38;2;255;255;255m██[38;2;65;65;65m██[38;2;0;0;0m██[38;2;255;255;255m██[38;2;255;255;255m██[38;2;0;0;0m██          
  [38;2;0;0;0m██[38;2;255;255;255m██[38;2;255;255;255m██[38;2;255;255;255m██[38;2;255;255;255m██[38;2;255;255;255m██[38;2;65;65;65m██[38;2;255;255;255m██[38;2;255;255;255m██[38;2;255;255;255m██[38;2;0;0;0m██          
[38;2;0;0;0m██[38;2;196;178;152m██[38;2;255;255;255m██[38;2;255;255;255m██[38;2;237;219;193m██[38;2;196;178;152m██[38;2;255;255;255m██[38;2;255;255;255m██[38;2;255;255;255m██[38;2;255;255;255m██[38;2;196;178;152m██[38;2;0;0;0m██          
[38;2;0;0;0m██[38;2;0;0;0m██[38;2;255;255;255m██[38;2;255;255;255m██[38;2;255;255;255m██[38;2;255;255;255m██[38;2;255;255;255m██[38;2;255;255;255m██[38;2;255;255;255m██[38;2;255;255;255m██[38;2;0;0;0m██    [38;2;0;0;0m██[38;2;0;0;0m██[38;2;0;0;0m██  
[38;2;0;0;0m██[38;2;255;255;255m██[38;2;255;255;255m██[38;2;255;255;255m██[38;2;196;178;152m██[38;2;255;255;255m██[38;2;255;255;255m██[38;2;255;255;255m██[38;2;255;255;255m██[38;2;196;178;152m██[38;2;0;0;0m██  [38;2;0;0;0m██[38;2;255;255;255m██[38;2;255;255;255m██[38;2;237;219;193m██[38;2;0;0;0m██
[38;2;0;0;0m██[38;2;255;255;255m██[38;2;255;255;255m██[38;2;255;255;255m██[38;2;0;0;0m██[38;2;255;255;255m██[38;2;255;255;255m██[38;2;255;255;255m██[38;2;237;219;193m██[38;2;0;0;0m██  [38;2;0;0;0m██[38;2;255;255;255m██[38;2;255;255;255m██[38;2;237;219;193m██[38;2;237;219;193m██[38;2;0;0;0m██
  [38;2;0;0;0m██[38;2;255;255;255m██[38;2;255;255;255m██[38;2;255;255;255m██[38;2;255;255;255m██[38;2;255;255;255m██[38;2;196;178;152m██[38;2;65;65;65m██[38;2;0;0;0m██  [38;2;0;0;0m██[38;2;255;255;255m██[38;2;150;132;106m██[38;2;196;178;152m██[38;2;0;0;0m██  
    [38;2;0;0;0m██[38;2;0;0;0m██[38;2;255;82;148m██[38;2;196;178;152m██[38;2;150;132;106m██[38;2;150;132;106m██[38;2;237;219;193m██[38;2;0;0;0m██[38;2;0;0;0m██[38;2;255;255;255m██[38;2;65;65;65m██[38;2;196;178;152m██[38;2;0;0;0m██    
        [38;2;0;0;0m██[38;2;65;65;65m██[38;2;65;65;65m██[38;2;196;178;152m██[38;2;237;219;193m██[38;2;237;219;193m██[38;2;150;132;106m██[38;2;65;65;65m██[38;2;150;132;106m██[38;2;0;0;0m██      
        [38;2;0;0;0m██[38;2;237;219;193m██[38;2;65;65;65m██[38;2;237;219;193m██[38;2;237;219;193m██[38;2;65;65;65m██[38;2;65;65;65m██[38;2;237;219;193m██[38;2;196;178;152m██[38;2;0;0;0m██      
          [38;2;0;0;0m██[38;2;0;0;0m██[38;2;237;219;193m██[38;2;237;219;193m██[38;2;65;65;65m██[38;2;255;255;255m██[38;2;65;65;65m██[38;2;237;219;193m██[38;2;196;178;152m██[38;2;0;0;0m██    
            [38;2;0;0;0m██[38;2;29;103;218m██[38;2;58;132;247m██[38;2;237;219;193m██[38;2;150;132;106m██[38;2;150;132;106m██[38;2;196;178;152m██[38;2;196;178;152m██[38;2;0;0;0m██    
            [38;2;0;0;0m██[38;2;237;219;193m██[38;2;58;132;247m██[38;2;237;219;193m██[38;2;237;219;193m██[38;2;196;178;152m██[38;2;230;74;41m██[38;2;230;74;41m██[38;2;0;0;0m██    
              [38;2;0;0;0m██[38;2;150;132;106m██[38;2;196;178;152m██[38;2;196;178;152m██[38;2;230;74;41m██[38;2;196;178;152m██[38;2;0;0;0m██      
                [38;2;0;0;0m██[38;2;65;65;65m██[38;2;0;0;0m██[38;2;0;0;0m██[38;2;150;132;106m██[38;2;0;0;0m██      
                [38;2;0;0;0m██[38;2;150;132;106m██[38;2;0;0;0m██  [38;2;0;0;0m██[38;2;196;178;152m██[38;2;0;0;0m██    
                  [38;2;0;0;0m██    [38;2;0;0;0m██[38;2;196;178;152m██[38;2;0;0;0m██    
                          [38;2;0;0;0m██      
