        [38;2;0;0;0m██[38;2;0;0;0m██[38;2;0;0;0m██[38;2;0;0;0m██[38;2;0;0;0m██                    
    [38;2;0;0;0m██[38;2;0;0;0m██[38;2;138;192;175m██[38;2;138;192;175m██[38;2;138;192;175m██[38;2;138;192;175m██[38;2;98;147;132m██[38;2;0;0;0m██[38;2;0;0;0m██                
  [38;2;0;0;0m██[38;2;138;192;175m██[38;2;138;192;175m██[38;2;138;192;175m██[38;2;138;192;175m██[38;2;138;192;175m██[38;2;138;192;175m██[38;2;138;192;175m██[38;2;138;192;175m██[38;2;98;147;132m██[38;2;0;0;0m██              
  [38;2;0;0;0m██[38;2;65;65;65m██[38;2;138;192;175m██[38;2;138;192;175m██[38;2;138;192;175m██[38;2;138;192;175m██[38;2;138;192;175m██[38;2;138;192;175m██[38;2;138;192;175m██[38;2;138;192;175m██[38;2;98;147;132m██[38;2;0;0;0m██            
[38;2;0;0;0m██[38;2;65;65;65m██[38;2;138;192;175m██[38;2;65;65;65m██[38;2;138;192;175m██[38;2;65;65;65m██[38;2;98;147;132m██[38;2;138;192;175m██[38;2;138;192;175m██[38;2;138;192;175m██[38;2;138;192;175m██[38;2;138;192;175m██[38;2;0;0;0m██            
[38;2;0;0;0m██[38;2;138;192;175m██[38;2;138;192;175m██[38;2;138;192;175m██[38;2;65;65;65m██[38;2;138;192;175m██[38;2;65;65;65m██[38;2;138;192;175m██[38;2;138;192;175m██[38;2;138;192;175m██[38;2;98;147;132m██[38;2;65;65;65m██[38;2;65;65;65m██[38;2;0;0;0m██          
[38;2;0;0;0m██[38;2;138;192;175m██[38;2;138;192;175m██[38;2;138;192;175m██[38;2;138;192;175m██[38;2;138;192;175m██[38;2;65;65;65m██[38;2;138;192;175m██[38;2;138;192;175m██[38;2;138;192;175m██[38;2;65;65;65m██[38;2;144;241;101m██[38;2;65;65;65m██[38;2;0;0;0m██          
[38;2;0;0;0m██[38;2;138;192;175m██[38;2;138;192;175m██[38;2;138;192;175m██[38;2;138;192;175m██[38;2;138;192;175m██[38;2;65;65;65m██[38;2;65;65;65m██[38;2;65;65;65m██[38;2;138;192;175m██[38;2;65;65;65m██[38;2;65;65;65m██[38;2;138;192;175m██[38;2;0;0;0m██          
[38;2;0;0;0m██[38;2;98;147;132m██[38;2;138;192;175m██[38;2;138;192;175m██[38;2;138;192;175m██[38;2;138;192;175m██[38;2;138;192;175m██[38;2;138;192;175m██[38;2;65;65;65m██[38;2;138;192;175m██[38;2;138;192;175m██[38;2;138;192;175m██[38;2;98;147;132m██[38;2;65;65;65m██[38;2;0;0;0m██[38;2;0;0;0m██      
  [38;2;0;0;0m██[38;2;138;192;175m██[38;2;138;192;175m██[38;2;138;192;175m██[38;2;138;192;175m██[38;2;138;192;175m██[38;2;138;192;175m██[38;2;65;65;65m██[38;2;65;65;65m██[38;2;65;65;65m██[38;2;98;147;132m██[38;2;98;147;132m██[38;2;65;65;65m██[38;2;138;192;175m██[38;2;65;65;65m██[38;2;0;0;0m██    
  [38;2;0;0;0m██[38;2;98;147;132m██[38;2;98;147;132m██[38;2;138;192;175m██[38;2;138;192;175m██[38;2;138;192;175m██[38;2;138;192;175m██[38;2;98;147;132m██[38;2;98;147;132m██[38;2;98;147;132m██[38;2;98;147;132m██[38;2;65;65;65m██[38;2;138;192;175m██[38;2;138;192;175m██[38;2;138;192;175m██[38;2;0;0;0m██    
    [38;2;0;0;0m██[38;2;98;147;132m██[38;2;98;147;132m██[38;2;98;147;132m██[38;2;98;147;132m██[38;2;98;147;132m██[38;2;98;147;132m██[38;2;98;147;132m██[38;2;98;147;132m██[38;2;98;147;132m██[38;2;65;65;65m██[38;2;138;192;175m██[38;2;138;192;175m██[38;2;138;192;175m██[38;2;144;241;101m██[38;2;0;0;0m██  
      [38;2;0;0;0m██[38;2;0;0;0m██[38;2;98;147;132m██[38;2;98;147;132m██[38;2;98;147;132m██[38;2;98;147;132m██[38;2;98;147;132m██[38;2;65;65;65m██[38;2;65;65;65m██[38;2;98;147;132m██[38;2;98;147;132m██[38;2;138;192;175m██[38;2;144;241;101m██[38;2;98;147;132m██[38;2;98;147;132m██[38;2;0;0;0m██
          [38;2;0;0;0m██[38;2;65;65;65m██[38;2;65;65;65m██[38;2;65;65;65m██[38;2;65;65;65m██[38;2;98;147;132m██[38;2;98;147;132m██[38;2;144;241;101m██[38;2;144;241;101m██[38;2;98;147;132m██[38;2;107;194;75m██[38;2;98;147;132m██[38;2;98;147;132m██[38;2;0;0;0m██
        [38;2;0;0;0m██[38;2;88;142;125m██[38;2;88;142;125m██[38;2;107;194;75m██[38;2;98;147;132m██[38;2;98;147;132m██[38;2;98;147;132m██[38;2;144;241;101m██[38;2;138;192;175m██[38;2;138;192;175m██[38;2;65;65;65m██[38;2;65;65;65m██[38;2;98;147;132m██[38;2;98;147;132m██[38;2;0;0;0m██
        [38;2;0;0;0m██[38;2;88;142;125m██[38;2;88;142;125m██[38;2;0;0;0m██[38;2;0;0;0m██[38;2;107;194;75m██[38;2;107;194;75m██[38;2;107;194;75m██[38;2;138;192;175m██[38;2;138;192;175m██[38;2;98;147;132m██[38;2;65;65;65m██[38;2;0;0;0m██[38;2;0;0;0m██  
          [38;2;0;0;0m██[38;2;0;0;0m██    [38;2;0;0;0m██[38;2;0;0;0m██[38;2;0;0;0m██[38;2;88;142;125m██[38;2;138;192;175m██[38;2;138;192;175m██[38;2;0;0;0m██      
                        [38;2;0;0;0m██[38;2;138;192;175m██[38;2;138;192;175m██[38;2;0;0;0m██      
                          [38;2;0;0;0m██[38;2;0;0;0m██        
