                            [38;2;0;0;0m██[38;2;0;0;0m██                              
                          [38;2;0;0;0m██[38;2;101;131;18m██[38;2;130;164;24m██[38;2;0;0;0m██                [38;2;0;0;0m██[38;2;0;0;0m██[38;2;0;0;0m██      
                          [38;2;0;0;0m██[38;2;101;131;18m██[38;2;101;131;18m██[38;2;101;131;18m██[38;2;0;0;0m██            [38;2;0;0;0m██[38;2;163;214;0m██[38;2;163;214;0m██[38;2;65;65;65m██[38;2;0;0;0m██    
                          [38;2;0;0;0m██[38;2;101;131;18m██[38;2;130;164;24m██[38;2;130;164;24m██[38;2;0;0;0m██          [38;2;0;0;0m██[38;2;130;164;24m██[38;2;130;164;24m██[38;2;130;164;24m██[38;2;163;214;0m██[38;2;0;0;0m██    
            [38;2;0;0;0m██[38;2;0;0;0m██[38;2;0;0;0m██[38;2;0;0;0m██[38;2;0;0;0m██    [38;2;0;0;0m██[38;2;101;131;18m██[38;2;101;131;18m██[38;2;101;131;18m██[38;2;0;0;0m██        [38;2;0;0;0m██[38;2;163;214;0m██[38;2;163;214;0m██[38;2;163;214;0m██[38;2;130;164;24m██[38;2;163;214;0m██[38;2;0;0;0m██    
        [38;2;0;0;0m██[38;2;0;0;0m██[38;2;163;214;0m██[38;2;163;214;0m██[38;2;163;214;0m██[38;2;163;214;0m██[38;2;163;214;0m██[38;2;0;0;0m██[38;2;0;0;0m██  [38;2;0;0;0m██[38;2;101;131;18m██[38;2;130;164;24m██[38;2;130;164;24m██[38;2;0;0;0m██      [38;2;0;0;0m██[38;2;130;164;24m██[38;2;130;164;24m██[38;2;130;164;24m██[38;2;163;214;0m██[38;2;0;0;0m██      
      [38;2;0;0;0m██[38;2;163;214;0m██[38;2;163;214;0m██[38;2;163;214;0m██[38;2;163;214;0m██[38;2;163;214;0m██[38;2;163;214;0m██[38;2;130;164;24m██[38;2;130;164;24m██[38;2;130;164;24m██[38;2;0;0;0m██[38;2;0;0;0m██[38;2;101;131;18m██[38;2;101;131;18m██[38;2;101;131;18m██[38;2;0;0;0m██    [38;2;0;0;0m██[38;2;163;214;0m██[38;2;163;214;0m██[38;2;130;164;24m██[38;2;163;214;0m██[38;2;163;214;0m██[38;2;0;0;0m██      
    [38;2;0;0;0m██[38;2;163;214;0m██[38;2;163;214;0m██[38;2;163;214;0m██[38;2;163;214;0m██[38;2;163;214;0m██[38;2;65;65;65m██[38;2;65;65;65m██[38;2;65;65;65m██[38;2;130;164;24m██[38;2;130;164;24m██[38;2;130;164;24m██[38;2;65;65;65m██[38;2;101;131;18m██[38;2;130;164;24m██[38;2;130;164;24m██[38;2;0;0;0m██    [38;2;0;0;0m██[38;2;163;214;0m██[38;2;163;214;0m██[38;2;130;164;24m██[38;2;163;214;0m██[38;2;0;0;0m██        
  [38;2;0;0;0m██[38;2;163;214;0m██[38;2;163;214;0m██[38;2;163;214;0m██[38;2;163;214;0m██[38;2;163;214;0m██[38;2;65;65;65m██[38;2;130;164;24m██[38;2;163;214;0m██[38;2;163;214;0m██[38;2;65;65;65m██[38;2;130;164;24m██[38;2;246;192;3m██[38;2;246;192;3m██[38;2;65;65;65m██[38;2;101;131;18m██[38;2;101;131;18m██[38;2;0;0;0m██  [38;2;0;0;0m██[38;2;130;164;24m██[38;2;130;164;24m██[38;2;101;131;18m██[38;2;163;214;0m██[38;2;130;164;24m██[38;2;0;0;0m██        
  [38;2;0;0;0m██[38;2;163;214;0m██[38;2;163;214;0m██[38;2;163;214;0m██[38;2;163;214;0m██[38;2;65;65;65m██[38;2;65;65;65m██[38;2;163;214;0m██[38;2;163;214;0m██[38;2;130;164;24m██[38;2;65;65;65m██[38;2;246;192;3m██[38;2;246;192;3m██[38;2;246;192;3m██[38;2;65;65;65m██[38;2;101;131;18m██[38;2;101;131;18m██[38;2;0;0;0m██  [38;2;0;0;0m██[38;2;130;164;24m██[38;2;101;131;18m██[38;2;130;164;24m██[38;2;130;164;24m██[38;2;0;0;0m██          
[38;2;0;0;0m██[38;2;163;214;0m██[38;2;163;214;0m██[38;2;163;214;0m██[38;2;163;214;0m██[38;2;65;65;65m██[38;2;255;255;255m██[38;2;65;65;65m██[38;2;163;214;0m██[38;2;130;164;24m██[38;2;0;0;0m██[38;2;0;0;0m██[38;2;246;192;3m██[38;2;246;192;3m██[38;2;166;114;1m██[38;2;246;192;3m██[38;2;65;65;65m██[38;2;101;131;18m██[38;2;0;0;0m██  [38;2;0;0;0m██[38;2;130;164;24m██[38;2;101;131;18m██[38;2;130;164;24m██[38;2;0;0;0m██            
[38;2;0;0;0m██[38;2;163;214;0m██[38;2;163;214;0m██[38;2;130;164;24m██[38;2;65;65;65m██[38;2;0;0;0m██[38;2;255;255;255m██[38;2;65;65;65m██[38;2;65;65;65m██[38;2;65;65;65m██[38;2;0;0;0m██  [38;2;0;0;0m██[38;2;166;114;1m██[38;2;246;192;3m██[38;2;246;192;3m██[38;2;65;65;65m██[38;2;101;131;18m██[38;2;101;131;18m██[38;2;0;0;0m██[38;2;130;164;24m██[38;2;101;131;18m██[38;2;130;164;24m██[38;2;0;0;0m██              
[38;2;0;0;0m██[38;2;0;0;0m██[38;2;65;65;65m██[38;2;65;65;65m██[38;2;215;155;1m██[38;2;166;114;1m██[38;2;166;114;1m██[38;2;215;155;1m██[38;2;215;155;1m██[38;2;65;65;65m██[38;2;206;165;66m██[38;2;0;0;0m██  [38;2;0;0;0m██[38;2;246;192;3m██[38;2;246;192;3m██[38;2;246;192;3m██[38;2;65;65;65m██[38;2;101;131;18m██[38;2;65;65;65m██[38;2;101;131;18m██[38;2;101;131;18m██[38;2;0;0;0m██                
    [38;2;0;0;0m██[38;2;215;155;1m██[38;2;215;155;1m██[38;2;215;155;1m██[38;2;215;155;1m██[38;2;65;65;65m██[38;2;65;65;65m██[38;2;206;165;66m██[38;2;206;165;66m██[38;2;0;0;0m██  [38;2;0;0;0m██[38;2;246;192;3m██[38;2;246;192;3m██[38;2;215;155;1m██[38;2;215;155;1m██[38;2;65;65;65m██[38;2;65;65;65m██[38;2;130;164;24m██[38;2;130;164;24m██[38;2;130;164;24m██[38;2;0;0;0m██[38;2;0;0;0m██[38;2;0;0;0m██[38;2;0;0;0m██[38;2;0;0;0m██      
      [38;2;0;0;0m██[38;2;0;0;0m██[38;2;0;0;0m██[38;2;0;0;0m██[38;2;247;214;66m██[38;2;166;114;1m██[38;2;247;214;66m██[38;2;206;165;66m██[38;2;0;0;0m██  [38;2;0;0;0m██[38;2;215;155;1m██[38;2;215;155;1m██[38;2;215;155;1m██[38;2;215;155;1m██[38;2;65;65;65m██[38;2;163;214;0m██[38;2;65;65;65m██[38;2;65;65;65m██[38;2;130;164;24m██[38;2;130;164;24m██[38;2;101;131;18m██[38;2;163;214;0m██[38;2;163;214;0m██[38;2;163;214;0m██[38;2;0;0;0m██[38;2;0;0;0m██  
            [38;2;0;0;0m██[38;2;247;214;66m██[38;2;0;0;0m██[38;2;247;214;66m██[38;2;0;0;0m██  [38;2;0;0;0m██[38;2;130;164;24m██[38;2;65;65;65m██[38;2;215;155;1m██[38;2;215;155;1m██[38;2;65;65;65m██[38;2;163;214;0m██[38;2;163;214;0m██[38;2;130;164;24m██[38;2;163;214;0m██[38;2;65;65;65m██[38;2;65;65;65m██[38;2;65;65;65m██[38;2;163;214;0m██[38;2;130;164;24m██[38;2;163;214;0m██[38;2;130;164;24m██[38;2;163;214;0m██[38;2;0;0;0m██
            [38;2;0;0;0m██[38;2;0;0;0m██  [38;2;0;0;0m██  [38;2;0;0;0m██[38;2;130;164;24m██[38;2;130;164;24m██[38;2;65;65;65m██[38;2;65;65;65m██[38;2;65;65;65m██[38;2;163;214;0m██[38;2;163;214;0m██[38;2;163;214;0m██[38;2;130;164;24m██[38;2;163;214;0m██[38;2;163;214;0m██[38;2;65;65;65m██[38;2;215;155;1m██[38;2;65;65;65m██[38;2;0;0;0m██[38;2;0;0;0m██[38;2;0;0;0m██[38;2;0;0;0m██  
                      [38;2;0;0;0m██[38;2;130;164;24m██[38;2;65;65;65m██[38;2;163;214;0m██[38;2;65;65;65m██[38;2;163;214;0m██[38;2;163;214;0m██[38;2;163;214;0m██[38;2;163;214;0m██[38;2;130;164;24m██[38;2;163;214;0m██[38;2;163;214;0m██[38;2;65;65;65m██[38;2;246;192;3m██[38;2;0;0;0m██          
                      [38;2;0;0;0m██[38;2;65;65;65m██[38;2;163;214;0m██[38;2;130;164;24m██[38;2;163;214;0m██[38;2;65;65;65m██[38;2;65;65;65m██[38;2;163;214;0m██[38;2;130;164;24m██[38;2;163;214;0m██[38;2;163;214;0m██[38;2;65;65;65m██[38;2;246;192;3m██[38;2;246;192;3m██[38;2;246;192;3m██[38;2;0;0;0m██        
                    [38;2;0;0;0m██[38;2;166;114;1m██[38;2;65;65;65m██[38;2;163;214;0m██[38;2;130;164;24m██[38;2;163;214;0m██[38;2;65;65;65m██[38;2;246;192;3m██[38;2;65;65;65m██[38;2;65;65;65m██[38;2;163;214;0m██[38;2;163;214;0m██[38;2;65;65;65m██[38;2;246;192;3m██[38;2;246;192;3m██[38;2;246;192;3m██[38;2;0;0;0m██        
                  [38;2;0;0;0m██[38;2;166;114;1m██[38;2;166;114;1m██[38;2;65;65;65m██[38;2;65;65;65m██[38;2;163;214;0m██[38;2;65;65;65m██[38;2;246;192;3m██[38;2;246;192;3m██[38;2;246;192;3m██[38;2;246;192;3m██[38;2;65;65;65m██[38;2;65;65;65m██[38;2;246;192;3m██[38;2;246;192;3m██[38;2;246;192;3m██[38;2;246;192;3m██[38;2;0;0;0m██        
                  [38;2;0;0;0m██[38;2;166;114;1m██[38;2;166;114;1m██[38;2;65;65;65m██[38;2;215;155;1m██[38;2;65;65;65m██[38;2;215;155;1m██[38;2;246;192;3m██[38;2;246;192;3m██[38;2;246;192;3m██[38;2;246;192;3m██[38;2;246;192;3m██[38;2;0;0;0m██[38;2;0;0;0m██[38;2;247;214;66m██[38;2;166;114;1m██[38;2;247;214;66m██[38;2;0;0;0m██        
                    [38;2;0;0;0m██[38;2;166;114;1m██[38;2;166;114;1m██[38;2;0;0;0m██[38;2;215;155;1m██[38;2;215;155;1m██[38;2;65;65;65m██[38;2;246;192;3m██[38;2;246;192;3m██[38;2;246;192;3m██[38;2;0;0;0m██    [38;2;0;0;0m██[38;2;0;0;0m██[38;2;0;0;0m██          
                      [38;2;0;0;0m██[38;2;0;0;0m██  [38;2;0;0;0m██[38;2;0;0;0m██[38;2;65;65;65m██[38;2;166;114;1m██[38;2;166;114;1m██[38;2;246;192;3m██[38;2;0;0;0m██                    
                                [38;2;0;0;0m██[38;2;247;214;66m██[38;2;247;214;66m██[38;2;166;114;1m██[38;2;0;0;0m██                    
                                  [38;2;0;0;0m██[38;2;0;0;0m██[38;2;0;0;0m██                      
