        [38;2;0;0;0m██                          
      [38;2;0;0;0m██[38;2;87;186;69m██[38;2;0;0;0m██                        
      [38;2;0;0;0m██[38;2;87;186;69m██[38;2;87;186;69m██[38;2;0;0;0m██    [38;2;0;0;0m██[38;2;0;0;0m██[38;2;0;0;0m██            
      [38;2;0;0;0m██[38;2;87;186;69m██[38;2;87;186;69m██[38;2;65;65;65m██[38;2;0;0;0m██[38;2;0;0;0m██[38;2;87;186;69m██[38;2;87;186;69m██[38;2;87;186;69m██[38;2;0;0;0m██          
        [38;2;0;0;0m██[38;2;87;186;69m██[38;2;65;65;65m██[38;2;189;165;90m██[38;2;87;186;69m██[38;2;87;186;69m██[38;2;87;186;69m██[38;2;0;0;0m██            
          [38;2;0;0;0m██[38;2;65;65;65m██[38;2;189;165;90m██[38;2;65;65;65m██[38;2;0;0;0m██[38;2;0;0;0m██              
            [38;2;0;0;0m██[38;2;165;123;74m██[38;2;0;0;0m██                  
        [38;2;0;0;0m██[38;2;0;0;0m██[38;2;189;165;90m██[38;2;189;165;90m██[38;2;189;165;90m██[38;2;0;0;0m██                
      [38;2;0;0;0m██[38;2;132;230;184m██[38;2;189;165;90m██[38;2;189;165;90m██[38;2;132;230;184m██[38;2;189;165;90m██[38;2;132;230;184m██[38;2;0;0;0m██              
    [38;2;65;65;65m██[38;2;132;230;184m██[38;2;132;230;184m██[38;2;132;230;184m██[38;2;132;230;184m██[38;2;132;230;184m██[38;2;132;230;184m██[38;2;132;230;184m██[38;2;65;65;65m██[38;2;0;0;0m██[38;2;0;0;0m██          
  [38;2;0;0;0m██[38;2;132;230;184m██[38;2;132;230;184m██[38;2;132;230;184m██[38;2;132;230;184m██[38;2;132;230;184m██[38;2;211;247;82m██[38;2;132;230;184m██[38;2;132;230;184m██[38;2;132;230;184m██[38;2;65;65;65m██[38;2;165;123;74m██[38;2;0;0;0m██[38;2;0;0;0m██      
[38;2;0;0;0m██[38;2;183;206;107m██[38;2;74;197;129m██[38;2;132;230;184m██[38;2;132;230;184m██[38;2;132;230;184m██[38;2;211;247;82m██[38;2;0;0;0m██[38;2;211;247;82m██[38;2;132;230;184m██[38;2;181;189;90m██[38;2;65;65;65m██[38;2;165;123;74m██[38;2;165;123;74m██[38;2;65;65;65m██[38;2;0;0;0m██    
[38;2;0;0;0m██[38;2;183;206;107m██[38;2;132;230;184m██[38;2;132;230;184m██[38;2;74;140;107m██[38;2;132;230;184m██[38;2;211;247;82m██[38;2;0;0;0m██[38;2;211;247;82m██[38;2;181;189;90m██[38;2;211;247;82m██[38;2;181;189;90m██[38;2;65;65;65m██[38;2;165;123;74m██[38;2;65;65;65m██[38;2;0;0;0m██    
  [38;2;0;0;0m██[38;2;132;230;184m██[38;2;132;230;184m██[38;2;132;230;184m██[38;2;132;230;184m██[38;2;132;230;184m██[38;2;211;247;82m██[38;2;132;230;184m██[38;2;181;189;90m██[38;2;211;247;82m██[38;2;211;247;82m██[38;2;65;65;65m██[38;2;165;123;74m██[38;2;65;65;65m██[38;2;65;65;65m██[38;2;0;0;0m██  
  [38;2;0;0;0m██[38;2;132;230;184m██[38;2;132;230;184m██[38;2;132;230;184m██[38;2;132;230;184m██[38;2;132;230;184m██[38;2;132;230;184m██[38;2;181;189;90m██[38;2;211;247;82m██[38;2;211;247;82m██[38;2;183;206;107m██[38;2;65;65;65m██[38;2;65;65;65m██[38;2;65;65;65m██[38;2;65;65;65m██[38;2;0;0;0m██  
    [38;2;0;0;0m██[38;2;132;230;184m██[38;2;132;230;184m██[38;2;181;189;90m██[38;2;181;189;90m██[38;2;181;189;90m██[38;2;183;206;107m██[38;2;183;206;107m██[38;2;211;247;82m██[38;2;65;65;65m██[38;2;74;197;129m██[38;2;65;65;65m██[38;2;65;65;65m██[38;2;74;197;129m██[38;2;0;0;0m██  
      [38;2;0;0;0m██[38;2;181;189;90m██[38;2;183;206;107m██[38;2;183;206;107m██[38;2;183;206;107m██[38;2;183;206;107m██[38;2;65;65;65m██[38;2;65;65;65m██[38;2;74;197;129m██[38;2;74;197;129m██[38;2;74;197;129m██[38;2;74;197;129m██[38;2;74;140;107m██[38;2;74;197;129m██[38;2;0;0;0m██
        [38;2;0;0;0m██[38;2;65;65;65m██[38;2;65;65;65m██[38;2;65;65;65m██[38;2;65;65;65m██[38;2;74;197;129m██[38;2;74;197;129m██[38;2;74;197;129m██[38;2;74;140;107m██[38;2;74;197;129m██[38;2;74;140;107m██[38;2;74;197;129m██[38;2;74;197;129m██[38;2;0;0;0m██
        [38;2;0;0;0m██[38;2;74;140;107m██[38;2;74;140;107m██[38;2;0;0;0m██[38;2;74;197;129m██[38;2;74;140;107m██[38;2;74;197;129m██[38;2;132;230;184m██[38;2;74;197;129m██[38;2;74;140;107m██[38;2;0;0;0m██[38;2;181;189;90m██[38;2;181;189;90m██[38;2;0;0;0m██
          [38;2;0;0;0m██[38;2;0;0;0m██  [38;2;0;0;0m██[38;2;65;65;65m██[38;2;132;230;184m██[38;2;132;230;184m██[38;2;132;230;184m██[38;2;0;0;0m██  [38;2;0;0;0m██[38;2;0;0;0m██  
                  [38;2;0;0;0m██[38;2;181;189;90m██[38;2;211;247;82m██[38;2;181;189;90m██[38;2;0;0;0m██        
                    [38;2;0;0;0m██[38;2;0;0;0m██[38;2;0;0;0m██          
