                [38;2;0;0;0m██[38;2;0;0;0m██[38;2;0;0;0m██      
            [38;2;0;0;0m██[38;2;0;0;0m██[38;2;255;255;255m██[38;2;255;255;255m██[38;2;222;247;255m██[38;2;0;0;0m██[38;2;0;0;0m██  
        [38;2;0;0;0m██[38;2;0;0;0m██[38;2;255;255;255m██[38;2;255;255;255m██[38;2;255;255;255m██[38;2;255;255;255m██[38;2;255;255;255m██[38;2;154;208;226m██[38;2;154;208;226m██[38;2;0;0;0m██
      [38;2;0;0;0m██[38;2;222;247;255m██[38;2;255;255;255m██[38;2;255;255;255m██[38;2;222;247;255m██[38;2;154;208;226m██[38;2;154;208;226m██[38;2;154;208;226m██[38;2;222;247;255m██[38;2;0;0;0m██  
    [38;2;0;0;0m██[38;2;154;208;226m██[38;2;154;208;226m██[38;2;255;255;255m██[38;2;154;208;226m██[38;2;154;208;226m██[38;2;255;141;0m██[38;2;255;141;0m██[38;2;154;208;226m██[38;2;0;0;0m██    
  [38;2;0;0;0m██[38;2;255;255;255m██[38;2;255;255;255m██[38;2;255;255;255m██[38;2;154;208;226m██[38;2;255;255;255m██[38;2;255;141;0m██[38;2;255;141;0m██[38;2;222;247;255m██[38;2;154;208;226m██[38;2;0;0;0m██    
[38;2;0;0;0m██[38;2;255;255;255m██[38;2;255;255;255m██[38;2;255;255;255m██[38;2;255;255;255m██[38;2;255;255;255m██[38;2;154;208;226m██[38;2;222;247;255m██[38;2;222;247;255m██[38;2;132;156;181m██[38;2;0;0;0m██      
[38;2;0;0;0m██[38;2;255;255;255m██[38;2;255;255;255m██[38;2;255;255;255m██[38;2;132;156;181m██[38;2;222;247;255m██[38;2;154;208;226m██[38;2;222;247;255m██[38;2;132;156;181m██[38;2;0;0;0m██        
[38;2;0;0;0m██[38;2;214;99;132m██[38;2;222;247;255m██[38;2;255;255;255m██[38;2;0;0;0m██[38;2;154;208;226m██[38;2;132;156;181m██[38;2;0;0;0m██[38;2;0;0;0m██          
[38;2;0;0;0m██[38;2;247;140;140m██[38;2;214;99;132m██[38;2;154;208;226m██[38;2;132;156;181m██[38;2;0;0;0m██[38;2;0;0;0m██              
  [38;2;0;0;0m██[38;2;0;0;0m██[38;2;0;0;0m██[38;2;0;0;0m██                  
