                          [38;2;255;131;190m██              [38;2;255;131;190m██                  
                          [38;2;255;131;190m██[38;2;255;131;190m██          [38;2;255;131;190m██[38;2;255;119;112m██[38;2;255;131;190m██                
                  [38;2;255;131;190m██      [38;2;255;131;190m██[38;2;255;119;112m██[38;2;255;131;190m██      [38;2;255;131;190m██[38;2;255;119;112m██[38;2;255;131;190m██                  
                [38;2;255;131;190m██[38;2;255;119;112m██[38;2;255;131;190m██      [38;2;255;131;190m██[38;2;255;119;112m██[38;2;255;131;190m██    [38;2;255;131;190m██[38;2;255;119;112m██[38;2;255;119;112m██[38;2;255;131;190m██                
                [38;2;255;131;190m██[38;2;255;119;112m██[38;2;255;131;190m██      [38;2;255;131;190m██[38;2;255;119;112m██[38;2;255;131;190m██      [38;2;255;131;190m██[38;2;255;119;112m██[38;2;255;131;190m██                
                  [38;2;255;131;190m██[38;2;255;119;112m██[38;2;255;131;190m██    [38;2;255;140;255m██[38;2;255;119;112m██[38;2;255;131;190m██    [38;2;255;131;190m██[38;2;255;119;112m██[38;2;255;119;112m██[38;2;255;131;190m██      [38;2;255;131;190m██        
              [38;2;7;7;7m██[38;2;7;7;7m██[38;2;66;66;66m██[38;2;66;66;66m██[38;2;255;119;112m██[38;2;255;140;255m██[38;2;255;140;255m██[38;2;255;119;112m██[38;2;255;119;112m██[38;2;255;131;190m██[38;2;255;140;255m██[38;2;255;131;190m██[38;2;255;119;112m██[38;2;255;119;112m██[38;2;255;131;190m██        [38;2;255;131;190m██        
      [38;2;7;7;7m██[38;2;7;7;7m██[38;2;7;7;7m██[38;2;7;7;7m██[38;2;81;129;175m██[38;2;81;129;175m██[38;2;81;129;175m██[38;2;81;129;175m██[38;2;66;66;66m██[38;2;66;66;66m██[38;2;66;66;66m██[38;2;255;119;112m██[38;2;255;119;112m██[38;2;255;140;255m██[38;2;255;119;112m██[38;2;255;119;112m██[38;2;255;119;112m██[38;2;255;131;190m██        [38;2;255;131;190m██[38;2;255;119;112m██[38;2;255;131;190m██      
  [38;2;7;7;7m██[38;2;7;7;7m██[38;2;65;111;154m██[38;2;66;66;66m██[38;2;65;111;154m██[38;2;81;129;175m██[38;2;81;129;175m██[38;2;81;129;175m██[38;2;81;129;175m██[38;2;81;129;175m██[38;2;81;129;175m██[38;2;81;129;175m██[38;2;81;129;175m██[38;2;66;66;66m██[38;2;66;66;66m██[38;2;255;119;112m██[38;2;255;119;112m██[38;2;255;119;112m██[38;2;255;140;255m██    [38;2;255;131;190m██[38;2;255;131;190m██[38;2;255;131;190m██[38;2;255;119;112m██[38;2;255;119;112m██[38;2;255;131;190m██      
  [38;2;7;7;7m██[38;2;65;111;154m██[38;2;66;66;66m██[38;2;81;129;175m██[38;2;81;129;175m██[38;2;81;129;175m██[38;2;81;129;175m██[38;2;81;129;175m██[38;2;81;129;175m██[38;2;81;129;175m██[38;2;81;129;175m██[38;2;81;129;175m██[38;2;81;129;175m██[38;2;81;129;175m██[38;2;81;129;175m██[38;2;66;66;66m██[38;2;255;119;112m██[38;2;255;119;112m██[38;2;255;140;255m██  [38;2;255;140;255m██[38;2;255;119;112m██[38;2;255;119;112m██[38;2;255;119;112m██[38;2;255;119;112m██[38;2;255;131;190m██        
[38;2;7;7;7m██[38;2;65;111;154m██[38;2;66;66;66m██[38;2;81;129;175m██[38;2;81;129;175m██[38;2;81;129;175m██[38;2;81;129;175m██[38;2;81;129;175m██[38;2;81;129;175m██[38;2;81;129;175m██[38;2;81;129;175m██[38;2;81;129;175m██[38;2;81;129;175m██[38;2;66;66;66m██[38;2;65;111;154m██[38;2;81;129;175m██[38;2;81;129;175m██[38;2;66;66;66m██[38;2;255;119;112m██[38;2;255;119;112m██[38;2;255;140;255m██[38;2;255;119;112m██[38;2;255;119;112m██[38;2;255;131;190m██[38;2;255;131;190m██[38;2;255;131;190m██          
[38;2;7;7;7m██[38;2;65;111;154m██[38;2;66;66;66m██[38;2;81;129;175m██[38;2;81;129;175m██[38;2;81;129;175m██[38;2;81;129;175m██[38;2;81;129;175m██[38;2;81;129;175m██[38;2;242;229;151m██[38;2;242;229;151m██[38;2;242;229;151m██[38;2;65;111;154m██[38;2;81;129;175m██[38;2;66;66;66m██[38;2;66;66;66m██[38;2;81;129;175m██[38;2;81;129;175m██[38;2;66;66;66m██[38;2;255;119;112m██[38;2;255;119;112m██[38;2;255;119;112m██[38;2;255;140;255m██                
  [38;2;7;7;7m██[38;2;81;129;175m██[38;2;81;129;175m██[38;2;81;129;175m██[38;2;81;129;175m██[38;2;81;129;175m██[38;2;81;129;175m██[38;2;242;229;151m██[38;2;81;129;175m██[38;2;65;111;154m██[38;2;242;229;151m██[38;2;242;229;151m██[38;2;242;229;151m██[38;2;65;111;154m██[38;2;81;129;175m██[38;2;66;66;66m██[38;2;66;66;66m██[38;2;66;66;66m██[38;2;255;119;112m██[38;2;255;119;112m██[38;2;255;140;255m██    [38;2;255;131;190m██[38;2;255;131;190m██          
  [38;2;7;7;7m██[38;2;81;129;175m██[38;2;81;129;175m██[38;2;81;129;175m██[38;2;81;129;175m██[38;2;81;129;175m██[38;2;242;229;151m██[38;2;7;7;7m██[38;2;81;129;175m██[38;2;81;129;175m██[38;2;148;107;66m██[38;2;242;229;151m██[38;2;242;229;151m██[38;2;242;229;151m██[38;2;65;111;154m██[38;2;255;140;255m██[38;2;255;131;190m██[38;2;255;119;112m██[38;2;255;119;112m██[38;2;255;140;255m██  [38;2;255;140;255m██[38;2;255;140;255m██[38;2;255;119;112m██[38;2;255;119;112m██[38;2;255;131;190m██        
[38;2;7;7;7m██[38;2;65;111;154m██[38;2;81;129;175m██[38;2;81;129;175m██[38;2;81;129;175m██[38;2;242;229;151m██[38;2;242;229;151m██[38;2;66;66;66m██[38;2;234;13;40m██[38;2;248;248;248m██[38;2;207;187;89m██[38;2;242;229;151m██[38;2;242;229;151m██[38;2;242;229;151m██[38;2;81;129;175m██[38;2;81;129;175m██[38;2;81;129;175m██[38;2;255;140;255m██[38;2;255;131;190m██[38;2;255;119;112m██[38;2;255;119;112m██[38;2;255;140;255m██[38;2;255;119;112m██[38;2;255;119;112m██[38;2;255;131;190m██[38;2;255;131;190m██  [38;2;255;131;190m██      
[38;2;7;7;7m██[38;2;242;229;151m██[38;2;81;129;175m██[38;2;81;129;175m██[38;2;242;229;151m██[38;2;242;229;151m██[38;2;242;229;151m██[38;2;242;229;151m██[38;2;242;229;151m██[38;2;242;229;151m██[38;2;242;229;151m██[38;2;242;229;151m██[38;2;242;229;151m██[38;2;242;229;151m██[38;2;242;229;151m██[38;2;242;229;151m██[38;2;65;111;154m██[38;2;81;129;175m██[38;2;255;131;190m██[38;2;255;119;112m██[38;2;255;119;112m██[38;2;255;119;112m██[38;2;255;119;112m██[38;2;255;131;190m██              
[38;2;7;7;7m██[38;2;242;229;151m██[38;2;242;229;151m██[38;2;242;229;151m██[38;2;148;107;66m██[38;2;242;229;151m██[38;2;242;229;151m██[38;2;148;107;66m██[38;2;148;107;66m██[38;2;221;190;107m██[38;2;242;229;151m██[38;2;242;229;151m██[38;2;242;229;151m██[38;2;242;229;151m██[38;2;242;229;151m██[38;2;81;129;175m██[38;2;81;129;175m██[38;2;255;140;255m██[38;2;255;140;255m██[38;2;255;131;190m██[38;2;255;119;112m██[38;2;255;119;112m██[38;2;255;119;112m██[38;2;255;140;255m██              
  [38;2;7;7;7m██[38;2;242;229;151m██[38;2;242;229;151m██[38;2;242;229;151m██[38;2;148;107;66m██[38;2;148;107;66m██[38;2;242;229;151m██[38;2;242;229;151m██[38;2;242;229;151m██[38;2;242;229;151m██[38;2;242;229;151m██[38;2;242;229;151m██[38;2;242;229;151m██[38;2;242;229;151m██[38;2;242;229;151m██[38;2;242;229;151m██[38;2;65;111;154m██[38;2;255;140;255m██[38;2;255;131;190m██[38;2;255;119;112m██[38;2;255;119;112m██[38;2;255;140;255m██                
    [38;2;7;7;7m██[38;2;7;7;7m██[38;2;148;107;66m██[38;2;221;190;107m██[38;2;242;229;151m██[38;2;242;229;151m██[38;2;7;7;7m██[38;2;66;66;66m██[38;2;148;107;66m██[38;2;148;107;66m██[38;2;207;187;89m██[38;2;207;187;89m██[38;2;242;229;151m██[38;2;242;229;151m██[38;2;242;229;151m██[38;2;242;229;151m██[38;2;255;140;255m██[38;2;255;140;255m██[38;2;255;131;190m██[38;2;255;140;255m██                  
        [38;2;7;7;7m██[38;2;7;7;7m██[38;2;7;7;7m██[38;2;7;7;7m██  [38;2;255;140;255m██[38;2;207;187;89m██[38;2;207;187;89m██[38;2;207;187;89m██[38;2;207;187;89m██[38;2;207;187;89m██[38;2;255;140;255m██[38;2;242;229;151m██[38;2;81;129;175m██[38;2;81;129;175m██[38;2;255;140;255m██[38;2;255;140;255m██[38;2;148;107;66m██[38;2;7;7;7m██                
                [38;2;255;140;255m██[38;2;255;131;190m██[38;2;65;111;154m██[38;2;207;187;89m██[38;2;207;187;89m██[38;2;255;140;255m██[38;2;207;187;89m██[38;2;242;229;151m██[38;2;255;140;255m██[38;2;81;129;175m██[38;2;81;129;175m██[38;2;242;229;151m██[38;2;242;229;151m██[38;2;242;229;151m██[38;2;7;7;7m██                
              [38;2;7;7;7m██[38;2;255;131;190m██[38;2;255;119;112m██[38;2;65;111;154m██[38;2;81;129;175m██[38;2;255;140;255m██[38;2;207;187;89m██[38;2;81;129;175m██[38;2;255;140;255m██[38;2;255;119;112m██[38;2;255;131;190m██[38;2;65;111;154m██[38;2;242;229;151m██[38;2;242;229;151m██[38;2;242;229;151m██[38;2;242;229;151m██[38;2;7;7;7m██              
            [38;2;7;7;7m██[38;2;207;187;89m██[38;2;207;187;89m██[38;2;255;119;112m██[38;2;65;111;154m██[38;2;255;140;255m██[38;2;255;131;190m██[38;2;255;140;255m██[38;2;81;129;175m██[38;2;255;131;190m██[38;2;255;119;112m██[38;2;81;129;175m██[38;2;66;66;66m██[38;2;242;229;151m██[38;2;242;229;151m██[38;2;242;229;151m██[38;2;242;229;151m██[38;2;7;7;7m██              
          [38;2;7;7;7m██[38;2;207;187;89m██[38;2;207;187;89m██[38;2;207;187;89m██[38;2;207;187;89m██[38;2;65;111;154m██[38;2;255;131;190m██[38;2;255;119;112m██[38;2;255;140;255m██[38;2;81;129;175m██[38;2;81;129;175m██[38;2;81;129;175m██[38;2;65;111;154m██[38;2;242;229;151m██[38;2;66;66;66m██[38;2;242;229;151m██[38;2;242;229;151m██[38;2;242;229;151m██[38;2;242;229;151m██[38;2;7;7;7m██            
          [38;2;7;7;7m██[38;2;207;187;89m██[38;2;7;7;7m██[38;2;7;7;7m██[38;2;66;66;66m██[38;2;65;111;154m██[38;2;81;129;175m██[38;2;255;119;112m██[38;2;255;131;190m██[38;2;81;129;175m██[38;2;81;129;175m██[38;2;65;111;154m██[38;2;242;229;151m██[38;2;242;229;151m██[38;2;66;66;66m██[38;2;242;229;151m██[38;2;242;229;151m██[38;2;242;229;151m██[38;2;242;229;151m██[38;2;7;7;7m██            
          [38;2;7;7;7m██[38;2;7;7;7m██    [38;2;7;7;7m██[38;2;207;187;89m██[38;2;242;229;151m██[38;2;81;129;175m██[38;2;81;129;175m██[38;2;65;111;154m██[38;2;242;229;151m██[38;2;242;229;151m██[38;2;242;229;151m██[38;2;242;229;151m██[38;2;66;66;66m██[38;2;242;229;151m██[38;2;207;187;89m██[38;2;242;229;151m██[38;2;242;229;151m██[38;2;66;66;66m██[38;2;7;7;7m██          
                  [38;2;7;7;7m██[38;2;207;187;89m██[38;2;242;229;151m██[38;2;242;229;151m██[38;2;242;229;151m██[38;2;242;229;151m██[38;2;242;229;151m██[38;2;242;229;151m██[38;2;242;229;151m██[38;2;242;229;151m██[38;2;66;66;66m██[38;2;66;66;66m██[38;2;148;107;66m██[38;2;242;229;151m██[38;2;207;187;89m██[38;2;66;66;66m██[38;2;7;7;7m██          
                [38;2;7;7;7m██[38;2;207;187;89m██[38;2;242;229;151m██[38;2;242;229;151m██[38;2;242;229;151m██[38;2;242;229;151m██[38;2;242;229;151m██[38;2;242;229;151m██[38;2;242;229;151m██[38;2;242;229;151m██[38;2;242;229;151m██[38;2;242;229;151m██[38;2;242;229;151m██[38;2;66;66;66m██[38;2;242;229;151m██[38;2;66;66;66m██[38;2;242;229;151m██[38;2;65;111;154m██[38;2;7;7;7m██        
              [38;2;7;7;7m██[38;2;207;187;89m██[38;2;207;187;89m██[38;2;242;229;151m██[38;2;242;229;151m██[38;2;242;229;151m██[38;2;242;229;151m██[38;2;242;229;151m██[38;2;242;229;151m██[38;2;242;229;151m██[38;2;242;229;151m██[38;2;242;229;151m██[38;2;242;229;151m██[38;2;242;229;151m██[38;2;66;66;66m██[38;2;66;66;66m██[38;2;242;229;151m██[38;2;242;229;151m██[38;2;65;111;154m██[38;2;66;66;66m██[38;2;7;7;7m██[38;2;7;7;7m██    
              [38;2;7;7;7m██[38;2;207;187;89m██[38;2;207;187;89m██[38;2;207;187;89m██[38;2;242;229;151m██[38;2;242;229;151m██[38;2;242;229;151m██[38;2;242;229;151m██[38;2;242;229;151m██[38;2;242;229;151m██[38;2;242;229;151m██[38;2;242;229;151m██[38;2;242;229;151m██[38;2;242;229;151m██[38;2;242;229;151m██[38;2;242;229;151m██[38;2;242;229;151m██[38;2;242;229;151m██[38;2;66;66;66m██[38;2;65;111;154m██[38;2;65;111;154m██[38;2;7;7;7m██    
              [38;2;7;7;7m██[38;2;207;187;89m██[38;2;207;187;89m██[38;2;207;187;89m██[38;2;207;187;89m██[38;2;207;187;89m██[38;2;207;187;89m██[38;2;207;187;89m██[38;2;207;187;89m██[38;2;207;187;89m██[38;2;242;229;151m██[38;2;242;229;151m██[38;2;242;229;151m██[38;2;242;229;151m██[38;2;242;229;151m██[38;2;242;229;151m██[38;2;242;229;151m██[38;2;242;229;151m██[38;2;207;187;89m██[38;2;66;66;66m██[38;2;65;111;154m██[38;2;65;111;154m██[38;2;7;7;7m██  
                [38;2;7;7;7m██[38;2;207;187;89m██[38;2;207;187;89m██[38;2;207;187;89m██[38;2;207;187;89m██[38;2;207;187;89m██[38;2;207;187;89m██[38;2;207;187;89m██[38;2;207;187;89m██[38;2;207;187;89m██[38;2;207;187;89m██[38;2;242;229;151m██[38;2;242;229;151m██[38;2;242;229;151m██[38;2;242;229;151m██[38;2;242;229;151m██[38;2;207;187;89m██[38;2;207;187;89m██[38;2;66;66;66m██[38;2;65;111;154m██[38;2;65;111;154m██[38;2;65;111;154m██[38;2;7;7;7m██
                [38;2;7;7;7m██[38;2;66;66;66m██[38;2;207;187;89m██[38;2;207;187;89m██[38;2;66;66;66m██[38;2;66;66;66m██[38;2;7;7;7m██[38;2;7;7;7m██[38;2;7;7;7m██[38;2;7;7;7m██[38;2;207;187;89m██[38;2;207;187;89m██[38;2;207;187;89m██[38;2;207;187;89m██[38;2;207;187;89m██[38;2;207;187;89m██[38;2;207;187;89m██[38;2;207;187;89m██[38;2;66;66;66m██[38;2;65;111;154m██[38;2;7;7;7m██[38;2;7;7;7m██  
              [38;2;7;7;7m██[38;2;207;187;89m██[38;2;207;187;89m██[38;2;148;107;66m██[38;2;207;187;89m██[38;2;207;187;89m██[38;2;7;7;7m██        [38;2;7;7;7m██[38;2;7;7;7m██[38;2;207;187;89m██[38;2;207;187;89m██[38;2;207;187;89m██[38;2;207;187;89m██[38;2;207;187;89m██[38;2;66;66;66m██[38;2;65;111;154m██[38;2;7;7;7m██      
                [38;2;7;7;7m██[38;2;7;7;7m██[38;2;7;7;7m██[38;2;7;7;7m██[38;2;7;7;7m██              [38;2;7;7;7m██[38;2;66;66;66m██[38;2;207;187;89m██[38;2;207;187;89m██[38;2;66;66;66m██[38;2;66;66;66m██[38;2;7;7;7m██        
                                        [38;2;7;7;7m██[38;2;207;187;89m██[38;2;207;187;89m██[38;2;148;107;66m██[38;2;207;187;89m██[38;2;7;7;7m██          
                                          [38;2;7;7;7m██[38;2;7;7;7m██[38;2;7;7;7m██[38;2;7;7;7m██            
