              [38;2;0;0;0m██                  
            [38;2;0;0;0m██[38;2;255;255;255m██[38;2;0;0;0m██                
          [38;2;0;0;0m██[38;2;255;255;255m██[38;2;255;255;255m██[38;2;0;0;0m██      [38;2;0;0;0m██        
          [38;2;0;0;0m██[38;2;255;255;255m██[38;2;0;0;0m██      [38;2;0;0;0m██[38;2;255;255;255m██[38;2;0;0;0m██      
        [38;2;0;0;0m██[38;2;255;255;255m██[38;2;0;0;0m██      [38;2;0;0;0m██[38;2;255;255;255m██[38;2;255;255;255m██[38;2;0;0;0m██      
        [38;2;0;0;0m██[38;2;255;255;255m██[38;2;0;0;0m██[38;2;0;0;0m██    [38;2;0;0;0m██[38;2;255;255;255m██[38;2;0;0;0m██        
        [38;2;0;0;0m██[38;2;255;255;255m██[38;2;65;65;65m██[38;2;150;140;233m██[38;2;0;0;0m██[38;2;0;0;0m██[38;2;255;255;255m██[38;2;65;65;65m██[38;2;0;0;0m██[38;2;0;0;0m██      
      [38;2;0;0;0m██[38;2;255;255;255m██[38;2;65;65;65m██[38;2;111;102;187m██[38;2;150;140;233m██[38;2;65;65;65m██[38;2;255;255;255m██[38;2;65;65;65m██[38;2;111;102;187m██[38;2;150;140;233m██[38;2;0;0;0m██      
      [38;2;0;0;0m██[38;2;255;255;255m██[38;2;65;65;65m██[38;2;150;140;233m██[38;2;150;140;233m██[38;2;255;255;255m██[38;2;65;65;65m██[38;2;150;140;233m██[38;2;150;140;233m██[38;2;0;0;0m██        
      [38;2;0;0;0m██[38;2;255;255;255m██[38;2;65;65;65m██[38;2;150;140;233m██[38;2;255;255;255m██[38;2;65;65;65m██[38;2;150;140;233m██[38;2;150;140;233m██[38;2;111;102;187m██[38;2;0;0;0m██        
      [38;2;0;0;0m██[38;2;255;255;255m██[38;2;65;65;65m██[38;2;150;140;233m██[38;2;255;255;255m██[38;2;65;65;65m██[38;2;150;140;233m██[38;2;150;140;233m██[38;2;111;102;187m██[38;2;150;140;233m██[38;2;0;0;0m██      
    [38;2;0;0;0m██[38;2;33;138;255m██[38;2;255;255;255m██[38;2;65;65;65m██[38;2;255;255;255m██[38;2;65;65;65m██[38;2;150;140;233m██[38;2;150;140;233m██[38;2;111;102;187m██[38;2;150;140;233m██[38;2;150;140;233m██[38;2;150;140;233m██[38;2;0;0;0m██    
  [38;2;0;0;0m██[38;2;33;138;255m██[38;2;115;194;255m██[38;2;111;102;187m██[38;2;150;140;233m██[38;2;255;255;255m██[38;2;65;65;65m██[38;2;150;140;233m██[38;2;150;140;233m██[38;2;150;140;233m██[38;2;150;140;233m██[38;2;150;140;233m██[38;2;150;140;233m██[38;2;0;0;0m██    
  [38;2;0;0;0m██[38;2;115;195;255m██[38;2;111;102;187m██[38;2;150;140;233m██[38;2;150;140;233m██[38;2;150;140;233m██[38;2;111;102;187m██[38;2;111;102;187m██[38;2;150;140;233m██[38;2;150;140;233m██[38;2;150;140;233m██[38;2;150;140;233m██[38;2;150;140;233m██[38;2;150;140;233m██[38;2;0;0;0m██  
[38;2;0;0;0m██[38;2;111;102;187m██[38;2;33;138;255m██[38;2;111;102;187m██[38;2;111;102;187m██[38;2;150;140;233m██[38;2;111;102;187m██[38;2;115;195;255m██[38;2;33;138;255m██[38;2;74;65;140m██[38;2;150;140;233m██[38;2;150;140;233m██[38;2;150;140;233m██[38;2;150;140;233m██[38;2;150;140;233m██[38;2;150;140;233m██[38;2;0;0;0m██
[38;2;0;0;0m██[38;2;111;102;187m██[38;2;65;65;65m██[38;2;148;205;255m██[38;2;33;138;255m██[38;2;74;65;140m██[38;2;115;195;255m██[38;2;33;138;255m██[38;2;115;195;255m██[38;2;33;138;255m██[38;2;74;65;140m██[38;2;150;140;233m██[38;2;150;140;233m██[38;2;150;140;233m██[38;2;150;140;233m██[38;2;0;0;0m██  
[38;2;0;0;0m██[38;2;111;102;187m██[38;2;255;255;255m██[38;2;115;195;255m██[38;2;148;205;255m██[38;2;74;65;140m██[38;2;33;138;255m██[38;2;115;195;255m██[38;2;25;98;213m██[38;2;33;138;255m██[38;2;74;65;140m██[38;2;150;140;233m██[38;2;150;140;233m██[38;2;150;140;233m██[38;2;150;140;233m██[38;2;0;0;0m██  
  [38;2;0;0;0m██[38;2;111;102;187m██[38;2;74;65;140m██[38;2;255;255;255m██[38;2;65;65;65m██[38;2;33;138;255m██[38;2;25;98;213m██[38;2;33;138;255m██[38;2;25;98;213m██[38;2;74;65;140m██[38;2;150;140;233m██[38;2;150;140;233m██[38;2;111;102;187m██[38;2;150;140;233m██[38;2;111;102;187m██[38;2;0;0;0m██
  [38;2;0;0;0m██[38;2;189;165;90m██[38;2;111;102;187m██[38;2;65;65;65m██[38;2;65;65;65m██[38;2;74;65;140m██[38;2;33;138;255m██[38;2;33;138;255m██[38;2;65;65;65m██[38;2;111;102;187m██[38;2;111;102;187m██[38;2;150;140;233m██[38;2;111;102;187m██[38;2;111;102;187m██[38;2;111;102;187m██[38;2;0;0;0m██
    [38;2;0;0;0m██[38;2;111;102;187m██[38;2;111;102;187m██[38;2;111;102;187m██[38;2;111;102;187m██[38;2;74;65;140m██[38;2;74;65;140m██[38;2;111;102;187m██[38;2;111;102;187m██[38;2;111;102;187m██[38;2;111;102;187m██[38;2;111;102;187m██[38;2;111;102;187m██[38;2;0;0;0m██  
    [38;2;0;0;0m██[38;2;65;65;65m██[38;2;111;102;187m██[38;2;74;65;140m██[38;2;230;222;148m██[38;2;189;165;90m██[38;2;74;65;140m██[38;2;111;102;187m██[38;2;111;102;187m██[38;2;111;102;187m██[38;2;111;102;187m██[38;2;74;65;140m██[38;2;111;102;187m██[38;2;0;0;0m██  
      [38;2;0;0;0m██[38;2;65;65;65m██[38;2;111;102;187m██[38;2;74;65;140m██[38;2;230;222;148m██[38;2;230;222;148m██[38;2;111;102;187m██[38;2;74;65;140m██[38;2;111;102;187m██[38;2;111;102;187m██[38;2;74;65;140m██[38;2;0;0;0m██    
    [38;2;0;0;0m██[38;2;189;165;90m██[38;2;189;165;90m██[38;2;65;65;65m██[38;2;111;102;187m██[38;2;111;102;187m██[38;2;111;102;187m██[38;2;111;102;187m██[38;2;74;65;140m██[38;2;111;102;187m██[38;2;0;0;0m██[38;2;0;0;0m██      
      [38;2;0;0;0m██[38;2;0;0;0m██[38;2;0;0;0m██[38;2;0;0;0m██[38;2;111;102;187m██[38;2;111;102;187m██[38;2;74;65;140m██[38;2;189;165;90m██[38;2;0;0;0m██          
              [38;2;0;0;0m██[38;2;230;222;148m██[38;2;189;165;90m██[38;2;230;222;148m██[38;2;0;0;0m██          
                [38;2;0;0;0m██[38;2;0;0;0m██[38;2;0;0;0m██            
