                                [38;2;0;0;0m██[38;2;0;0;0m██              
                                [38;2;0;0;0m██[38;2;131;131;131m██[38;2;0;0;0m██            
                          [38;2;0;0;0m██[38;2;0;0;0m██  [38;2;0;0;0m██[38;2;207;88;16m██[38;2;131;131;131m██[38;2;0;0;0m██  [38;2;0;0;0m██[38;2;0;0;0m██[38;2;0;0;0m██[38;2;0;0;0m██
                      [38;2;0;0;0m██[38;2;0;0;0m██[38;2;131;131;131m██[38;2;0;0;0m██  [38;2;0;0;0m██[38;2;207;88;16m██[38;2;207;88;16m██[38;2;131;131;131m██[38;2;0;0;0m██[38;2;131;131;131m██[38;2;131;131;131m██[38;2;131;131;131m██[38;2;0;0;0m██
                    [38;2;0;0;0m██[38;2;131;131;131m██[38;2;231;112;40m██[38;2;131;131;131m██[38;2;0;0;0m██    [38;2;0;0;0m██[38;2;207;88;16m██[38;2;131;131;131m██[38;2;0;0;0m██[38;2;231;112;40m██[38;2;231;112;40m██[38;2;131;131;131m██[38;2;0;0;0m██
                  [38;2;0;0;0m██[38;2;131;131;131m██[38;2;231;112;40m██[38;2;231;112;40m██[38;2;131;131;131m██[38;2;0;0;0m██      [38;2;0;0;0m██[38;2;247;247;165m██[38;2;231;112;40m██[38;2;231;112;40m██[38;2;131;131;131m██[38;2;0;0;0m██  
                [38;2;0;0;0m██[38;2;131;131;131m██[38;2;231;112;40m██[38;2;231;112;40m██[38;2;231;112;40m██[38;2;131;131;131m██[38;2;0;0;0m██    [38;2;0;0;0m██[38;2;247;247;165m██[38;2;0;0;0m██[38;2;0;0;0m██[38;2;0;0;0m██[38;2;0;0;0m██    
                [38;2;0;0;0m██[38;2;131;131;131m██[38;2;231;112;40m██[38;2;231;112;40m██[38;2;231;112;40m██[38;2;131;131;131m██[38;2;0;0;0m██  [38;2;0;0;0m██[38;2;0;0;0m██[38;2;0;0;0m██[38;2;131;131;131m██[38;2;131;131;131m██[38;2;131;131;131m██[38;2;0;0;0m██    
                [38;2;0;0;0m██[38;2;131;131;131m██[38;2;231;112;40m██[38;2;231;112;40m██[38;2;131;131;131m██[38;2;0;0;0m██  [38;2;0;0;0m██[38;2;131;131;131m██[38;2;131;131;131m██[38;2;131;131;131m██[38;2;253;134;62m██[38;2;253;134;62m██[38;2;131;131;131m██[38;2;0;0;0m██    
                [38;2;0;0;0m██[38;2;131;131;131m██[38;2;231;112;40m██[38;2;131;131;131m██[38;2;0;0;0m██  [38;2;0;0;0m██[38;2;131;131;131m██[38;2;231;112;40m██[38;2;253;134;62m██[38;2;253;134;62m██[38;2;253;134;62m██[38;2;131;131;131m██[38;2;0;0;0m██      
            [38;2;0;0;0m██[38;2;0;0;0m██[38;2;0;0;0m██[38;2;65;65;65m██[38;2;131;131;131m██[38;2;65;65;65m██[38;2;0;0;0m██[38;2;0;0;0m██[38;2;131;131;131m██[38;2;253;134;62m██[38;2;253;134;62m██[38;2;253;134;62m██[38;2;253;134;62m██[38;2;231;112;40m██[38;2;131;131;131m██[38;2;0;0;0m██      
        [38;2;0;0;0m██[38;2;0;0;0m██[38;2;65;65;65m██[38;2;197;197;107m██[38;2;247;247;165m██[38;2;247;247;165m██[38;2;65;65;65m██[38;2;197;197;107m██[38;2;65;65;65m██[38;2;131;131;131m██[38;2;231;112;40m██[38;2;253;134;62m██[38;2;253;134;62m██[38;2;253;134;62m██[38;2;253;134;62m██[38;2;131;131;131m██[38;2;0;0;0m██        
  [38;2;0;0;0m██[38;2;0;0;0m██[38;2;0;0;0m██[38;2;197;197;107m██[38;2;197;197;107m██[38;2;197;197;107m██[38;2;247;247;165m██[38;2;247;247;165m██[38;2;247;247;165m██[38;2;247;247;165m██[38;2;65;65;65m██[38;2;131;131;131m██[38;2;255;255;255m██[38;2;255;255;255m██[38;2;131;131;131m██[38;2;131;131;131m██[38;2;131;131;131m██[38;2;131;131;131m██[38;2;131;131;131m██[38;2;0;0;0m██        
[38;2;0;0;0m██[38;2;197;197;107m██[38;2;197;197;107m██[38;2;197;197;107m██[38;2;65;65;65m██[38;2;65;65;65m██[38;2;247;247;165m██[38;2;247;247;165m██[38;2;197;197;107m██[38;2;65;65;65m██[38;2;65;65;65m██[38;2;65;65;65m██[38;2;255;255;255m██[38;2;255;255;255m██[38;2;65;65;65m██[38;2;65;65;65m██[38;2;65;65;65m██[38;2;65;65;65m██[38;2;0;0;0m██[38;2;0;0;0m██          
  [38;2;0;0;0m██[38;2;0;0;0m██[38;2;65;65;65m██[38;2;65;65;65m██[38;2;247;247;165m██[38;2;247;247;165m██[38;2;65;65;65m██[38;2;65;65;65m██[38;2;255;255;255m██[38;2;0;0;0m██[38;2;231;112;40m██[38;2;65;65;65m██[38;2;197;197;107m██[38;2;197;197;107m██[38;2;197;197;107m██[38;2;0;0;0m██[38;2;0;0;0m██              
    [38;2;0;0;0m██[38;2;247;247;165m██[38;2;247;247;165m██[38;2;65;65;65m██[38;2;65;65;65m██[38;2;65;65;65m██[38;2;231;112;40m██[38;2;0;0;0m██[38;2;0;0;0m██[38;2;231;112;40m██[38;2;65;65;65m██[38;2;65;65;65m██[38;2;197;197;107m██[38;2;0;0;0m██  [38;2;0;0;0m██[38;2;0;0;0m██[38;2;0;0;0m██          
      [38;2;0;0;0m██[38;2;65;65;65m██[38;2;197;197;107m██[38;2;197;197;107m██[38;2;65;65;65m██[38;2;207;88;16m██[38;2;231;112;40m██[38;2;231;112;40m██[38;2;65;65;65m██[38;2;0;0;0m██[38;2;0;0;0m██[38;2;0;0;0m██  [38;2;0;0;0m██[38;2;0;0;0m██              
        [38;2;0;0;0m██[38;2;0;0;0m██[38;2;197;197;107m██[38;2;197;197;107m██[38;2;65;65;65m██[38;2;65;65;65m██[38;2;0;0;0m██[38;2;0;0;0m██    [38;2;0;0;0m██                    
            [38;2;0;0;0m██[38;2;0;0;0m██[38;2;0;0;0m██[38;2;0;0;0m██      [38;2;0;0;0m██[38;2;0;0;0m██[38;2;0;0;0m██[38;2;0;0;0m██                
                        [38;2;0;0;0m██[38;2;0;0;0m██                      
