          [38;2;0;0;0m██[38;2;0;0;0m██                                      
          [38;2;0;0;0m██[38;2;0;0;0m██[38;2;0;0;0m██        [38;2;0;0;0m██[38;2;0;0;0m██                        
[38;2;0;0;0m██[38;2;0;0;0m██[38;2;0;0;0m██    [38;2;0;0;0m██[38;2;222;199;130m██[38;2;0;0;0m██      [38;2;0;0;0m██[38;2;65;65;65m██[38;2;0;0;0m██[38;2;0;0;0m██                      
[38;2;0;0;0m██[38;2;0;0;0m██[38;2;222;199;130m██[38;2;0;0;0m██    [38;2;0;0;0m██[38;2;0;0;0m██      [38;2;0;0;0m██[38;2;181;189;181m██[38;2;65;65;65m██[38;2;0;0;0m██                      
  [38;2;0;0;0m██[38;2;0;0;0m██[38;2;0;0;0m██      [38;2;0;0;0m██      [38;2;0;0;0m██[38;2;181;189;181m██[38;2;65;65;65m██[38;2;0;0;0m██                      
        [38;2;0;0;0m██      [38;2;0;0;0m██  [38;2;0;0;0m██[38;2;206;74;66m██[38;2;181;189;181m██[38;2;115;123;115m██[38;2;0;0;0m██              [38;2;0;0;0m██[38;2;0;0;0m██[38;2;0;0;0m██  
          [38;2;0;0;0m██    [38;2;0;0;0m██  [38;2;0;0;0m██[38;2;206;74;66m██[38;2;115;123;115m██[38;2;181;189;181m██[38;2;0;0;0m██          [38;2;0;0;0m██[38;2;0;0;0m██[38;2;181;189;181m██[38;2;65;65;65m██[38;2;65;65;65m██[38;2;0;0;0m██
          [38;2;0;0;0m██    [38;2;0;0;0m██  [38;2;0;0;0m██[38;2;206;74;66m██[38;2;189;66;74m██[38;2;181;189;181m██[38;2;0;0;0m██      [38;2;0;0;0m██[38;2;0;0;0m██[38;2;181;189;181m██[38;2;181;189;181m██[38;2;181;189;181m██[38;2;65;65;65m██[38;2;65;65;65m██[38;2;0;0;0m██
            [38;2;0;0;0m██  [38;2;0;0;0m██  [38;2;0;0;0m██[38;2;189;66;74m██[38;2;206;74;66m██[38;2;0;0;0m██      [38;2;0;0;0m██[38;2;115;123;115m██[38;2;181;189;181m██[38;2;181;189;181m██[38;2;115;123;115m██[38;2;65;65;65m██[38;2;65;65;65m██[38;2;0;0;0m██  
            [38;2;0;0;0m██[38;2;0;0;0m██[38;2;0;0;0m██[38;2;0;0;0m██[38;2;0;0;0m██[38;2;189;66;74m██[38;2;206;74;66m██[38;2;0;0;0m██    [38;2;0;0;0m██[38;2;230;82;66m██[38;2;82;107;197m██[38;2;181;189;181m██[38;2;181;189;181m██[38;2;65;65;65m██[38;2;65;65;65m██[38;2;0;0;0m██    
          [38;2;0;0;0m██[38;2;65;65;65m██[38;2;223;223;223m██[38;2;101;101;101m██[38;2;223;223;223m██[38;2;119;119;119m██[38;2;65;65;65m██[38;2;206;74;66m██[38;2;0;0;0m██  [38;2;0;0;0m██[38;2;230;82;66m██[38;2;247;255;99m██[38;2;82;107;197m██[38;2;82;107;197m██[38;2;115;123;115m██[38;2;115;123;115m██[38;2;115;123;115m██[38;2;0;0;0m██    
        [38;2;0;0;0m██[38;2;181;181;189m██[38;2;223;223;223m██[38;2;223;223;223m██[38;2;247;247;247m██[38;2;247;247;247m██[38;2;223;223;223m██[38;2;223;223;223m██[38;2;0;0;0m██  [38;2;0;0;0m██[38;2;230;82;66m██[38;2;230;82;66m██[38;2;189;66;74m██[38;2;247;255;99m██[38;2;82;107;197m██[38;2;181;189;181m██[38;2;181;189;181m██[38;2;65;65;65m██[38;2;65;65;65m██[38;2;0;0;0m██  
      [38;2;0;0;0m██[38;2;181;181;189m██[38;2;0;0;0m██[38;2;223;223;223m██[38;2;247;247;247m██[38;2;166;166;166m██[38;2;65;65;65m██[38;2;166;166;166m██[38;2;223;223;223m██[38;2;119;119;119m██[38;2;0;0;0m██[38;2;230;82;66m██[38;2;189;66;74m██[38;2;189;66;74m██[38;2;82;107;197m██[38;2;247;255;99m██[38;2;82;107;197m██[38;2;181;189;181m██[38;2;181;189;181m██[38;2;65;65;65m██[38;2;65;65;65m██[38;2;0;0;0m██  
      [38;2;0;0;0m██[38;2;166;166;166m██[38;2;65;65;65m██[38;2;247;247;247m██[38;2;166;166;166m██[38;2;65;65;65m██[38;2;255;255;255m██[38;2;65;65;65m██[38;2;166;166;166m██[38;2;223;223;223m██[38;2;65;65;65m██[38;2;189;66;74m██[38;2;230;82;66m██[38;2;230;82;66m██[38;2;230;82;66m██[38;2;189;66;74m██[38;2;82;107;197m██[38;2;115;123;115m██[38;2;115;123;115m██[38;2;115;123;115m██[38;2;65;65;65m██[38;2;0;0;0m██  
      [38;2;0;0;0m██[38;2;65;65;65m██[38;2;223;223;223m██[38;2;247;247;247m██[38;2;65;65;65m██[38;2;255;255;255m██[38;2;0;0;0m██[38;2;255;255;255m██[38;2;65;65;65m██[38;2;247;247;249m██[38;2;65;65;65m██[38;2;230;82;66m██[38;2;189;66;74m██[38;2;189;66;74m██[38;2;189;66;74m██[38;2;230;82;66m██[38;2;181;189;181m██[38;2;181;189;181m██[38;2;65;65;65m██[38;2;65;65;65m██[38;2;0;0;0m██    
        [38;2;0;0;0m██[38;2;65;65;65m██[38;2;247;247;249m██[38;2;247;247;249m██[38;2;65;65;65m██[38;2;65;65;65m██[38;2;65;65;65m██[38;2;247;247;249m██[38;2;65;65;65m██[38;2;230;82;66m██[38;2;189;66;74m██[38;2;230;82;66m██[38;2;230;82;66m██[38;2;230;82;66m██[38;2;230;82;66m██[38;2;181;189;181m██[38;2;181;189;181m██[38;2;65;65;65m██[38;2;65;65;65m██[38;2;0;0;0m██    
          [38;2;0;0;0m██[38;2;0;0;0m██[38;2;123;123;123m██[38;2;247;247;249m██[38;2;247;247;249m██[38;2;247;247;249m██[38;2;65;65;65m██[38;2;206;74;66m██[38;2;65;65;65m██[38;2;65;65;65m██[38;2;65;65;65m██[38;2;230;82;66m██[38;2;230;82;66m██[38;2;181;189;181m██[38;2;181;189;181m██[38;2;65;65;65m██[38;2;0;0;0m██[38;2;0;0;0m██      
              [38;2;0;0;0m██[38;2;0;0;0m██[38;2;65;65;65m██[38;2;65;65;65m██[38;2;189;66;74m██[38;2;65;65;65m██[38;2;206;74;66m██[38;2;230;82;66m██[38;2;230;82;66m██[38;2;65;65;65m██[38;2;65;65;65m██[38;2;65;65;65m██[38;2;65;65;65m██[38;2;0;0;0m██          
                  [38;2;0;0;0m██[38;2;247;247;249m██[38;2;166;166;166m██[38;2;65;65;65m██[38;2;189;66;74m██[38;2;189;66;74m██[38;2;230;82;66m██[38;2;230;82;66m██[38;2;230;82;66m██[38;2;82;107;197m██[38;2;181;189;181m██[38;2;65;65;65m██[38;2;0;0;0m██        
                  [38;2;0;0;0m██[38;2;65;65;65m██[38;2;247;247;249m██[38;2;247;247;249m██[38;2;65;65;65m██[38;2;230;82;66m██[38;2;189;66;74m██[38;2;189;66;74m██[38;2;82;107;197m██[38;2;181;189;181m██[38;2;181;189;181m██[38;2;65;65;65m██[38;2;0;0;0m██        
                [38;2;0;0;0m██[38;2;222;199;130m██[38;2;0;0;0m██[38;2;65;65;65m██[38;2;65;65;65m██[38;2;223;223;223m██[38;2;0;0;0m██[38;2;82;107;197m██[38;2;82;107;197m██[38;2;115;123;115m██[38;2;115;123;115m██[38;2;65;65;65m██[38;2;65;65;65m██[38;2;0;0;0m██        
              [38;2;0;0;0m██[38;2;65;65;65m██[38;2;0;0;0m██  [38;2;0;0;0m██[38;2;222;199;130m██[38;2;0;0;0m██  [38;2;0;0;0m██[38;2;181;189;181m██[38;2;181;189;181m██[38;2;65;65;65m██[38;2;65;65;65m██[38;2;0;0;0m██          
              [38;2;0;0;0m██[38;2;0;0;0m██    [38;2;0;0;0m██[38;2;65;65;65m██[38;2;0;0;0m██    [38;2;0;0;0m██[38;2;0;0;0m██[38;2;0;0;0m██[38;2;0;0;0m██            
                      [38;2;0;0;0m██[38;2;65;65;65m██[38;2;0;0;0m██                        
                        [38;2;0;0;0m██                          
