          [38;2;7;7;7m██[38;2;7;7;7m██[38;2;7;7;7m██[38;2;7;7;7m██          
      [38;2;7;7;7m██[38;2;7;7;7m██[38;2;124;118;121m██[38;2;90;88;89m██[38;2;90;88;89m██[38;2;124;118;121m██[38;2;7;7;7m██[38;2;7;7;7m██      
    [38;2;7;7;7m██[38;2;124;118;121m██[38;2;124;118;121m██[38;2;90;88;89m██[38;2;65;65;65m██[38;2;124;118;121m██[38;2;124;118;121m██[38;2;124;118;121m██[38;2;124;118;121m██[38;2;7;7;7m██    
  [38;2;7;7;7m██[38;2;65;58;61m██[38;2;124;118;121m██[38;2;124;118;121m██[38;2;124;118;121m██[38;2;124;118;121m██[38;2;124;118;121m██[38;2;124;118;121m██[38;2;124;118;121m██[38;2;124;118;121m██[38;2;124;118;121m██[38;2;7;7;7m██  
[38;2;7;7;7m██[38;2;124;118;121m██[38;2;90;88;89m██[38;2;65;58;61m██[38;2;124;118;121m██[38;2;124;118;121m██[38;2;65;58;61m██[38;2;65;58;61m██[38;2;65;58;61m██[38;2;65;58;61m██[38;2;124;118;121m██[38;2;124;118;121m██[38;2;7;7;7m██  
[38;2;7;7;7m██[38;2;189;189;189m██[38;2;124;118;121m██[38;2;90;88;89m██[38;2;90;88;89m██[38;2;65;58;61m██[38;2;90;88;89m██[38;2;90;88;89m██[38;2;90;88;89m██[38;2;124;118;121m██[38;2;65;58;61m██[38;2;90;88;89m██[38;2;90;88;89m██[38;2;7;7;7m██
[38;2;7;7;7m██[38;2;248;248;248m██[38;2;7;7;7m██[38;2;65;58;61m██[38;2;90;88;89m██[38;2;90;88;89m██[38;2;189;189;189m██[38;2;248;248;248m██[38;2;189;189;189m██[38;2;65;58;61m██[38;2;90;88;89m██[38;2;90;88;89m██[38;2;90;88;89m██[38;2;7;7;7m██
[38;2;7;7;7m██[38;2;124;118;121m██[38;2;7;7;7m██[38;2;124;118;121m██[38;2;65;58;61m██[38;2;189;189;189m██[38;2;7;7;7m██[38;2;248;248;248m██[38;2;248;248;248m██[38;2;189;189;189m██[38;2;90;88;89m██[38;2;90;88;89m██[38;2;65;65;65m██[38;2;7;7;7m██
[38;2;7;7;7m██[38;2;65;65;65m██[38;2;124;118;121m██[38;2;124;118;121m██[38;2;124;118;121m██[38;2;65;58;61m██[38;2;7;7;7m██[38;2;124;118;121m██[38;2;248;248;248m██[38;2;90;88;89m██[38;2;90;88;89m██[38;2;65;65;65m██[38;2;133;97;73m██[38;2;7;7;7m██
  [38;2;7;7;7m██[38;2;65;65;65m██[38;2;65;65;65m██[38;2;124;118;121m██[38;2;124;118;121m██[38;2;124;118;121m██[38;2;90;88;89m██[38;2;90;88;89m██[38;2;65;65;65m██[38;2;65;65;65m██[38;2;168;137;104m██[38;2;7;7;7m██  
  [38;2;7;7;7m██[38;2;230;201;145m██[38;2;168;137;104m██[38;2;65;65;65m██[38;2;65;65;65m██[38;2;65;65;65m██[38;2;65;65;65m██[38;2;65;65;65m██[38;2;168;137;104m██[38;2;133;97;73m██[38;2;168;137;104m██[38;2;7;7;7m██  
    [38;2;7;7;7m██[38;2;230;201;145m██[38;2;230;201;145m██[38;2;133;97;73m██[38;2;168;137;104m██[38;2;168;137;104m██[38;2;133;97;73m██[38;2;133;97;73m██[38;2;168;137;104m██[38;2;7;7;7m██    
      [38;2;7;7;7m██[38;2;7;7;7m██[38;2;168;137;104m██[38;2;133;97;73m██[38;2;133;97;73m██[38;2;168;137;104m██[38;2;7;7;7m██[38;2;7;7;7m██      
          [38;2;7;7;7m██[38;2;7;7;7m██[38;2;7;7;7m██[38;2;7;7;7m██          
