                        [38;2;0;0;0m██[38;2;0;0;0m██[38;2;0;0;0m██              
                      [38;2;0;0;0m██[38;2;140;99;66m██[38;2;181;132;74m██[38;2;181;132;74m██[38;2;0;0;0m██            
        [38;2;0;0;0m██          [38;2;0;0;0m██[38;2;181;132;74m██[38;2;181;132;74m██[38;2;0;0;0m██[38;2;0;0;0m██[38;2;0;0;0m██            
      [38;2;0;0;0m██[38;2;187;194;40m██[38;2;0;0;0m██      [38;2;0;0;0m██[38;2;140;99;66m██[38;2;181;132;74m██[38;2;0;0;0m██                  
    [38;2;0;0;0m██[38;2;187;194;40m██[38;2;187;194;40m██[38;2;0;0;0m██    [38;2;0;0;0m██[38;2;65;65;65m██[38;2;140;99;66m██[38;2;140;99;66m██[38;2;65;65;65m██[38;2;0;0;0m██                
  [38;2;0;0;0m██[38;2;149;164;36m██[38;2;187;194;40m██[38;2;0;0;0m██    [38;2;0;0;0m██[38;2;0;0;0m██[38;2;247;230;90m██[38;2;65;65;65m██[38;2;65;65;65m██[38;2;219;221;72m██[38;2;0;0;0m██                
  [38;2;0;0;0m██[38;2;187;194;40m██[38;2;149;164;36m██[38;2;0;0;0m██    [38;2;0;0;0m██[38;2;247;230;90m██[38;2;179;186;32m██[38;2;247;230;90m██[38;2;247;230;90m██[38;2;179;186;32m██[38;2;247;230;90m██[38;2;0;0;0m██              
[38;2;0;0;0m██[38;2;149;164;36m██[38;2;187;194;40m██[38;2;149;164;36m██[38;2;149;164;36m██[38;2;0;0;0m██[38;2;0;0;0m██[38;2;247;230;90m██[38;2;247;230;90m██[38;2;247;230;90m██[38;2;179;186;32m██[38;2;179;186;32m██[38;2;247;230;90m██[38;2;247;230;90m██[38;2;0;0;0m██          [38;2;0;0;0m██[38;2;0;0;0m██
[38;2;0;0;0m██[38;2;149;164;36m██[38;2;149;164;36m██[38;2;149;164;36m██[38;2;149;164;36m██[38;2;149;164;36m██[38;2;65;65;65m██[38;2;247;230;90m██[38;2;247;230;90m██[38;2;247;230;90m██[38;2;247;230;90m██[38;2;247;230;90m██[38;2;247;230;90m██[38;2;247;230;90m██[38;2;247;230;90m██[38;2;0;0;0m██    [38;2;0;0;0m██[38;2;0;0;0m██[38;2;221;223;74m██[38;2;0;0;0m██
[38;2;0;0;0m██[38;2;149;164;36m██[38;2;149;164;36m██[38;2;149;164;36m██[38;2;149;164;36m██[38;2;149;164;36m██[38;2;65;65;65m██[38;2;247;230;90m██[38;2;247;230;90m██[38;2;247;230;90m██[38;2;247;230;90m██[38;2;247;230;90m██[38;2;247;230;90m██[38;2;247;230;90m██[38;2;65;65;65m██[38;2;0;0;0m██[38;2;0;0;0m██[38;2;0;0;0m██[38;2;221;223;74m██[38;2;221;223;74m██[38;2;221;223;74m██[38;2;0;0;0m██
  [38;2;0;0;0m██[38;2;149;164;36m██[38;2;149;164;36m██[38;2;149;164;36m██[38;2;149;164;36m██[38;2;65;65;65m██[38;2;247;230;90m██[38;2;247;230;90m██[38;2;219;221;72m██[38;2;219;221;72m██[38;2;247;230;90m██[38;2;247;230;90m██[38;2;65;65;65m██[38;2;187;194;40m██[38;2;187;194;40m██[38;2;221;223;74m██[38;2;221;223;74m██[38;2;221;223;74m██[38;2;221;223;74m██[38;2;221;223;74m██[38;2;0;0;0m██
    [38;2;0;0;0m██[38;2;149;164;36m██[38;2;149;164;36m██[38;2;65;65;65m██[38;2;247;230;90m██[38;2;247;230;90m██[38;2;247;230;90m██[38;2;255;255;255m██[38;2;255;255;255m██[38;2;219;221;72m██[38;2;65;65;65m██[38;2;187;194;40m██[38;2;187;194;40m██[38;2;187;194;40m██[38;2;187;194;40m██[38;2;221;223;74m██[38;2;221;223;74m██[38;2;221;223;74m██[38;2;0;0;0m██  
      [38;2;0;0;0m██[38;2;0;0;0m██[38;2;65;65;65m██[38;2;247;230;90m██[38;2;247;230;90m██[38;2;219;221;72m██[38;2;0;0;0m██[38;2;255;255;255m██[38;2;255;255;255m██[38;2;65;65;65m██[38;2;187;194;40m██[38;2;187;194;40m██[38;2;187;194;40m██[38;2;187;194;40m██[38;2;221;223;74m██[38;2;221;223;74m██[38;2;221;223;74m██[38;2;0;0;0m██  
        [38;2;0;0;0m██[38;2;247;230;90m██[38;2;247;230;90m██[38;2;247;230;90m██[38;2;219;221;72m██[38;2;255;255;255m██[38;2;255;255;255m██[38;2;219;221;72m██[38;2;65;65;65m██[38;2;187;194;40m██[38;2;187;194;40m██[38;2;187;194;40m██[38;2;187;194;40m██[38;2;187;194;40m██[38;2;221;223;74m██[38;2;0;0;0m██    
      [38;2;0;0;0m██[38;2;65;65;65m██[38;2;219;221;72m██[38;2;247;230;90m██[38;2;247;230;90m██[38;2;247;230;90m██[38;2;219;221;72m██[38;2;219;221;72m██[38;2;219;221;72m██[38;2;219;221;72m██[38;2;65;65;65m██[38;2;187;194;40m██[38;2;187;194;40m██[38;2;187;194;40m██[38;2;0;0;0m██[38;2;0;0;0m██      
      [38;2;0;0;0m██[38;2;255;197;209m██[38;2;65;65;65m██[38;2;219;221;72m██[38;2;247;230;90m██[38;2;219;221;72m██[38;2;219;221;72m██[38;2;219;221;72m██[38;2;219;221;72m██[38;2;65;65;65m██[38;2;65;65;65m██[38;2;65;65;65m██[38;2;0;0;0m██[38;2;0;0;0m██          
      [38;2;0;0;0m██[38;2;255;197;209m██[38;2;255;197;209m██[38;2;65;65;65m██[38;2;65;65;65m██[38;2;65;65;65m██[38;2;65;65;65m██[38;2;65;65;65m██[38;2;65;65;65m██[38;2;226;177;183m██[38;2;226;177;183m██[38;2;0;0;0m██              
        [38;2;0;0;0m██[38;2;255;197;209m██[38;2;255;197;209m██[38;2;255;197;209m██[38;2;255;197;209m██[38;2;255;197;209m██[38;2;226;177;183m██[38;2;226;177;183m██[38;2;226;177;183m██[38;2;0;0;0m██                
          [38;2;0;0;0m██[38;2;0;0;0m██[38;2;226;177;183m██[38;2;226;177;183m██[38;2;226;177;183m██[38;2;226;177;183m██[38;2;0;0;0m██[38;2;0;0;0m██                  
              [38;2;0;0;0m██[38;2;0;0;0m██[38;2;0;0;0m██[38;2;0;0;0m██                      
