        [38;2;0;0;0m██[38;2;0;0;0m██[38;2;0;0;0m██                    
    [38;2;0;0;0m██[38;2;0;0;0m██[38;2;255;188;240m██[38;2;255;188;240m██[38;2;255;188;240m██[38;2;0;0;0m██                  
  [38;2;0;0;0m██[38;2;170;255;133m██[38;2;170;255;133m██[38;2;170;255;133m██[38;2;255;188;240m██[38;2;255;188;240m██[38;2;255;188;240m██[38;2;0;0;0m██    [38;2;0;0;0m██[38;2;0;0;0m██[38;2;0;0;0m██      
[38;2;0;0;0m██[38;2;170;255;133m██[38;2;170;255;133m██[38;2;170;255;133m██[38;2;170;255;133m██[38;2;111;212;100m██[38;2;132;115;128m██[38;2;255;188;240m██[38;2;65;65;65m██[38;2;0;0;0m██[38;2;0;0;0m██[38;2;202;121;184m██[38;2;255;188;240m██[38;2;255;188;240m██[38;2;0;0;0m██    
[38;2;0;0;0m██[38;2;170;255;133m██[38;2;170;255;133m██[38;2;170;255;133m██[38;2;111;212;100m██[38;2;111;212;100m██[38;2;65;65;65m██[38;2;240;159;222m██[38;2;240;159;222m██[38;2;240;159;222m██[38;2;132;115;128m██[38;2;111;212;100m██[38;2;170;255;133m██[38;2;255;188;240m██[38;2;255;188;240m██[38;2;0;0;0m██  
  [38;2;0;0;0m██[38;2;111;212;100m██[38;2;111;212;100m██[38;2;111;212;100m██[38;2;0;0;0m██[38;2;240;159;222m██[38;2;255;188;240m██[38;2;255;188;240m██[38;2;255;188;240m██[38;2;65;65;65m██[38;2;170;255;133m██[38;2;170;255;133m██[38;2;170;255;133m██[38;2;255;188;240m██[38;2;255;188;240m██[38;2;0;0;0m██
    [38;2;0;0;0m██[38;2;0;0;0m██[38;2;0;0;0m██[38;2;240;159;222m██[38;2;255;188;240m██[38;2;255;188;240m██[38;2;255;188;240m██[38;2;255;188;240m██[38;2;65;65;65m██[38;2;170;255;133m██[38;2;170;255;133m██[38;2;170;255;133m██[38;2;170;255;133m██[38;2;255;188;240m██[38;2;0;0;0m██
        [38;2;0;0;0m██[38;2;255;188;240m██[38;2;255;188;240m██[38;2;255;188;240m██[38;2;255;188;240m██[38;2;255;188;240m██[38;2;255;188;240m██[38;2;65;65;65m██[38;2;170;255;133m██[38;2;170;255;133m██[38;2;170;255;133m██[38;2;240;159;222m██[38;2;0;0;0m██
      [38;2;0;0;0m██[38;2;132;115;128m██[38;2;132;115;128m██[38;2;255;188;240m██[38;2;255;188;240m██[38;2;255;188;240m██[38;2;132;115;128m██[38;2;255;188;240m██[38;2;255;188;240m██[38;2;65;65;65m██[38;2;111;212;100m██[38;2;111;212;100m██[38;2;0;0;0m██  
      [38;2;0;0;0m██[38;2;132;115;128m██[38;2;255;188;240m██[38;2;255;188;240m██[38;2;255;188;240m██[38;2;132;115;128m██[38;2;132;115;128m██[38;2;132;115;128m██[38;2;255;188;240m██[38;2;255;188;240m██[38;2;65;65;65m██[38;2;0;0;0m██    
      [38;2;0;0;0m██[38;2;240;159;222m██[38;2;156;99;123m██[38;2;156;99;123m██[38;2;255;188;240m██[38;2;255;188;240m██[38;2;132;115;128m██[38;2;255;188;240m██[38;2;255;188;240m██[38;2;240;159;222m██[38;2;240;159;222m██[38;2;0;0;0m██    
      [38;2;0;0;0m██[38;2;202;121;184m██[38;2;240;159;222m██[38;2;156;99;123m██[38;2;156;99;123m██[38;2;240;159;222m██[38;2;240;159;222m██[38;2;202;121;184m██[38;2;240;159;222m██[38;2;240;159;222m██[38;2;202;121;184m██[38;2;0;0;0m██    
        [38;2;0;0;0m██[38;2;240;159;222m██[38;2;240;159;222m██[38;2;240;159;222m██[38;2;240;159;222m██[38;2;132;115;128m██[38;2;255;188;240m██[38;2;240;159;222m██[38;2;202;121;184m██[38;2;132;115;128m██[38;2;0;0;0m██    
          [38;2;0;0;0m██[38;2;170;255;133m██[38;2;202;121;184m██[38;2;202;121;184m██[38;2;132;115;128m██[38;2;132;115;128m██[38;2;202;121;184m██[38;2;132;115;128m██[38;2;0;0;0m██      
            [38;2;0;0;0m██[38;2;0;0;0m██[38;2;0;0;0m██[38;2;170;255;133m██[38;2;170;255;133m██[38;2;240;159;222m██[38;2;0;0;0m██        
                  [38;2;0;0;0m██[38;2;0;0;0m██[38;2;0;0;0m██          
