                                  [38;2;0;0;0m██[38;2;0;0;0m██      
                [38;2;0;0;0m██[38;2;0;0;0m██    [38;2;0;0;0m██[38;2;0;0;0m██    [38;2;0;0;0m██[38;2;248;233;187m██[38;2;0;0;0m██      
      [38;2;0;0;0m██  [38;2;0;0;0m██  [38;2;0;0;0m██[38;2;248;233;187m██[38;2;197;92;1m██[38;2;0;0;0m██[38;2;0;0;0m██[38;2;248;233;187m██[38;2;0;0;0m██  [38;2;0;0;0m██[38;2;248;233;187m██[38;2;248;233;187m██[38;2;0;0;0m██[38;2;0;0;0m██[38;2;0;0;0m██  
    [38;2;0;0;0m██[38;2;231;121;27m██[38;2;0;0;0m██[38;2;231;121;27m██[38;2;0;0;0m██[38;2;208;193;147m██[38;2;208;193;147m██[38;2;208;193;147m██[38;2;197;92;1m██[38;2;231;121;27m██[38;2;248;233;187m██[38;2;248;233;187m██[38;2;0;0;0m██[38;2;65;65;65m██[38;2;231;121;27m██[38;2;248;233;187m██[38;2;248;233;187m██[38;2;248;233;187m██[38;2;0;0;0m██  
    [38;2;0;0;0m██[38;2;231;121;27m██[38;2;197;92;1m██[38;2;65;65;65m██[38;2;65;65;65m██[38;2;208;193;147m██[38;2;197;92;1m██[38;2;65;65;65m██[38;2;65;65;65m██[38;2;231;121;27m██[38;2;231;121;27m██[38;2;231;121;27m██[38;2;248;233;187m██[38;2;248;233;187m██[38;2;65;65;65m██[38;2;231;121;27m██[38;2;231;121;27m██[38;2;248;233;187m██[38;2;0;0;0m██[38;2;0;0;0m██
    [38;2;0;0;0m██[38;2;197;92;1m██[38;2;231;121;27m██[38;2;231;121;27m██[38;2;197;92;1m██[38;2;65;65;65m██[38;2;65;65;65m██[38;2;231;121;27m██[38;2;65;65;65m██[38;2;65;65;65m██[38;2;231;121;27m██[38;2;231;121;27m██[38;2;248;233;187m██[38;2;248;233;187m██[38;2;65;65;65m██[38;2;65;65;65m██[38;2;197;92;1m██[38;2;208;193;147m██[38;2;248;233;187m██[38;2;0;0;0m██
  [38;2;0;0;0m██[38;2;231;121;27m██[38;2;231;121;27m██[38;2;231;121;27m██[38;2;231;121;27m██[38;2;231;121;27m██[38;2;65;65;65m██[38;2;231;121;27m██[38;2;231;121;27m██[38;2;231;121;27m██[38;2;65;65;65m██[38;2;231;121;27m██[38;2;197;92;1m██[38;2;197;92;1m██[38;2;248;233;187m██[38;2;248;233;187m██[38;2;65;65;65m██[38;2;197;92;1m██[38;2;0;0;0m██[38;2;0;0;0m██  
  [38;2;0;0;0m██[38;2;65;65;65m██[38;2;65;65;65m██[38;2;231;121;27m██[38;2;231;121;27m██[38;2;231;121;27m██[38;2;231;121;27m██[38;2;231;121;27m██[38;2;231;121;27m██[38;2;65;65;65m██[38;2;208;193;147m██[38;2;248;233;187m██[38;2;197;92;1m██[38;2;197;92;1m██[38;2;248;233;187m██[38;2;65;65;65m██[38;2;197;92;1m██[38;2;0;0;0m██      
  [38;2;0;0;0m██[38;2;65;65;65m██[38;2;65;65;65m██[38;2;65;65;65m██[38;2;65;65;65m██[38;2;231;121;27m██[38;2;231;121;27m██[38;2;231;121;27m██[38;2;65;65;65m██[38;2;248;233;187m██[38;2;248;233;187m██[38;2;197;92;1m██[38;2;197;92;1m██[38;2;208;193;147m██[38;2;208;193;147m██[38;2;208;193;147m██[38;2;0;0;0m██        
[38;2;0;0;0m██[38;2;231;121;27m██[38;2;231;121;27m██[38;2;65;65;65m██[38;2;65;65;65m██[38;2;255;255;255m██[38;2;65;65;65m██[38;2;231;121;27m██[38;2;231;121;27m██[38;2;231;121;27m██[38;2;65;65;65m██[38;2;208;193;147m██[38;2;197;92;1m██[38;2;197;92;1m██[38;2;197;92;1m██[38;2;208;193;147m██[38;2;0;0;0m██          
[38;2;0;0;0m██[38;2;65;65;65m██[38;2;231;121;27m██[38;2;65;65;65m██[38;2;65;65;65m██[38;2;181;82;8m██[38;2;65;65;65m██[38;2;231;121;27m██[38;2;231;121;27m██[38;2;65;65;65m██[38;2;208;193;147m██[38;2;208;193;147m██[38;2;208;193;147m██[38;2;65;65;65m██[38;2;65;65;65m██[38;2;197;92;1m██[38;2;0;0;0m██          
[38;2;0;0;0m██[38;2;197;92;1m██[38;2;231;121;27m██[38;2;231;121;27m██[38;2;65;65;65m██[38;2;65;65;65m██[38;2;231;121;27m██[38;2;231;121;27m██[38;2;231;121;27m██[38;2;231;121;27m██[38;2;65;65;65m██[38;2;208;193;147m██[38;2;197;92;1m██[38;2;0;0;0m██[38;2;189;189;181m██[38;2;231;121;27m██[38;2;0;0;0m██          
  [38;2;0;0;0m██[38;2;0;0;0m██[38;2;197;92;1m██[38;2;231;121;27m██[38;2;231;121;27m██[38;2;231;121;27m██[38;2;197;92;1m██[38;2;65;65;65m██[38;2;65;65;65m██[38;2;197;92;1m██[38;2;0;0;0m██[38;2;0;0;0m██  [38;2;0;0;0m██[38;2;0;0;0m██            
      [38;2;0;0;0m██[38;2;0;0;0m██[38;2;0;0;0m██[38;2;0;0;0m██[38;2;65;65;65m██[38;2;208;193;147m██[38;2;208;193;147m██[38;2;0;0;0m██                      
            [38;2;0;0;0m██[38;2;255;255;255m██[38;2;208;193;147m██[38;2;0;0;0m██                        
              [38;2;0;0;0m██[38;2;0;0;0m██                          
