  [38;2;0;0;0m██[38;2;0;0;0m██                                    
  [38;2;0;0;0m██[38;2;91;149;5m██[38;2;0;0;0m██                                  
  [38;2;0;0;0m██[38;2;159;114;50m██[38;2;91;149;5m██[38;2;0;0;0m██                [38;2;0;0;0m██[38;2;0;0;0m██[38;2;0;0;0m██          
  [38;2;0;0;0m██[38;2;159;114;50m██[38;2;91;149;5m██[38;2;0;0;0m██              [38;2;0;0;0m██[38;2;136;194;50m██[38;2;136;194;50m██[38;2;136;194;50m██[38;2;0;0;0m██[38;2;0;0;0m██      
    [38;2;0;0;0m██[38;2;65;65;65m██[38;2;65;65;65m██[38;2;0;0;0m██    [38;2;0;0;0m██[38;2;0;0;0m██[38;2;0;0;0m██[38;2;0;0;0m██[38;2;65;65;65m██[38;2;136;194;50m██[38;2;91;149;5m██[38;2;91;149;5m██[38;2;91;149;5m██[38;2;91;149;5m██[38;2;0;0;0m██    
  [38;2;0;0;0m██[38;2;136;194;50m██[38;2;136;194;50m██[38;2;136;194;50m██[38;2;136;194;50m██[38;2;0;0;0m██[38;2;0;0;0m██[38;2;91;149;5m██[38;2;136;194;50m██[38;2;136;194;50m██[38;2;136;194;50m██[38;2;65;65;65m██[38;2;136;194;50m██[38;2;91;149;5m██[38;2;159;114;50m██[38;2;91;149;5m██[38;2;91;149;5m██[38;2;0;0;0m██    
[38;2;0;0;0m██[38;2;136;194;50m██[38;2;136;194;50m██[38;2;136;194;50m██[38;2;136;194;50m██[38;2;65;65;65m██[38;2;65;65;65m██[38;2;136;194;50m██[38;2;136;194;50m██[38;2;205;164;95m██[38;2;205;164;95m██[38;2;65;65;65m██[38;2;136;194;50m██[38;2;91;149;5m██[38;2;159;114;50m██[38;2;159;114;50m██[38;2;205;164;95m██[38;2;91;149;5m██[38;2;91;149;5m██[38;2;0;0;0m██  
[38;2;0;0;0m██[38;2;91;149;5m██[38;2;136;194;50m██[38;2;136;194;50m██[38;2;136;194;50m██[38;2;136;194;50m██[38;2;136;194;50m██[38;2;136;194;50m██[38;2;159;114;50m██[38;2;159;114;50m██[38;2;65;65;65m██[38;2;136;194;50m██[38;2;91;149;5m██[38;2;91;149;5m██[38;2;159;114;50m██[38;2;205;164;95m██[38;2;205;164;95m██[38;2;205;164;95m██[38;2;91;149;5m██[38;2;0;0;0m██  
[38;2;0;0;0m██[38;2;255;255;255m██[38;2;0;0;0m██[38;2;0;0;0m██[38;2;91;149;5m██[38;2;136;194;50m██[38;2;136;194;50m██[38;2;91;149;5m██[38;2;65;65;65m██[38;2;65;65;65m██[38;2;91;149;5m██[38;2;91;149;5m██[38;2;159;114;50m██[38;2;91;149;5m██[38;2;91;149;5m██[38;2;205;164;95m██[38;2;205;164;95m██[38;2;0;0;0m██[38;2;0;0;0m██[38;2;91;149;5m██[38;2;0;0;0m██
  [38;2;0;0;0m██[38;2;0;0;0m██[38;2;0;0;0m██[38;2;255;255;255m██[38;2;0;0;0m██[38;2;91;149;5m██[38;2;91;149;5m██[38;2;91;149;5m██[38;2;91;149;5m██[38;2;91;149;5m██[38;2;159;114;50m██[38;2;205;164;95m██[38;2;205;164;95m██[38;2;91;149;5m██[38;2;91;149;5m██[38;2;0;0;0m██    [38;2;0;0;0m██[38;2;0;0;0m██
    [38;2;0;0;0m██[38;2;0;0;0m██[38;2;0;0;0m██[38;2;0;0;0m██[38;2;0;0;0m██[38;2;91;149;5m██[38;2;91;149;5m██[38;2;159;114;50m██[38;2;159;114;50m██[38;2;65;65;65m██[38;2;65;65;65m██[38;2;205;164;95m██[38;2;205;164;95m██[38;2;0;0;0m██          
    [38;2;0;0;0m██[38;2;206;206;197m██[38;2;0;0;0m██[38;2;0;0;0m██[38;2;0;0;0m██[38;2;136;194;50m██[38;2;91;149;5m██[38;2;91;149;5m██[38;2;65;65;65m██[38;2;91;149;5m██[38;2;91;149;5m██[38;2;0;0;0m██[38;2;91;149;5m██[38;2;0;0;0m██          
      [38;2;0;0;0m██[38;2;136;194;50m██[38;2;91;149;5m██[38;2;206;206;197m██[38;2;91;149;5m██[38;2;65;65;65m██[38;2;91;149;5m██[38;2;91;149;5m██[38;2;91;149;5m██[38;2;0;0;0m██  [38;2;0;0;0m██[38;2;0;0;0m██          
        [38;2;0;0;0m██[38;2;0;0;0m██[38;2;0;0;0m██[38;2;65;65;65m██[38;2;91;149;5m██[38;2;91;149;5m██[38;2;91;149;5m██[38;2;0;0;0m██[38;2;0;0;0m██                
              [38;2;0;0;0m██[38;2;0;0;0m██[38;2;0;0;0m██[38;2;0;0;0m██  [38;2;0;0;0m██[38;2;0;0;0m██              
                  [38;2;0;0;0m██      [38;2;0;0;0m██              
                  [38;2;0;0;0m██      [38;2;0;0;0m██              
                          [38;2;0;0;0m██[38;2;0;0;0m██            
                            [38;2;0;0;0m██            
                            [38;2;0;0;0m██            
