                [38;2;0;0;0m██[38;2;0;0;0m██                                    
              [38;2;0;0;0m██[38;2;177;188;187m██[38;2;0;0;0m██                                    
            [38;2;0;0;0m██[38;2;177;188;187m██[38;2;0;0;0m██            [38;2;0;0;0m██[38;2;0;0;0m██                      
            [38;2;0;0;0m██[38;2;102;101;111m██          [38;2;0;0;0m██[38;2;0;0;0m██[38;2;177;188;187m██[38;2;177;188;187m██[38;2;0;0;0m██                    
          [38;2;0;0;0m██[38;2;102;101;111m██[38;2;0;0;0m██        [38;2;0;0;0m██[38;2;177;188;187m██[38;2;177;188;187m██[38;2;177;188;187m██[38;2;0;0;0m██                      
          [38;2;0;0;0m██[38;2;177;188;187m██[38;2;177;188;187m██[38;2;0;0;0m██[38;2;0;0;0m██    [38;2;0;0;0m██[38;2;177;188;187m██[38;2;102;101;111m██[38;2;0;0;0m██                  [38;2;0;0;0m██[38;2;0;0;0m██  
        [38;2;0;0;0m██[38;2;234;234;234m██[38;2;234;234;234m██[38;2;234;234;234m██[38;2;234;234;234m██[38;2;234;234;234m██[38;2;0;0;0m██[38;2;0;0;0m██[38;2;234;234;234m██[38;2;177;188;187m██[38;2;0;0;0m██            [38;2;0;0;0m██[38;2;0;0;0m██[38;2;0;0;0m██[38;2;0;0;0m██[38;2;8;172;126m██[38;2;8;172;126m██[38;2;0;0;0m██
      [38;2;0;0;0m██[38;2;234;234;234m██[38;2;234;234;234m██[38;2;8;172;126m██[38;2;234;234;234m██[38;2;234;234;234m██[38;2;177;188;187m██[38;2;234;234;234m██[38;2;234;234;234m██[38;2;234;234;234m██[38;2;0;0;0m██            [38;2;0;0;0m██[38;2;60;100;96m██[38;2;40;139;129m██[38;2;40;139;129m██[38;2;8;172;126m██[38;2;0;0;0m██[38;2;0;0;0m██  
      [38;2;0;0;0m██[38;2;234;234;234m██[38;2;8;172;126m██[38;2;128;127;130m██[38;2;128;127;130m██[38;2;234;234;234m██[38;2;234;234;234m██[38;2;234;234;234m██[38;2;0;0;0m██[38;2;0;0;0m██              [38;2;0;0;0m██[38;2;40;139;129m██[38;2;60;100;96m██[38;2;0;0;0m██[38;2;0;0;0m██      
    [38;2;0;0;0m██[38;2;170;170;167m██[38;2;234;234;234m██[38;2;128;127;130m██[38;2;246;253;205m██[38;2;246;253;205m██[38;2;128;127;130m██[38;2;234;234;234m██[38;2;0;0;0m██[38;2;0;0;0m██      [38;2;0;0;0m██[38;2;0;0;0m██    [38;2;0;0;0m██[38;2;0;0;0m██[38;2;40;139;129m██[38;2;0;0;0m██          
  [38;2;0;0;0m██[38;2;234;234;234m██[38;2;234;234;234m██[38;2;234;234;234m██[38;2;8;172;126m██[38;2;128;127;130m██[38;2;128;127;130m██[38;2;234;234;234m██[38;2;234;234;234m██[38;2;0;0;0m██    [38;2;0;0;0m██[38;2;0;0;0m██[38;2;40;139;129m██[38;2;40;139;129m██[38;2;0;0;8m██[38;2;0;0;0m██[38;2;40;139;129m██[38;2;40;139;129m██[38;2;0;0;0m██            
[38;2;0;0;0m██[38;2;110;109;108m██[38;2;234;234;234m██[38;2;234;234;234m██[38;2;8;172;126m██[38;2;8;172;126m██[38;2;8;172;126m██[38;2;234;234;234m██[38;2;177;188;187m██[38;2;177;188;187m██[38;2;0;0;0m██[38;2;0;0;0m██[38;2;0;0;0m██[38;2;8;172;126m██[38;2;40;139;129m██[38;2;0;0;0m██[38;2;60;100;96m██[38;2;40;139;129m██[38;2;40;139;129m██[38;2;0;0;0m██[38;2;0;0;0m██              
[38;2;0;0;0m██[38;2;0;0;0m██[38;2;8;172;126m██[38;2;8;172;126m██[38;2;110;192;169m██[38;2;0;0;0m██[38;2;177;188;187m██[38;2;177;188;187m██[38;2;177;188;187m██[38;2;40;139;129m██[38;2;105;104;111m██[38;2;8;172;126m██[38;2;8;172;126m██[38;2;8;172;126m██[38;2;0;0;0m██  [38;2;0;0;0m██[38;2;0;0;0m██[38;2;0;0;0m██                  
  [38;2;0;0;0m██[38;2;0;0;0m██[38;2;0;0;0m██[38;2;0;0;0m██  [38;2;0;0;16m██[38;2;40;139;129m██[38;2;40;139;129m██[38;2;8;172;126m██[38;2;8;172;126m██[38;2;40;139;129m██[38;2;0;0;0m██[38;2;0;0;0m██                            
            [38;2;0;0;0m██[38;2;40;139;129m██[38;2;40;139;129m██[38;2;40;139;129m██[38;2;177;188;187m██[38;2;0;0;16m██        [38;2;0;0;0m██[38;2;0;0;0m██[38;2;0;0;0m██  [38;2;0;0;0m██[38;2;0;0;0m██[38;2;0;0;0m██          
              [38;2;0;0;0m██[38;2;246;149;139m██[38;2;40;139;129m██[38;2;40;139;129m██[38;2;177;188;187m██[38;2;0;0;0m██[38;2;0;0;0m██[38;2;0;0;0m██[38;2;0;0;0m██[38;2;234;234;234m██[38;2;234;234;234m██[38;2;234;234;234m██[38;2;0;0;0m██[38;2;0;0;0m██[38;2;0;0;0m██[38;2;0;0;0m██          
              [38;2;0;0;0m██[38;2;238;149;139m██[38;2;177;188;187m██[38;2;177;188;187m██[38;2;234;234;234m██[38;2;234;234;234m██[38;2;170;170;167m██[38;2;234;234;234m██[38;2;234;234;234m██[38;2;234;234;234m██[38;2;234;234;234m██[38;2;234;234;234m██[38;2;234;234;234m██[38;2;0;0;0m██    [38;2;0;0;0m██[38;2;0;0;0m██[38;2;0;0;0m██    
            [38;2;0;0;0m██[38;2;234;234;234m██[38;2;177;188;187m██[38;2;234;234;234m██[38;2;234;234;234m██[38;2;234;234;234m██[38;2;234;234;234m██[38;2;234;234;234m██[38;2;234;234;234m██[38;2;234;234;234m██[38;2;234;234;234m██[38;2;234;234;234m██[38;2;234;234;234m██[38;2;234;234;234m██[38;2;170;170;167m██[38;2;0;0;0m██[38;2;0;0;0m██[38;2;0;0;0m██[38;2;0;0;0m██[38;2;0;0;0m██    
            [38;2;0;0;0m██[38;2;8;172;126m██[38;2;234;234;234m██[38;2;234;234;234m██[38;2;234;234;234m██[38;2;234;234;234m██[38;2;234;234;234m██[38;2;234;234;234m██[38;2;170;170;167m██[38;2;0;0;0m██[38;2;0;0;0m██[38;2;234;234;234m██[38;2;234;234;234m██[38;2;234;234;234m██[38;2;170;170;167m██[38;2;0;0;0m██[38;2;0;0;0m██[38;2;0;0;0m██        
            [38;2;0;0;0m██[38;2;8;172;126m██[38;2;234;234;234m██[38;2;234;234;234m██[38;2;8;172;126m██[38;2;234;234;234m██[38;2;234;234;234m██[38;2;234;234;234m██[38;2;0;0;0m██    [38;2;0;0;0m██[38;2;234;234;234m██[38;2;234;234;234m██[38;2;0;0;0m██              
              [38;2;0;0;0m██[38;2;170;170;167m██[38;2;234;234;234m██[38;2;8;172;126m██[38;2;8;172;126m██[38;2;234;234;234m██[38;2;0;0;0m██[38;2;102;101;111m██[38;2;0;0;0m██  [38;2;0;0;0m██[38;2;234;234;234m██[38;2;234;234;234m██[38;2;170;170;167m██[38;2;0;0;0m██            
              [38;2;0;0;0m██[38;2;170;170;167m██[38;2;0;0;0m██[38;2;234;234;234m██[38;2;8;172;126m██[38;2;234;234;234m██[38;2;0;0;0m██[38;2;0;0;0m██[38;2;0;0;0m██    [38;2;0;0;0m██[38;2;0;0;0m██[38;2;170;170;167m██[38;2;170;170;167m██[38;2;0;0;0m██          
                [38;2;0;0;0m██[38;2;170;170;167m██[38;2;0;0;0m██[38;2;234;234;234m██[38;2;234;234;234m██[38;2;0;0;0m██            [38;2;0;0;0m██[38;2;170;170;167m██[38;2;0;0;0m██          
                [38;2;0;0;0m██[38;2;170;170;167m██[38;2;0;0;0m██[38;2;102;101;111m██[38;2;234;234;234m██[38;2;234;234;234m██[38;2;0;0;0m██        [38;2;0;0;0m██[38;2;170;170;167m██[38;2;170;170;167m██[38;2;0;0;0m██          
              [38;2;0;0;0m██[38;2;170;170;167m██[38;2;0;0;0m██  [38;2;0;0;0m██[38;2;35;138;121m██[38;2;35;138;121m██[38;2;0;0;0m██          [38;2;0;0;0m██[38;2;0;0;0m██            
              [38;2;0;0;0m██[38;2;0;0;0m██    [38;2;0;0;0m██[38;2;8;172;126m██[38;2;0;0;8m██                            
                    [38;2;0;0;0m██[38;2;35;138;121m██[38;2;8;172;126m██[38;2;0;0;0m██                            
                    [38;2;0;0;0m██[38;2;8;172;126m██[38;2;35;138;121m██[38;2;0;0;0m██                            
                      [38;2;0;0;0m██[38;2;0;0;0m██                              
